time_period_value,cardholder_location,merchant_location,cardholder_index_spend,merchant_index_spend
2019Q1,AB10,LA23,0.0037359291967993704,0.010458610735069276
2019Q2,AB10,LA23,0.016044110143336284,0.04491495789681637
2019Q3,AB10,LA23,0.016755029439235375,0.0469051530499333
2019Q4,AB10,LA23,0.006207617329359093,0.017378020251469884
2020Q1,AB10,LA23,0.002179866686495499,0.006102464989950412
2020Q3,AB10,LA23,0.007437198301500484,0.020820191683918868
2020Q4,AB10,LA23,0.007767166510626648,0.021743926817110102
2021Q2,AB10,LA23,0.007600736083293445,0.02127801031755748
2021Q3,AB10,LA23,0.014265727161510963,0.03993643331430629
2021Q4,AB10,LA23,0.012435354041538263,0.034812364052466696
2022Q1,AB10,LA23,0.0029283645472254114,0.008197860097575265
2022Q2,AB10,LA23,0.01189840671313086,0.0333091976921782
2022Q3,AB10,LA23,0.013830461489281529,0.038717921401370176
2022Q4,AB10,LA23,0.004037874902254441,0.011303897792218515
2023Q1,AB10,LA23,0.004346742295252233,0.012168561885662002
2023Q2,AB10,LA23,0.005852183508601871,0.016382994977285653
2023Q3,AB10,LA23,0.009001525513347904,0.025199474188792054
2019Q2,AB11,LA23,0.003239483219596786,0.003414551925492265
2019Q3,AB11,LA23,0.007138304784739763,0.007524074272104923
2019Q4,AB11,LA23,0.002704439618342076,0.0028505934064807104
2020Q3,AB11,LA23,0.006125083113697028,0.006456095902320349
2020Q4,AB11,LA23,0.00396186067662414,0.004175968228532096
2021Q3,AB11,LA23,0.015907943790638434,0.016767643608201228
2021Q4,AB11,LA23,0.002525405797922231,0.0026618842097345364
2022Q3,AB11,LA23,0.01091399772626066,0.011503813856970687
2022Q4,AB11,LA23,0.004749815272471941,0.005006505601337957
2023Q3,AB11,LA23,0.013844870540467069,0.014593077400792059
2019Q2,AB12,LA23,0.010601575261731774,0.013825732303065184
2019Q3,AB12,LA23,0.014483199606336325,0.01888783843018774
2019Q4,AB12,LA23,0.010747885327653979,0.014016538268664093
2020Q3,AB12,LA23,0.005934844117762178,0.007739752254439725
2021Q2,AB12,LA23,0.01880142560654428,0.024519325754389275
2021Q3,AB12,LA23,0.029524251385203624,0.03850318334990039
2021Q4,AB12,LA23,0.00920189965571737,0.012000386563197784
2022Q2,AB12,LA23,0.015795499439749974,0.020599235628265114
2022Q3,AB12,LA23,0.013468731403894292,0.01756484958648602
2023Q2,AB12,LA23,0.008047552599042019,0.010494978829308095
2023Q3,AB12,LA23,0.014426039440377328,0.01881329468235429
2021Q3,AB13,LA23,0.03072443354776024,0.002358575749830245
2019Q1,AB15,LA23,0.003442595926890505,0.009337996236843624
2019Q2,AB15,LA23,0.019960882989438454,0.05414363294382083
2019Q3,AB15,LA23,0.0171118757696212,0.04641573827875519
2019Q4,AB15,LA23,0.006870904568901075,0.01863723840109876
2020Q1,AB15,LA23,0.0019505342506979343,0.0052907985368191674
2020Q3,AB15,LA23,0.015412488530376144,0.041806172711952284
2020Q4,AB15,LA23,0.008701649531818366,0.023603110068118195
2021Q2,AB15,LA23,0.010416336960468424,0.028254177197730407
2021Q3,AB15,LA23,0.03124690510620842,0.08475681970562687
2021Q4,AB15,LA23,0.016764316240611,0.04547298762114088
2022Q1,AB15,LA23,0.004684496840773028,0.012706636154698407
2022Q2,AB15,LA23,0.017804222667888774,0.04829372014706367
2022Q3,AB15,LA23,0.02336538837510988,0.06337830908788658
2022Q4,AB15,LA23,0.006606803041680196,0.017920866477205626
2023Q1,AB15,LA23,0.0016751308414078526,0.004543770406251555
2023Q2,AB15,LA23,0.024049098929532126,0.06523286498694379
2023Q3,AB15,LA23,0.02471817567910533,0.06704772688254751
2019Q3,AB16,LA23,0.009225757409744757,0.008002643687148188
2020Q3,AB16,LA23,0.005442365842581645,0.004720838920746335
2022Q3,AB16,LA23,0.005155298194260215,0.004471829543890465
2019Q2,AB21,LA23,0.00484920471048984,0.004184066094446108
2019Q3,AB21,LA23,0.01837760515425631,0.015856850599997568
2019Q4,AB21,LA23,0.010965324799125077,0.009461271784909613
2020Q3,AB21,LA23,0.004250899544807047,0.0036678271424278384
2021Q3,AB21,LA23,0.00881637018092687,0.007607077397723544
2022Q3,AB21,LA23,0.0034723486632441893,0.0029960657834359984
2023Q3,AB21,LA23,0.014808890813066009,0.01277763708619448
2019Q2,AB22,LA23,0.00463634415783061,0.008295685209911498
2019Q3,AB22,LA23,0.008223473805323823,0.014714039272882612
2019Q4,AB22,LA23,0.00601121319305956,0.010755701190789592
2019Q2,AB24,LA23,0.009999437473698304,0.01423973569791905
2019Q3,AB24,LA23,0.01006457823887246,0.014332499644059029
2019Q4,AB24,LA23,0.001798504539956511,0.0025611670024290115
2021Q3,AB24,LA23,0.006414918361230988,0.009135188077122162
2022Q3,AB24,LA23,0.002200671337263219,0.003133874108722668
2023Q2,AB24,LA23,0.0019323401260820609,0.0027517560609052237
2023Q3,AB24,LA23,0.0009591381098246462,0.0013658641516214453
2019Q1,AB25,LA23,0.0017610345107367648,0.004947217654467512
2019Q2,AB25,LA23,0.0035959344640932906,0.010101943122981584
2019Q3,AB25,LA23,0.008293339084213725,0.023298210955980798
2019Q4,AB25,LA23,0.004001242126245205,0.011240560912391066
2020Q1,AB25,LA23,0.001688172814549816,0.004742529633016011
2020Q3,AB25,LA23,0.00837325274251838,0.02352270982797193
2020Q4,AB25,LA23,0.006953878075258034,0.019535306191437545
2021Q2,AB25,LA23,0.00473634483429594,0.013305661325212605
2021Q3,AB25,LA23,0.014419769779602312,0.04050899581585148
2021Q4,AB25,LA23,0.011206674499818759,0.03148255050957463
2022Q1,AB25,LA23,0.008062091348346635,0.022648574123504017
2022Q2,AB25,LA23,0.00829506346911112,0.02330305521505436
2022Q3,AB25,LA23,0.014405434221574715,0.04046872339340412
2022Q4,AB25,LA23,0.006385809068462438,0.01793944818738331
2023Q2,AB25,LA23,0.0035524902595141412,0.009979896715277544
2023Q3,AB25,LA23,0.005231886727048858,0.014697771238680357
2019Q1,AB31,LA23,0.020554259983235096,0.017129300084110944
2019Q2,AB31,LA23,0.01836619674972565,0.015305834205973584
2019Q3,AB31,LA23,0.018278570109525636,0.015232808807999012
2019Q4,AB31,LA23,0.010176489493962078,0.008480779287946062
2020Q1,AB31,LA23,0.0059300678062491645,0.0049419395811485575
2020Q3,AB31,LA23,0.012469791454761249,0.01039194794602714
2020Q4,AB31,LA23,0.009201144257201048,0.0076679559968271015
2021Q3,AB31,LA23,0.010379852706465893,0.008650256053146458
2021Q4,AB31,LA23,0.03541686602880485,0.029515347511463556
2022Q2,AB31,LA23,0.008818189811812045,0.007348813316965947
2022Q3,AB31,LA23,0.02537441926663389,0.02114627539170632
2022Q4,AB31,LA23,0.005267402184617715,0.004389694046762628
2023Q3,AB31,LA23,0.007290970259890287,0.0060760746233556396
2019Q3,AB32,LA23,0.01325086725977331,0.005888956078842576
2020Q3,AB32,LA23,0.01040250590501007,0.0046230861107843324
2021Q3,AB32,LA23,0.023034991767167712,0.010237220865170123
2021Q3,AB33,LA23,0.06773432553008535,0.007740836790053208
2022Q3,AB33,LA23,0.02665795091195454,0.0030465328406501092
2022Q3,AB34,LA23,0.0458939759338776,0.005919901495013979
2022Q2,AB35,LA23,0.18584863619711425,0.0066777749817164295
2019Q2,AB39,LA23,0.022237201920674268,0.020023636427002167
2019Q3,AB39,LA23,0.017875083248086225,0.016095737644460918
2019Q4,AB39,LA23,0.008881053929639594,0.007997004101958072
2020Q3,AB39,LA23,0.014311099163090224,0.012886524461788248
2020Q4,AB39,LA23,0.004321890762287881,0.0038916752930508868
2021Q2,AB39,LA23,0.006386120538728138,0.0057504247298135825
2021Q3,AB39,LA23,0.018929038438904443,0.017044778608633442
2021Q4,AB39,LA23,0.025610806015008227,0.023061420680370173
2022Q2,AB39,LA23,0.013167293609745293,0.01185657714084984
2022Q3,AB39,LA23,0.03836666686551593,0.034547520455653964
2022Q4,AB39,LA23,0.01243700849162159,0.01119898704720752
2023Q3,AB39,LA23,0.010672761694984538,0.009610359280576512
2019Q3,AB41,LA23,0.017514352699241263,0.013750465531489413
2019Q4,AB41,LA23,0.007698653003711076,0.006044189276319218
2020Q3,AB41,LA23,0.00564920298284182,0.004435172240154713
2021Q3,AB41,LA23,0.010851199652151642,0.008519244151037619
2022Q2,AB41,LA23,0.010502257164101244,0.008245290455071622
2022Q3,AB41,LA23,0.023030664679112186,0.018081305445626986
2023Q2,AB41,LA23,0.004559828295286216,0.003579907455361422
2019Q2,AB42,LA23,0.004941293720367947,0.0060748454829936925
2019Q3,AB42,LA23,0.005810695589782365,0.007143691481269051
2020Q3,AB42,LA23,0.008946493985045623,0.010998854075332652
2020Q4,AB42,LA23,0.004772094695927354,0.005866831552327507
2021Q3,AB42,LA23,0.011069333048725715,0.013608680575619968
2022Q2,AB42,LA23,0.011189130898147156,0.01375596051193106
2022Q3,AB42,LA23,0.006034941637815726,0.007419380434216623
2023Q2,AB42,LA23,0.004006964592356931,0.004926177663565927
2023Q3,AB42,LA23,0.006455616167472853,0.007936559317099913
2023Q3,AB43,LA23,0.002594590763939638,0.003051015587852509
2022Q2,AB45,LA23,0.020166225771703208,0.009120872207024176
2019Q1,AB51,LA23,0.001121377617468209,0.002642001056820668
2019Q2,AB51,LA23,0.009115040675351656,0.02147532349683729
2019Q3,AB51,LA23,0.01440964561129136,0.03394957982075325
2019Q4,AB51,LA23,0.005068831828150817,0.011942327756689287
2020Q3,AB51,LA23,0.007719709471743531,0.018187879145245327
2020Q4,AB51,LA23,0.0038537631276216507,0.009079587551337559
2021Q2,AB51,LA23,0.008422776197235353,0.019844326538906186
2021Q3,AB51,LA23,0.02116270738393987,0.04986000648005691
2021Q4,AB51,LA23,0.007270710376995784,0.017130023107853266
2022Q1,AB51,LA23,0.0028377074220647443,0.006685728242881978
2022Q2,AB51,LA23,0.0113974143800659,0.026852667975612463
2022Q3,AB51,LA23,0.015582886291443162,0.036713771890026434
2023Q2,AB51,LA23,0.007019312619892818,0.016537722058142672
2023Q3,AB51,LA23,0.011917579417040424,0.02807819321884911
2021Q3,AB53,LA23,0.006527913858330132,0.002550104739171477
2019Q3,AB54,LA23,0.02543524347848851,0.012087004807528022
2021Q3,AB54,LA23,0.045675655745680735,0.021705389651644317
2022Q3,AB54,LA23,0.010232187967984249,0.004862406969493082
2022Q3,AB55,LA23,0.013741565369901714,0.004205395294844622
2019Q3,AB56,LA23,0.0020905509186919104,0.0013558864239773946
2019Q1,AL1,LA23,0.007385671356286941,0.02773425082462629
2019Q2,AL1,LA23,0.016964091154881317,0.06370258523631821
2019Q3,AL1,LA23,0.02276783518142941,0.0854964729940228
2019Q4,AL1,LA23,0.011030900956986651,0.0414226086166502
2020Q1,AL1,LA23,0.00668248771449784,0.025093695815290272
2020Q3,AL1,LA23,0.03168839578972209,0.1189944521853214
2020Q4,AL1,LA23,0.006561551911697333,0.0246395646027375
2021Q2,AL1,LA23,0.02885798584173925,0.10836585856843213
2021Q3,AL1,LA23,0.03609393632514341,0.13553788613102846
2021Q4,AL1,LA23,0.015519542738210709,0.05827809960954361
2022Q1,AL1,LA23,0.007597660400839334,0.02853029996492337
2022Q2,AL1,LA23,0.0191049879625857,0.07174195852957638
2022Q3,AL1,LA23,0.017508735487601897,0.06574780249622589
2022Q4,AL1,LA23,0.006018505679857576,0.022600348439891112
2023Q1,AL1,LA23,0.00502514157572069,0.01887012434850084
2023Q2,AL1,LA23,0.010700171091566443,0.04018067073446283
2023Q3,AL1,LA23,0.019199583982193867,0.07209718009417944
2019Q1,AL10,LA23,0.002965001365324613,0.008682647516802505
2019Q2,AL10,LA23,0.00792707267464264,0.023213472573380595
2019Q3,AL10,LA23,0.014522304502170331,0.04252681047592513
2019Q4,AL10,LA23,0.004572360584264038,0.013389604381696249
2020Q1,AL10,LA23,0.0014496626654092776,0.004245161600672359
2020Q3,AL10,LA23,0.006938426143179646,0.02031834090437282
2020Q4,AL10,LA23,0.004666232871178335,0.013664498008527265
2021Q2,AL10,LA23,0.005335214884314289,0.015623530838350094
2021Q3,AL10,LA23,0.013914134546548822,0.040745858393836334
2021Q4,AL10,LA23,0.0069465492316580285,0.02034212838549523
2022Q1,AL10,LA23,0.002698667762235573,0.007902721805959217
2022Q2,AL10,LA23,0.00924269203503937,0.02706610458434606
2022Q3,AL10,LA23,0.007756932240890294,0.02271523691254616
2022Q4,AL10,LA23,0.002043808565542276,0.0059850459341972365
2023Q1,AL10,LA23,0.001886013251057984,0.005522961460478923
2023Q2,AL10,LA23,0.004994341451084727,0.01462532425969964
2023Q3,AL10,LA23,0.00830969730123677,0.024333942466857786
2019Q2,AL2,LA23,0.006520509192970536,0.0023686980822227605
2019Q3,AL2,LA23,0.0213982010269972,0.007773300556083489
2019Q4,AL2,LA23,0.009492265939109026,0.003448244831884493
2020Q3,AL2,LA23,0.021665899963676342,0.007870547249425867
2020Q4,AL2,LA23,0.031060440863447482,0.011283291615562326
2021Q2,AL2,LA23,0.01415739261332643,0.005142940181514215
2021Q3,AL2,LA23,0.08763010248408375,0.031833289326975274
2021Q4,AL2,LA23,0.026455820119899564,0.009610576187699208
2022Q2,AL2,LA23,0.02722129975593524,0.009888651118996443
2022Q3,AL2,LA23,0.019842163638924687,0.007208040594335755
2022Q4,AL2,LA23,0.010908980460508382,0.003962893131669653
2023Q2,AL2,LA23,0.036143934203017716,0.013129966555828236
2023Q3,AL2,LA23,0.035773733443000465,0.01299548413975625
2019Q2,AL3,LA23,0.02255715454775917,0.037946165858815134
2019Q3,AL3,LA23,0.017257259482948772,0.02903056009223632
2019Q4,AL3,LA23,0.010180474776021823,0.017125829570147796
2020Q3,AL3,LA23,0.023639268391297662,0.03976652273486049
2020Q4,AL3,LA23,0.008869620023109225,0.014920679458438384
2021Q2,AL3,LA23,0.015492232390811041,0.026061390792014714
2021Q3,AL3,LA23,0.037306645177034345,0.06275809932172233
2021Q4,AL3,LA23,0.014893775340430534,0.025054652533204852
2022Q1,AL3,LA23,0.0030995639647544157,0.005214158020132981
2022Q2,AL3,LA23,0.01269017774110502,0.02134770980631737
2022Q3,AL3,LA23,0.013107945805576329,0.022050488883854847
2022Q4,AL3,LA23,0.002764919710641903,0.004651211734360678
2023Q2,AL3,LA23,0.012195990785828156,0.020516377107394956
2023Q3,AL3,LA23,0.009440182888938095,0.01588049347637151
2019Q2,AL4,LA23,0.034339263466067825,0.02526237725437411
2019Q3,AL4,LA23,0.040175873872678514,0.029556198352904774
2020Q3,AL4,LA23,0.038141753179839664,0.028059756113419886
2020Q4,AL4,LA23,0.0070015344329052796,0.005150821140305529
2021Q2,AL4,LA23,0.02564169478683118,0.01886383404194264
2021Q3,AL4,LA23,0.06501667724887318,0.0478308403472288
2021Q4,AL4,LA23,0.007951223192382591,0.0058494789825117655
2022Q1,AL4,LA23,0.010107015693586654,0.007435431561296184
2022Q2,AL4,LA23,0.021885397116622875,0.01610043729878602
2022Q3,AL4,LA23,0.022794102722555533,0.01676894505093741
2022Q4,AL4,LA23,0.014235011893065704,0.01047227588379917
2023Q1,AL4,LA23,0.00967900218354591,0.007120554721514731
2023Q2,AL4,LA23,0.01477329662199639,0.010868275987469207
2023Q3,AL4,LA23,0.021676648392093243,0.01594686705591672
2019Q1,AL5,LA23,0.0066953438197780045,0.01628654361005983
2019Q2,AL5,LA23,0.01801075308496485,0.04381147906128376
2019Q3,AL5,LA23,0.032114056007040204,0.07811801570362162
2019Q4,AL5,LA23,0.01450314028518068,0.03527914818051011
2020Q1,AL5,LA23,0.004774180575330126,0.011613279651558315
2020Q3,AL5,LA23,0.036626969081500885,0.08909575748567848
2020Q4,AL5,LA23,0.024480378429020143,0.059548958441423876
2021Q2,AL5,LA23,0.02417928175281906,0.058816535390451175
2021Q3,AL5,LA23,0.050110958050434494,0.12189580185851315
2021Q4,AL5,LA23,0.021483797727352982,0.052259722280825316
2022Q1,AL5,LA23,0.009889613958109871,0.0240566628616771
2022Q2,AL5,LA23,0.01763249481237502,0.04289135904680414
2022Q3,AL5,LA23,0.02571065409779004,0.06254162601327096
2022Q4,AL5,LA23,0.020873400753763104,0.05077492072359181
2023Q1,AL5,LA23,0.007014690580795224,0.01706336031881113
2023Q2,AL5,LA23,0.03067348823717232,0.07461380883408138
2023Q3,AL5,LA23,0.01546445012740136,0.037617551567929564
2020Q3,AL6,LA23,0.05333993982795485,0.012507660020811256
2020Q4,AL6,LA23,0.11866102342578698,0.027824773397165072
2021Q2,AL6,LA23,0.04962075007701526,0.01163554878282185
2021Q3,AL6,LA23,0.08300188103593346,0.01946307611957953
2022Q1,AL6,LA23,0.049852004621303486,0.011689775563496036
2022Q2,AL6,LA23,0.03208363879576502,0.007523278945988367
2022Q3,AL6,LA23,0.049740385761260365,0.011663602104023963
2022Q4,AL6,LA23,0.04554974507936516,0.010680940535833443
2023Q2,AL6,LA23,0.03899167454274319,0.009143141338287707
2023Q3,AL6,LA23,0.13038932889390914,0.03057493880583718
2019Q2,AL7,LA23,0.009424135356495745,0.01627468602068574
2019Q3,AL7,LA23,0.01318299594759108,0.022765920876882964
2019Q4,AL7,LA23,0.009818238150511948,0.01695526826933392
2020Q1,AL7,LA23,0.0015701728549866716,0.002711555940832093
2020Q3,AL7,LA23,0.01886275701562929,0.032574388662855835
2021Q2,AL7,LA23,0.016101692853620755,0.02780626398936161
2021Q3,AL7,LA23,0.021347660333132262,0.03686560687591415
2021Q4,AL7,LA23,0.00620034686861161,0.010707475507176682
2022Q1,AL7,LA23,0.003492413105583906,0.00603110254658318
2022Q2,AL7,LA23,0.008908280631639313,0.01538384846777018
2022Q3,AL7,LA23,0.024751480905821417,0.04274371759862188
2022Q4,AL7,LA23,0.0037652663838802594,0.006502297119454757
2023Q1,AL7,LA23,0.0032302780165224558,0.0055784173815150604
2023Q2,AL7,LA23,0.008109440590225406,0.014004319167418842
2023Q3,AL7,LA23,0.008217208633548226,0.014190425478692656
2019Q1,AL8,LA23,0.0023320672642628947,0.003969906461970182
2019Q2,AL8,LA23,0.013665403642627284,0.02326278279260699
2019Q3,AL8,LA23,0.027426201735425485,0.04668795671773961
2019Q4,AL8,LA23,0.01454884289621368,0.0247666721766378
2020Q1,AL8,LA23,0.0042009235429674606,0.007151283230563438
2020Q3,AL8,LA23,0.02350020618709575,0.04000468675558154
2020Q4,AL8,LA23,0.007440937005495564,0.01266679754649644
2021Q2,AL8,LA23,0.01451745531888674,0.024713240722080167
2021Q3,AL8,LA23,0.020634295270028656,0.0351260117518862
2021Q4,AL8,LA23,0.014684799100575702,0.02499811207655524
2022Q1,AL8,LA23,0.00567354882183032,0.00965815114994403
2022Q2,AL8,LA23,0.01932812183899297,0.0329024968371218
2022Q3,AL8,LA23,0.015486987426656771,0.026363687018679752
2022Q4,AL8,LA23,0.007984464511656386,0.01359205102954655
2023Q2,AL8,LA23,0.011453789922747612,0.019497925863959476
2023Q3,AL8,LA23,0.014877669179928388,0.025326437157943887
2019Q2,AL9,LA23,0.009139032612074962,0.002916533171780523
2019Q3,AL9,LA23,0.02310880679177009,0.007374697566941091
2020Q1,AL9,LA23,0.013091395741571909,0.004177848090262134
2020Q3,AL9,LA23,0.0868180910782516,0.027706197503424183
2021Q2,AL9,LA23,0.04919780186702558,0.015700460564533208
2021Q3,AL9,LA23,0.07828465701275993,0.02498292857796646
2021Q4,AL9,LA23,0.01615178675064297,0.005154508561391375
2022Q1,AL9,LA23,0.026062713956137018,0.008317375922181174
2022Q2,AL9,LA23,0.03206636374510461,0.010233316536961582
2022Q3,AL9,LA23,0.031557053781498465,0.010070780799687484
2023Q2,AL9,LA23,0.015394165523641663,0.004912729421958729
2023Q3,AL9,LA23,0.011842362899329623,0.003779245101119737
2019Q1,B1,LA23,0.007367319396480845,0.008007704853344445
2019Q2,B1,LA23,0.015050077910440334,0.016358267565298224
2019Q3,B1,LA23,0.01939464974527061,0.02108048023115497
2019Q4,B1,LA23,0.00832527779606118,0.009048931344663086
2020Q1,B1,LA23,0.004130310047103845,0.004489326718454669
2020Q3,B1,LA23,0.006295544815962942,0.006842768999714425
2020Q4,B1,LA23,0.00633951471403409,0.006890560869081942
2021Q2,B1,LA23,0.004289493051769892,0.004662346299992445
2021Q3,B1,LA23,0.009007177077645652,0.009790102982917886
2021Q4,B1,LA23,0.0020166284870271087,0.0021919187772249087
2022Q1,B1,LA23,0.01001269746984455,0.010883025671812586
2022Q2,B1,LA23,0.007964338814315266,0.008656618662078895
2022Q3,B1,LA23,0.006209401067094354,0.006749137425083661
2022Q4,B1,LA23,0.011070037151903392,0.012032271910234208
2023Q1,B1,LA23,0.004655753655067532,0.005060443172515215
2019Q2,B10,LA23,0.010643335466515946,0.01512131854693288
2019Q3,B10,LA23,0.00959197911477667,0.013627623797668815
2019Q4,B10,LA23,0.0034440457478075288,0.004893063176167557
2020Q3,B10,LA23,0.014238985385475581,0.020229770495938312
2020Q4,B10,LA23,0.009918800862725244,0.014091949644988331
2021Q2,B10,LA23,0.007851355594831917,0.01115466569180315
2021Q3,B10,LA23,0.023884807136398244,0.03393389020554485
2021Q4,B10,LA23,0.005458767980684549,0.0077554418696481235
2022Q1,B10,LA23,0.0037670506737230726,0.005351966345419651
2022Q2,B10,LA23,0.015368103124767869,0.021833943273029257
2022Q3,B10,LA23,0.02404358693297245,0.03415947361314947
2022Q4,B10,LA23,0.0031623642817696323,0.004492869534792049
2023Q2,B10,LA23,0.010847306435961277,0.01541110646285574
2023Q3,B10,LA23,0.008837775081049182,0.012556102611546865
2019Q2,B11,LA23,0.008040626887580402,0.008677947862477409
2019Q3,B11,LA23,0.0171966769663676,0.018559730255921787
2019Q4,B11,LA23,0.006053498797635892,0.006533314838000392
2020Q1,B11,LA23,0.0054316754906820475,0.0058622042003766426
2020Q3,B11,LA23,0.03800276959014301,0.04101496783072877
2020Q4,B11,LA23,0.010144656687354092,0.0109487485299897
2021Q2,B11,LA23,0.04840775868116255,0.052244683386985
2021Q3,B11,LA23,0.0917190717604598,0.09898896365425154
2021Q4,B11,LA23,0.039907296070792735,0.04307045202777742
2022Q1,B11,LA23,0.018160898347210814,0.01960037832824657
2022Q2,B11,LA23,0.03840659968002857,0.041450806542600784
2022Q3,B11,LA23,0.0495590897901163,0.053487271990540465
2022Q4,B11,LA23,0.02601676024011564,0.028078916242591432
2023Q1,B11,LA23,0.004003129897331068,0.004320428372248131
2023Q2,B11,LA23,0.03336006340413618,0.03600426869168535
2023Q3,B11,LA23,0.03755626535174101,0.04053307250647082
2019Q2,B12,LA23,0.020135293870110642,0.012124385135006095
2019Q3,B12,LA23,0.029404445341893043,0.017705766913864676
2019Q4,B12,LA23,0.0040485521105523324,0.002437819151988792
2020Q3,B12,LA23,0.020865827163126044,0.012564272779835108
2020Q4,B12,LA23,0.007546562612216493,0.004544131918122715
2021Q2,B12,LA23,0.01037827968144435,0.006249238809641879
2021Q3,B12,LA23,0.05724311912873663,0.03446871086774081
2021Q4,B12,LA23,0.03304858651706143,0.01990007166943925
2022Q2,B12,LA23,0.021878655619172217,0.013174143306484141
2022Q3,B12,LA23,0.046197465344304176,0.027817615462116082
2022Q4,B12,LA23,0.03514268589743432,0.021161025076049698
2023Q2,B12,LA23,0.051415663215419134,0.03095973204150122
2023Q3,B12,LA23,0.03869857231087255,0.023302187586563567
2019Q1,B13,LA23,0.008992244018186862,0.020543635102480508
2019Q2,B13,LA23,0.015786644158178417,0.03606608722165392
2019Q3,B13,LA23,0.019078995109155943,0.043587775515409176
2019Q4,B13,LA23,0.013664248604685665,0.031217273098516508
2020Q1,B13,LA23,0.011076314101371413,0.025304891050422683
2020Q3,B13,LA23,0.02281995344379897,0.05213434996390658
2020Q4,B13,LA23,0.025053685912687515,0.05723752383959306
2021Q2,B13,LA23,0.02326776963278429,0.05315742855929293
2021Q3,B13,LA23,0.06084575085494536,0.13900789397755686
2021Q4,B13,LA23,0.03613553837682023,0.08255506780550638
2022Q1,B13,LA23,0.019932282747843026,0.04553719212945912
2022Q2,B13,LA23,0.03717687716709394,0.08493410512724435
2022Q3,B13,LA23,0.03708247181785414,0.08471842714490957
2022Q4,B13,LA23,0.014540385945736516,0.03321889202676212
2023Q1,B13,LA23,0.013388786264832078,0.030587953233199
2023Q2,B13,LA23,0.03723491920883239,0.0850667076815863
2023Q3,B13,LA23,0.030320858785409487,0.06927088028544075
2019Q1,B14,LA23,0.008453534205577354,0.01770714065897509
2019Q2,B14,LA23,0.015959383679120417,0.033429219633403735
2019Q3,B14,LA23,0.013443799344711559,0.028159967204105782
2019Q4,B14,LA23,0.015566778829651903,0.032606852428886134
2020Q1,B14,LA23,0.007081177637512544,0.014832542864249272
2020Q3,B14,LA23,0.0188738896106198,0.039534070601703816
2020Q4,B14,LA23,0.007071512668473403,0.01481229819946424
2021Q2,B14,LA23,0.010910300299833729,0.02285318984258129
2021Q3,B14,LA23,0.02402486937777628,0.05032353700125987
2021Q4,B14,LA23,0.014751642244440113,0.030899431861391533
2022Q1,B14,LA23,0.004556756759982189,0.009544781027147859
2022Q2,B14,LA23,0.013537722133124066,0.028356701964391738
2022Q3,B14,LA23,0.019489444585173342,0.04082343884138754
2022Q4,B14,LA23,0.01182788555686041,0.02477520385679721
2023Q1,B14,LA23,0.009152242431614074,0.0191706853181843
2023Q2,B14,LA23,0.01887861854189966,0.03954397602697363
2023Q3,B14,LA23,0.022897105561894858,0.04796127383034378
2019Q1,B15,LA23,0.013705499928907938,0.04018847939087992
2019Q2,B15,LA23,0.027860502796083958,0.08169503106401378
2019Q3,B15,LA23,0.032270415111134404,0.0946261660907033
2019Q4,B15,LA23,0.022288219772701328,0.06535548981364167
2020Q1,B15,LA23,0.01160385794095722,0.034025858825568266
2020Q3,B15,LA23,0.022617888137190862,0.06632217255712687
2020Q4,B15,LA23,0.015623444885037637,0.045812447268161284
2021Q2,B15,LA23,0.032562801608226166,0.09548352764434934
2021Q3,B15,LA23,0.0197845155295998,0.05801390673409896
2021Q4,B15,LA23,0.02041078679285109,0.059850314737223916
2022Q1,B15,LA23,0.012900339811178595,0.03782751766270001
2022Q2,B15,LA23,0.046917405478434565,0.13757536703689324
2022Q3,B15,LA23,0.01940183392773909,0.056891773886014435
2022Q4,B15,LA23,0.012378516954208359,0.036297382516822886
2023Q1,B15,LA23,0.021225045461552502,0.06223795604149551
2023Q2,B15,LA23,0.03405348452846397,0.09985463998093427
2023Q3,B15,LA23,0.03784499126524983,0.11097243146187898
2019Q1,B16,LA23,0.01033873169930893,0.013689586932385856
2019Q2,B16,LA23,0.027019518312138845,0.03577673311997645
2019Q3,B16,LA23,0.02406333277760702,0.03186242718379087
2020Q1,B16,LA23,0.011764840857485588,0.015577908040209544
2020Q3,B16,LA23,0.022995047768970187,0.030447903534311118
2020Q4,B16,LA23,0.004889953950799699,0.006474822217246503
2021Q2,B16,LA23,0.013888851809538102,0.018390325793095626
2021Q3,B16,LA23,0.042955115520303726,0.05687716880641953
2021Q4,B16,LA23,0.01513312754516514,0.020037879994725918
2022Q1,B16,LA23,0.007427267357890659,0.009834496640696487
2022Q2,B16,LA23,0.01709703771796376,0.022638307186363043
2022Q3,B16,LA23,0.01253416550922778,0.016596576190767726
2022Q4,B16,LA23,0.008539290676275908,0.01130693449193627
2023Q1,B16,LA23,0.002437441536267163,0.0032274333809792005
2023Q2,B16,LA23,0.0088741262759979,0.011750292650728432
2023Q3,B16,LA23,0.013939688721368035,0.01845763930350585
2019Q1,B17,LA23,0.01758843037622701,0.038573967374273765
2019Q2,B17,LA23,0.020005306978705274,0.04387452673161428
2019Q3,B17,LA23,0.02130010351077187,0.046714202479585916
2019Q4,B17,LA23,0.01368063389173271,0.030003605444653938
2020Q1,B17,LA23,0.0142872019730438,0.031333896828153115
2020Q3,B17,LA23,0.006727436402879823,0.014754239392955743
2020Q4,B17,LA23,0.001674680438852165,0.003672816006249864
2021Q2,B17,LA23,0.004161612868972482,0.009127017908833916
2021Q3,B17,LA23,0.014559875737950813,0.03193190976542806
2021Q4,B17,LA23,0.009003937610487574,0.019746935240815344
2022Q2,B17,LA23,0.00311687443227763,0.0068357556694138965
2022Q3,B17,LA23,0.0044346163083625115,0.009725753869851184
2022Q4,B17,LA23,0.002835662098260366,0.006219016417212799
2023Q1,B17,LA23,0.0040898427340187215,0.008969615640130307
2023Q2,B17,LA23,0.006807184660322704,0.014929138836223559
2023Q3,B17,LA23,0.00512511951305086,0.011240127098145671
2019Q1,B18,LA23,0.010046459324337807,0.0102454633358326
2019Q2,B18,LA23,0.0193915956305578,0.019775711585759782
2019Q3,B18,LA23,0.0207256124025862,0.0211361530593138
2019Q4,B18,LA23,0.010673623034231687,0.010885050138291087
2020Q1,B18,LA23,0.00396660131597815,0.004045173233545954
2020Q3,B18,LA23,0.02131406580436318,0.021736262765441484
2020Q4,B18,LA23,0.0069830276330870075,0.007121350047631286
2021Q2,B18,LA23,0.021099528455715333,0.02151747578101469
2021Q3,B18,LA23,0.03006890536080061,0.030664521447510938
2021Q4,B18,LA23,0.01207017184244892,0.012309262305917959
2022Q1,B18,LA23,0.00611431443646371,0.006235429056163521
2022Q2,B18,LA23,0.016987160851297003,0.017323648866047234
2022Q3,B18,LA23,0.02255265386810341,0.0229993852432789
2022Q4,B18,LA23,0.012512362669784224,0.012760212214004509
2023Q2,B18,LA23,0.022080898574678823,0.02251828524513751
2023Q3,B18,LA23,0.014526291263865787,0.014814033456445816
2019Q1,B19,LA23,0.0039828164389714696,0.0037765699132731438
2019Q2,B19,LA23,0.0121971799512629,0.011565560084565031
2019Q3,B19,LA23,0.013531724268358964,0.012830996238377879
2019Q4,B19,LA23,0.0063456812143213035,0.006017075885982124
2020Q1,B19,LA23,0.002480520007967777,0.002352068536149343
2020Q3,B19,LA23,0.019309259573259473,0.01830934713395551
2020Q4,B19,LA23,0.008090226947999787,0.007671281906041784
2021Q2,B19,LA23,0.011543556714710084,0.010945784132646179
2021Q3,B19,LA23,0.042036163463543434,0.03985935898337471
2021Q4,B19,LA23,0.02665451463358765,0.025274234843748203
2022Q1,B19,LA23,0.006879056685586699,0.006522830993736717
2022Q2,B19,LA23,0.012666504615399931,0.012010581197964531
2022Q3,B19,LA23,0.016592361586603672,0.015733141237686186
2022Q4,B19,LA23,0.0031700574470890025,0.003005898906331585
2023Q1,B19,LA23,0.006003619403871473,0.0056927274351762465
2023Q2,B19,LA23,0.0569206560286457,0.05397307164300695
2023Q3,B19,LA23,0.009261899212683715,0.008782280188494545
2019Q2,B20,LA23,0.003639987612945647,0.0035382612878036455
2019Q3,B20,LA23,0.009463804155251169,0.009199320283066166
2019Q4,B20,LA23,0.005023327205187981,0.004882940843775043
2020Q3,B20,LA23,0.020081854132225997,0.0195206288094684
2020Q4,B20,LA23,0.0031293614004096948,0.003041905488699245
2021Q2,B20,LA23,0.007746865354964589,0.007530364578663126
2021Q3,B20,LA23,0.0190937756752227,0.01856016407016718
2021Q4,B20,LA23,0.010450766895839594,0.0101587004867539
2022Q2,B20,LA23,0.026672019089354224,0.0259266191664458
2022Q3,B20,LA23,0.02003663042687685,0.019476668965935192
2022Q4,B20,LA23,0.015792742709112646,0.0153513847017399
2023Q1,B20,LA23,0.01146086215676286,0.011140566728827862
2023Q2,B20,LA23,0.02617887243398447,0.025447254425285976
2023Q3,B20,LA23,0.016466635423690326,0.016006444212284098
2020Q3,B21,LA23,0.1432244252849447,0.01987339209334755
2021Q2,B21,LA23,0.061904903851444475,0.008589738965914064
2021Q3,B21,LA23,0.1610492525279454,0.022346711711084374
2021Q4,B21,LA23,0.06297153801206253,0.00873774192596748
2022Q2,B21,LA23,0.050532509833130325,0.007011739648295196
2022Q3,B21,LA23,0.08588567441322471,0.0119172388328307
2023Q2,B21,LA23,0.056306507455899574,0.007812922257162761
2023Q3,B21,LA23,0.024824907024995308,0.003444629713172881
2019Q1,B23,LA23,0.004131939610912903,0.006674304467753281
2019Q2,B23,LA23,0.02259046703244069,0.036490285251274526
2019Q3,B23,LA23,0.014568521421961144,0.023532470648493287
2019Q4,B23,LA23,0.0090328297323378,0.014590691422442396
2020Q1,B23,LA23,0.004777304792853758,0.0077167600994338705
2020Q3,B23,LA23,0.05000564083635045,0.08077389881629489
2020Q4,B23,LA23,0.02121021451819959,0.03426076923944885
2021Q2,B23,LA23,0.027497892270841828,0.04441722835260156
2021Q3,B23,LA23,0.05736986720813955,0.09266930233210743
2021Q4,B23,LA23,0.032802795856838665,0.05298621653711096
2022Q1,B23,LA23,0.01923226736708401,0.031065799624499933
2022Q2,B23,LA23,0.02380407406378779,0.03845061952383354
2022Q3,B23,LA23,0.031103217832265613,0.05024089538751241
2022Q4,B23,LA23,0.023033064543817528,0.03720521112768303
2023Q1,B23,LA23,0.0036639178088340033,0.005918310842780869
2023Q2,B23,LA23,0.009362674095336978,0.015123487618159848
2023Q3,B23,LA23,0.0064363292833140035,0.010396575297978005
2019Q1,B24,LA23,0.0044232595529051675,0.0067664899948994
2019Q2,B24,LA23,0.015178114603280916,0.02321875064669955
2019Q3,B24,LA23,0.0099490964020958,0.01521964977588874
2019Q4,B24,LA23,0.007769322639776294,0.01188513657867158
2020Q1,B24,LA23,0.005033911930649004,0.007700636669980078
2020Q3,B24,LA23,0.009551841507750836,0.014611948320466675
2020Q4,B24,LA23,0.0068022515638462115,0.0104057576995055
2021Q2,B24,LA23,0.01461836567838771,0.022362473628667008
2021Q3,B24,LA23,0.02012118490312314,0.030780422153405238
2021Q4,B24,LA23,0.0073969759345235125,0.01131553847446991
2022Q2,B24,LA23,0.027219735209699697,0.04163944343697272
2022Q3,B24,LA23,0.008665213957124161,0.013255628082243887
2023Q1,B24,LA23,0.008440898462946742,0.012912481014137629
2023Q2,B24,LA23,0.003394272485114061,0.0051923950054890726
2019Q1,B25,LA23,0.006832358465657106,0.006496657534264642
2019Q2,B25,LA23,0.007670834402185261,0.007293935814923669
2019Q3,B25,LA23,0.010755790167206009,0.010227315439900306
2019Q4,B25,LA23,0.003779871116787396,0.003594151023085175
2020Q3,B25,LA23,0.006619222703429082,0.006293993979291643
2021Q3,B25,LA23,0.004761223292069194,0.0045272854649266005
2022Q2,B25,LA23,0.004131624964831221,0.003928621806283565
2023Q2,B25,LA23,0.010487070301450092,0.009971798849363531
2023Q3,B25,LA23,0.01056212024697955,0.010043161292730763
2019Q1,B26,LA23,0.0069056339112467105,0.008200173773550697
2019Q3,B26,LA23,0.007893301218695747,0.00937299058597203
2019Q4,B26,LA23,0.006990329381603753,0.008300746376107756
2020Q1,B26,LA23,0.006781909111990407,0.008053255349110763
2020Q3,B26,LA23,0.0032422960435029512,0.003850101427867342
2023Q2,B26,LA23,0.0043273844527286056,0.005138602039060279
2023Q3,B26,LA23,0.005635749849588538,0.006692235456562879
2019Q1,B27,LA23,0.0043341913289007186,0.006132470475256796
2019Q2,B27,LA23,0.005812017864050614,0.008223455138053481
2019Q3,B27,LA23,0.020302382983909385,0.028725950189595843
2019Q4,B27,LA23,0.005477105170019756,0.007749585377335311
2020Q1,B27,LA23,0.010657980726475752,0.015080033891246266
2020Q3,B27,LA23,0.035352298607222214,0.05002015623898135
2020Q4,B27,LA23,0.015530822453267725,0.021974643693285216
2021Q2,B27,LA23,0.014827475135501363,0.020979473814352518
2021Q3,B27,LA23,0.017766009537430644,0.025137221844578086
2021Q4,B27,LA23,0.005647525346185901,0.007990713795399867
2022Q1,B27,LA23,0.0056388382607441495,0.007978422391780385
2022Q2,B27,LA23,0.009243161111029859,0.013078198055877946
2022Q3,B27,LA23,0.011263777184781493,0.015937178537769596
2022Q4,B27,LA23,0.013088627233078102,0.018519168623977497
2023Q1,B27,LA23,0.015417839242022344,0.021814783143857708
2023Q2,B27,LA23,0.01787950375370201,0.02529780541774792
2023Q3,B27,LA23,0.022389736314054717,0.03167935757223481
2019Q1,B28,LA23,0.004411894333575344,0.007123519118858255
2019Q2,B28,LA23,0.01568456109560885,0.025324557296213846
2019Q3,B28,LA23,0.01846655682627044,0.02981641459776665
2019Q4,B28,LA23,0.011120325560673196,0.017955065500217478
2020Q1,B28,LA23,0.004977912201063392,0.008037421129153902
2020Q3,B28,LA23,0.07456242032611311,0.12038974340325538
2020Q4,B28,LA23,0.02651739973308005,0.04281544155386028
2021Q2,B28,LA23,0.03846539208527077,0.062106871837012426
2021Q3,B28,LA23,0.1059359757268942,0.17104601593073207
2021Q4,B28,LA23,0.03906315889801587,0.06307203623063876
2022Q1,B28,LA23,0.026634991736246474,0.043005307588594166
2022Q2,B28,LA23,0.054223213088412096,0.08754971581747023
2022Q3,B28,LA23,0.060365089089286936,0.09746649256004304
2022Q4,B28,LA23,0.017875910016763526,0.028862746281643262
2023Q1,B28,LA23,0.0149721577527396,0.02417429882455297
2023Q2,B28,LA23,0.034287069681823414,0.055360481902149615
2023Q3,B28,LA23,0.01945699853458536,0.031415598511035564
2019Q1,B29,LA23,0.00889591124688797,0.017000168043732146
2019Q2,B29,LA23,0.017149011694099905,0.032771918749258354
2019Q3,B29,LA23,0.018356580398823857,0.035079593627629094
2019Q4,B29,LA23,0.010858243497388087,0.02075020298566205
2020Q1,B29,LA23,0.00644006374794911,0.012307020932316759
2020Q3,B29,LA23,0.012313061676855,0.02353037387964055
2020Q4,B29,LA23,0.005828012523325263,0.011137385424361644
2021Q2,B29,LA23,0.009332523173212948,0.017834537442372317
2021Q3,B29,LA23,0.024949269147708404,0.04767828233759875
2021Q4,B29,LA23,0.009417461975171315,0.017996856272523714
2022Q1,B29,LA23,0.0069454969129209825,0.013272908349685395
2022Q2,B29,LA23,0.010184900130593838,0.019463437631450687
2022Q3,B29,LA23,0.013160671467622634,0.02515016396956566
2022Q4,B29,LA23,0.0054949162148880785,0.010500835321620907
2023Q1,B29,LA23,0.003373035221466601,0.006445901267553601
2023Q2,B29,LA23,0.008573219468757486,0.016383501093905278
2023Q3,B29,LA23,0.007643773317795663,0.014607320968515813
2019Q1,B30,LA23,0.00637889789628395,0.0035517818317850765
2019Q2,B30,LA23,0.012197220468525524,0.006791434314009527
2019Q3,B30,LA23,0.05846098125128452,0.032551179600727294
2019Q4,B30,LA23,0.02152300194225162,0.011984046226621298
2020Q1,B30,LA23,0.005614063831282883,0.003125920847557121
2020Q3,B30,LA23,0.04076851243016474,0.022699981111583157
2020Q4,B30,LA23,0.011419141399342771,0.006358198487609882
2021Q2,B30,LA23,0.03273359945222399,0.018226127101214188
2021Q3,B30,LA23,0.08468531041312251,0.047152933286427216
2021Q4,B30,LA23,0.04866253492244742,0.027095387045910132
2022Q1,B30,LA23,0.031231849713389118,0.017389950143218206
2022Q2,B30,LA23,0.054526046332485326,0.030360200754367406
2022Q3,B30,LA23,0.05060617435961821,0.02817760898341845
2022Q4,B30,LA23,0.02365492820357378,0.013171106606766387
2023Q1,B30,LA23,0.006596661347388668,0.00367303291337256
2023Q2,B30,LA23,0.024239396476336057,0.013496539593185749
2023Q3,B30,LA23,0.022982159902933626,0.012796508005869095
2019Q1,B31,LA23,0.007135046113653656,0.025682598653411957
2019Q2,B31,LA23,0.01161182751243415,0.041796773403302095
2019Q3,B31,LA23,0.013312575390295631,0.04791861542954675
2019Q4,B31,LA23,0.006407683631012318,0.023064457380087926
2020Q1,B31,LA23,0.008931828898850155,0.032150118330861
2020Q3,B31,LA23,0.019038875183906068,0.06853043167092827
2020Q4,B31,LA23,0.007720254436242725,0.02778905602429434
2021Q2,B31,LA23,0.012720999557640635,0.045789238206032735
2021Q3,B31,LA23,0.016312596623344482,0.05871719192825608
2021Q4,B31,LA23,0.01462719504734536,0.052650588915924855
2022Q1,B31,LA23,0.011694484622595955,0.04209429767326781
2022Q2,B31,LA23,0.017359158167366436,0.06248429023050479
2022Q3,B31,LA23,0.008958001976502847,0.032244328324485615
2022Q4,B31,LA23,0.008140871662679709,0.029303067740717663
2023Q1,B31,LA23,0.0060675943157876494,0.02184030588196169
2023Q2,B31,LA23,0.01521206189463121,0.054755817146445285
2023Q3,B31,LA23,0.013201495482836393,0.04751878330004241
2019Q1,B32,LA23,0.003696491594131136,0.003829639855959615
2019Q2,B32,LA23,0.008913746084550747,0.009234820748814205
2019Q3,B32,LA23,0.014771938872410281,0.015304026646617782
2020Q1,B32,LA23,0.0064377171369384865,0.006669604813428185
2020Q3,B32,LA23,0.006782193556381372,0.007026489332638572
2021Q3,B32,LA23,0.012483292255876657,0.012932942586045354
2021Q4,B32,LA23,0.01208214751135524,0.012517348538958377
2022Q2,B32,LA23,0.005429481555153365,0.005625052412894861
2022Q3,B32,LA23,0.007238959797316072,0.007499708371988653
2023Q2,B32,LA23,0.008475334239546654,0.008780617233887204
2023Q3,B32,LA23,0.007626705134922367,0.007901420363223038
2019Q2,B33,LA23,0.015302502360625763,0.011689992470618736
2019Q3,B33,LA23,0.006361325247475778,0.004859587176898024
2019Q4,B33,LA23,0.008394409036695371,0.006412714477781
2020Q3,B33,LA23,0.022525671143534414,0.01720796506727563
2021Q2,B33,LA23,0.011127965481937223,0.008500951650356858
2021Q3,B33,LA23,0.014428922761235754,0.011022641556455062
2022Q2,B33,LA23,0.004193939242488643,0.003203862806979487
2022Q3,B33,LA23,0.010657671112558135,0.008141681152796806
2022Q4,B33,LA23,0.004217411370402914,0.003221793795789085
2023Q1,B33,LA23,0.006240746654883917,0.004767473952126137
2023Q2,B33,LA23,0.011283752266400491,0.008619961358343144
2023Q3,B33,LA23,0.028917756236059137,0.022091050515799137
2019Q1,B34,LA23,0.004820171251978532,0.0073723838909656595
2019Q2,B34,LA23,0.007518145418506301,0.011498897295522895
2019Q3,B34,LA23,0.009600397378053115,0.014683672275705068
2019Q4,B34,LA23,0.007288260037120628,0.01114729084963146
2020Q1,B34,LA23,0.003921902278692376,0.005998494175804435
2020Q3,B34,LA23,0.006806696726370915,0.010410746563327524
2020Q4,B34,LA23,0.005206338983942249,0.007963021986068916
2021Q2,B34,LA23,0.008262921109176934,0.012638021201552005
2021Q3,B34,LA23,0.013400573385499735,0.020495987837861458
2021Q4,B34,LA23,0.007608482857089073,0.011637067132680728
2022Q1,B34,LA23,0.00598595438797526,0.009155432741907192
2022Q2,B34,LA23,0.008253183007477275,0.01262312691246016
2022Q3,B34,LA23,0.006340355108569214,0.009697483641526372
2022Q4,B34,LA23,0.005195939069505721,0.00794711546373782
2023Q1,B34,LA23,0.00725696574913434,0.011099426677889712
2023Q2,B34,LA23,0.005694756783752405,0.008710050116636527
2023Q3,B34,LA23,0.009349570350779336,0.014300035878028746
2019Q1,B36,LA23,0.004198512906769168,0.004418759601203992
2019Q2,B36,LA23,0.011411106731015069,0.012009713569473746
2019Q3,B36,LA23,0.008786203194162526,0.009247112152433686
2019Q4,B36,LA23,0.003896788801614457,0.004101207573575948
2020Q1,B36,LA23,0.005058138072479757,0.005323479209972144
2020Q3,B36,LA23,0.00591790063532384,0.0062283434234887605
2021Q2,B36,LA23,0.0018575405462837528,0.001954983896865823
2021Q3,B36,LA23,0.007045862402749887,0.0074154761060080815
2021Q4,B36,LA23,0.0032494422071534267,0.0034199023011854514
2022Q1,B36,LA23,0.003905582218158128,0.004110462277477678
2022Q2,B36,LA23,0.001042157257558509,0.0010968270171032408
2023Q1,B36,LA23,0.005510792928778571,0.005799879553788443
2023Q2,B36,LA23,0.0022274823282186613,0.0023443321821064924
2023Q3,B36,LA23,0.005174101253149418,0.0054455256176761824
2019Q2,B38,LA23,0.015395892455917371,0.0032972774744875538
2019Q3,B38,LA23,0.0451829809387369,0.009676660557747484
2020Q3,B38,LA23,0.08577798322481357,0.018370731849678686
2021Q3,B38,LA23,0.05106632928162945,0.010936674033492915
2021Q4,B38,LA23,0.02480749428659153,0.005312923063334235
2022Q2,B38,LA23,0.030283697504016226,0.006485739875755571
2022Q3,B38,LA23,0.05505405583389013,0.01179070967792426
2023Q2,B38,LA23,0.027945145029624956,0.005984901329448772
2023Q3,B38,LA23,0.030872471217793962,0.0066118352164166155
2021Q3,B4,LA23,0.048572442006535904,0.009031434170098879
2019Q2,B42,LA23,0.012203429003954814,0.015502496663885309
2019Q3,B42,LA23,0.011256464040390272,0.014299529761409122
2019Q4,B42,LA23,0.006629665397639426,0.00842192515532101
2020Q1,B42,LA23,0.005980313115555772,0.007597027367705262
2020Q3,B42,LA23,0.008817849974463703,0.011201662235054114
2020Q4,B42,LA23,0.008329284807542317,0.010581018654644477
2021Q2,B42,LA23,0.0070395729386655,0.008942646854541677
2021Q3,B42,LA23,0.022487202142354584,0.02856637884966526
2021Q4,B42,LA23,0.013375040602402707,0.016990841037456184
2022Q1,B42,LA23,0.011259822072175964,0.014303795601488825
2022Q2,B42,LA23,0.016592490379437417,0.02107809425280531
2022Q3,B42,LA23,0.03425989242505345,0.0435216911453609
2023Q1,B42,LA23,0.005425042639264412,0.006891645404695426
2023Q2,B42,LA23,0.011555385785109649,0.0146792618308769
2023Q3,B42,LA23,0.011024532184005762,0.0140048975864127
2019Q1,B43,LA23,0.006788795666413764,0.005837621393137678
2019Q2,B43,LA23,0.015623756662373088,0.013434721063217171
2019Q3,B43,LA23,0.008047689741365731,0.006920132540142933
2020Q1,B43,LA23,0.003604143443009693,0.0030991689690911877
2020Q3,B43,LA23,0.013865155969237876,0.011922516906149651
2020Q4,B43,LA23,0.007835547759592833,0.006737713649954965
2021Q2,B43,LA23,0.004631640477201052,0.003982703982209289
2021Q3,B43,LA23,0.033009309180508165,0.028384393773722687
2021Q4,B43,LA23,0.005850174603183146,0.005030509989583065
2022Q1,B43,LA23,0.008193994556381522,0.007045938671307049
2022Q2,B43,LA23,0.0071566597846287544,0.006153944280403775
2022Q3,B43,LA23,0.00815556852163312,0.007012896486282911
2022Q4,B43,LA23,0.007662168145476419,0.006588626154288064
2023Q1,B43,LA23,0.006083589641392247,0.005231221380451792
2023Q2,B43,LA23,0.0041286546131640055,0.0035501911795519673
2023Q3,B43,LA23,0.002653750727996195,0.00228193523314406
2019Q1,B44,LA23,0.003671994406174225,0.00820096909966725
2019Q2,B44,LA23,0.012662109958116305,0.02827933842396323
2019Q3,B44,LA23,0.020678366467805874,0.04618270772660465
2019Q4,B44,LA23,0.00444008760597753,0.009916415230701628
2020Q1,B44,LA23,0.003319965178547944,0.00741475308226576
2020Q3,B44,LA23,0.010871662242179293,0.02428058331467438
2020Q4,B44,LA23,0.0035096737746386194,0.007838444995266746
2021Q3,B44,LA23,0.010589397865163148,0.02365017891374339
2021Q4,B44,LA23,0.003897443324804851,0.008704482833820646
2022Q1,B44,LA23,0.006853336340957618,0.015306123415470512
2022Q2,B44,LA23,0.007200282932135736,0.01608098796011754
2022Q3,B44,LA23,0.007553056749814931,0.016868866932126376
2022Q4,B44,LA23,0.004489942766042315,0.010027760887019295
2023Q1,B44,LA23,0.004482399745071474,0.01001091443382318
2023Q2,B44,LA23,0.0031212567548611577,0.006970961109228205
2019Q1,B45,LA23,0.004794054088662796,0.0056001080937847355
2019Q2,B45,LA23,0.01214532077671495,0.0141873887789749
2019Q3,B45,LA23,0.01687865537947672,0.0197165682436378
2019Q4,B45,LA23,0.01657146801094787,0.019357731560323138
2020Q1,B45,LA23,0.007712550723938291,0.009009309643583813
2020Q3,B45,LA23,0.0217211736449596,0.025373289096446386
2020Q4,B45,LA23,0.007412109964954,0.008658353919060469
2021Q2,B45,LA23,0.008693656300918097,0.010155374577539216
2021Q3,B45,LA23,0.021950001309970917,0.025640590973983014
2021Q4,B45,LA23,0.013558023678045282,0.015837618168451785
2022Q2,B45,LA23,0.009140975082372457,0.010677903836115693
2022Q3,B45,LA23,0.008730546019161739,0.010198466792581636
2022Q4,B45,LA23,0.00732428024987392,0.008555756850024906
2023Q2,B45,LA23,0.01706706528272109,0.01993665667080077
2023Q3,B45,LA23,0.016108613458890902,0.018817054405814368
2021Q3,B46,LA23,0.08370066932206671,0.002499420774834669
2023Q3,B46,LA23,0.3356694897392287,0.010023567349313823
2021Q3,B47,LA23,0.021212914523845636,0.005191093562752893
2019Q2,B48,LA23,0.016330933669470183,0.0028586189700204904
2020Q3,B48,LA23,0.02270766822164361,0.003974823023417975
2021Q2,B48,LA23,0.03473581371712813,0.00608026816106111
2019Q1,B49,LA23,0.01238991532097435,0.00974137118268535
2019Q2,B49,LA23,0.015605126440666375,0.012269279092967524
2019Q3,B49,LA23,0.01849332641309916,0.014540079760479819
2019Q4,B49,LA23,0.006172841186663821,0.004853296870339818
2020Q3,B49,LA23,0.03191715240016902,0.02509434653665836
2020Q4,B49,LA23,0.012526660421079664,0.009848884813168706
2021Q2,B49,LA23,0.03195835065494184,0.02512673800031441
2021Q3,B49,LA23,0.05451991276646663,0.042865402494454766
2021Q4,B49,LA23,0.02913038473803628,0.022903295387924242
2022Q1,B49,LA23,0.009838474297153302,0.007735341809611556
2022Q2,B49,LA23,0.03992699433982794,0.031391955634661614
2022Q3,B49,LA23,0.013897697877347385,0.01092684091059733
2022Q4,B49,LA23,0.023055849208408488,0.0181272897556387
2023Q2,B49,LA23,0.01934736255612407,0.015211551909974731
2023Q3,B49,LA23,0.008938274038289213,0.0070275738682520576
2019Q1,B5,LA23,0.011922737936308785,0.008157443070379437
2019Q2,B5,LA23,0.012604028189050957,0.008623576477054756
2019Q3,B5,LA23,0.012623683840828534,0.008637024718661955
2019Q4,B5,LA23,0.014548669608464859,0.009954084767676629
2020Q3,B5,LA23,0.02612584850545816,0.01787509907431661
2020Q4,B5,LA23,0.007264137113928472,0.004970065204724903
2021Q2,B5,LA23,0.028876900025488712,0.019757346782704792
2021Q3,B5,LA23,0.04133203136854716,0.028279049214466306
2021Q4,B5,LA23,0.02193031793087004,0.015004550212547797
2022Q1,B5,LA23,0.013676106615306476,0.009357084063640941
2022Q2,B5,LA23,0.02475270044525469,0.016935602023542745
2022Q3,B5,LA23,0.04930979545265832,0.03373737235238159
2022Q4,B5,LA23,0.0144427827101792,0.009881637788695916
2023Q1,B5,LA23,0.010360641997727307,0.007088669374478309
2023Q2,B5,LA23,0.009864812330305832,0.00674942663458059
2023Q3,B5,LA23,0.02183679507160575,0.014940562611352256
2019Q2,B6,LA23,0.009185844774943443,0.013860871256942058
2019Q3,B6,LA23,0.012559902298520659,0.018952115240880214
2019Q4,B6,LA23,0.0034536940210236114,0.005211410529912156
2020Q1,B6,LA23,0.00450046834305366,0.006790928197389901
2020Q3,B6,LA23,0.020023452088979616,0.03021414995841825
2020Q4,B6,LA23,0.00463702912387329,0.0069969899639518145
2021Q2,B6,LA23,0.00806091935343381,0.012163428417091513
2021Q3,B6,LA23,0.03462294954412076,0.05224388806086845
2021Q4,B6,LA23,0.013668009181760928,0.02062417994737524
2022Q1,B6,LA23,0.005781073054697671,0.00872328145112103
2022Q2,B6,LA23,0.010139326521445134,0.015299616201789613
2022Q3,B6,LA23,0.024439396496115443,0.036877536767662464
2022Q4,B6,LA23,0.0091746324160972,0.013843952501371713
2023Q1,B6,LA23,0.005247527688232205,0.007918194514044921
2023Q2,B6,LA23,0.011908579248106194,0.017969309067941232
2023Q3,B6,LA23,0.02025632415732467,0.030565539497186992
2019Q1,B60,LA23,0.012331771193898352,0.03014336593404488
2019Q2,B60,LA23,0.015297439900450741,0.03739254657931879
2019Q3,B60,LA23,0.01586920563520227,0.0387901514732282
2019Q4,B60,LA23,0.008753547050151479,0.0213968754207953
2020Q1,B60,LA23,0.009544317104618493,0.023329807093520286
2020Q3,B60,LA23,0.028011226327888463,0.06846969767657317
2020Q4,B60,LA23,0.009030230789565129,0.022073191829363768
2021Q2,B60,LA23,0.018985195783244944,0.0464067727843504
2021Q3,B60,LA23,0.05416851778991963,0.13240769944339162
2021Q4,B60,LA23,0.019662381749690958,0.04806206334002354
2022Q1,B60,LA23,0.009312652891759,0.022763534898533302
2022Q2,B60,LA23,0.012873661947165192,0.031467945429979716
2022Q3,B60,LA23,0.020655088931480717,0.050488603321632096
2022Q4,B60,LA23,0.009776602480459348,0.02389759763836615
2023Q1,B60,LA23,0.00943552484531088,0.02306387896109407
2023Q2,B60,LA23,0.019439946243983174,0.04751834948579702
2023Q3,B60,LA23,0.01522568078650831,0.03721714101943135
2019Q1,B61,LA23,0.005472148670262185,0.005353918509523921
2019Q2,B61,LA23,0.017728079749911772,0.017345050368819982
2019Q3,B61,LA23,0.016058035754729458,0.015711089013545346
2019Q4,B61,LA23,0.01763747954910229,0.017256407658011237
2020Q1,B61,LA23,0.00730735697931823,0.007149475671207631
2020Q3,B61,LA23,0.011538223779272995,0.011288931200752441
2020Q4,B61,LA23,0.016357400692314467,0.016003985931560195
2021Q2,B61,LA23,0.013871511495715598,0.01357180636476152
2021Q3,B61,LA23,0.029704303031793094,0.02906251774164697
2021Q4,B61,LA23,0.016359248167861152,0.016005793490916003
2022Q1,B61,LA23,0.004334399329591053,0.004240751155844192
2022Q2,B61,LA23,0.02666424507021028,0.026088142670480645
2022Q3,B61,LA23,0.015964996886198353,0.015620060324386948
2022Q4,B61,LA23,0.012141535393798787,0.011879207783984536
2023Q2,B61,LA23,0.011910231455353698,0.011652901352637591
2023Q3,B61,LA23,0.01274647278680567,0.012471075019449735
2019Q1,B62,LA23,0.011836215795830898,0.01103088402711754
2019Q2,B62,LA23,0.010115780564597558,0.009427506576143151
2019Q3,B62,LA23,0.015886329488405602,0.01480542947391218
2019Q4,B62,LA23,0.023000658112799537,0.02143570179575802
2020Q1,B62,LA23,0.010583283392132374,0.009863200683266692
2020Q3,B62,LA23,0.01003377749644218,0.009351082966579662
2020Q4,B62,LA23,0.012294331327957202,0.011457829546958977
2021Q2,B62,LA23,0.0032695717164997274,0.0030471112596439677
2021Q3,B62,LA23,0.022061463086225273,0.020560409253302398
2022Q1,B62,LA23,0.006574830671742571,0.006127481611434771
2022Q2,B62,LA23,0.004250738039074046,0.0039615193865592405
2022Q3,B62,LA23,0.017684268092474534,0.016481036996744584
2022Q4,B62,LA23,0.007144585196371794,0.006658470247796418
2023Q1,B62,LA23,0.005983431061006109,0.005576320612662325
2023Q2,B62,LA23,0.004777745458165319,0.004452669414718918
2023Q3,B62,LA23,0.013177823229710686,0.012281208984715849
2019Q1,B63,LA23,0.012029310700635046,0.01686539641816323
2019Q2,B63,LA23,0.01309949039411096,0.01836581528823089
2019Q3,B63,LA23,0.013985359070601382,0.01960782547279249
2019Q4,B63,LA23,0.013093044149812362,0.018356777491451863
2020Q1,B63,LA23,0.003996465185312711,0.005603144793502489
2020Q3,B63,LA23,0.006083398099517764,0.008529077273933205
2021Q2,B63,LA23,0.010683592740859895,0.01497866596257265
2021Q3,B63,LA23,0.01643013589831016,0.023035464128020797
2022Q2,B63,LA23,0.0032087341320241325,0.0044987260271048615
2022Q3,B63,LA23,0.005568936234535319,0.0078077887885922735
2022Q4,B63,LA23,0.0026563683505659358,0.0037242952967032257
2023Q1,B63,LA23,0.004359414524300928,0.006112008903349069
2023Q2,B63,LA23,0.004017247876931389,0.005632282650318086
2023Q3,B63,LA23,0.0013517516444386392,0.001895189833375752
2019Q2,B64,LA23,0.007793957725039269,0.007701865810342027
2019Q3,B64,LA23,0.01765122203969869,0.01744265857403352
2019Q4,B64,LA23,0.0070891409740530655,0.007005377039362756
2020Q1,B64,LA23,0.004250338407717171,0.004200117221525667
2020Q3,B64,LA23,0.010031401537471334,0.00991287241436425
2021Q2,B64,LA23,0.005539831859329424,0.00547437426499485
2021Q3,B64,LA23,0.0024805774222656733,0.0024512673935959905
2023Q1,B64,LA23,0.0057059207231038135,0.0056385006545020605
2023Q2,B64,LA23,0.0067750354708885525,0.006694982946783705
2019Q1,B65,LA23,0.010528349761374458,0.01027373356415741
2019Q2,B65,LA23,0.01155499982607532,0.011275555261519474
2019Q3,B65,LA23,0.01609690386159049,0.015707618499582198
2019Q4,B65,LA23,0.005796468043563312,0.005656287038563193
2020Q1,B65,LA23,0.002348417566447305,0.0022916237512911808
2020Q3,B65,LA23,0.015947159362401663,0.015561495401258825
2020Q4,B65,LA23,0.007316808161750163,0.007139859455434742
2021Q2,B65,LA23,0.0042350056111509285,0.004132586803992745
2021Q3,B65,LA23,0.01856157532176728,0.018112684676043784
2021Q4,B65,LA23,0.006086695259457746,0.005939495438430919
2022Q2,B65,LA23,0.01275651234405953,0.012448010562069648
2022Q3,B65,LA23,0.005911314146355339,0.005768355718623182
2022Q4,B65,LA23,0.009008676491526398,0.00879081186865395
2023Q1,B65,LA23,0.009395967187845062,0.009168736378765923
2023Q2,B65,LA23,0.013460556001304594,0.013135027722024495
2023Q3,B65,LA23,0.004747811983682297,0.004632991536054151
2019Q3,B66,LA23,0.010486251444061458,0.010289350876991578
2020Q3,B66,LA23,0.010120253194306324,0.009930224984179987
2021Q2,B66,LA23,0.012742073956242595,0.012502815761737696
2021Q3,B66,LA23,0.01904893044804685,0.01869124827465025
2021Q4,B66,LA23,0.009175451592059423,0.009003163941774072
2022Q1,B66,LA23,0.006011965210241939,0.00589907841123509
2022Q2,B66,LA23,0.018154014252501027,0.01781313593959957
2022Q3,B66,LA23,0.007320849226831523,0.007183385484722558
2022Q4,B66,LA23,0.005792749427471348,0.0056839788478941465
2023Q2,B66,LA23,0.005691062778656754,0.005584201571453639
2023Q3,B66,LA23,0.006393953317093282,0.0062738939192550774
2019Q1,B67,LA23,0.007750141110110991,0.0051253707045757785
2019Q3,B67,LA23,0.007696241725627231,0.0050897256340792785
2019Q4,B67,LA23,0.0052097636296553574,0.0034453527369152034
2020Q3,B67,LA23,0.01629707474378717,0.010777681112556198
2021Q3,B67,LA23,0.009044819631524124,0.005981575420234088
2021Q4,B67,LA23,0.0057335606906324145,0.003791753411861915
2022Q2,B67,LA23,0.017735849388424634,0.011729180357452615
2022Q3,B67,LA23,0.01931205106408864,0.01277156368675897
2023Q3,B67,LA23,0.007109033624081045,0.00470138958207786
2019Q1,B68,LA23,0.004999378828886376,0.006515817663436188
2019Q2,B68,LA23,0.012085516654514726,0.015751361435992713
2019Q3,B68,LA23,0.022892826853161418,0.029836803867300137
2019Q4,B68,LA23,0.011051124155225836,0.014403211366058169
2020Q3,B68,LA23,0.008921094422162651,0.011627089405036676
2021Q2,B68,LA23,0.008056900152403866,0.010500763019246677
2021Q3,B68,LA23,0.007146994232992926,0.009314859477089306
2021Q4,B68,LA23,0.0022440869559816647,0.0029247756424429995
2022Q1,B68,LA23,0.006463150173208838,0.00842358810992835
2022Q2,B68,LA23,0.0026508318774010648,0.0034548966503138608
2022Q3,B68,LA23,0.0045358826725226155,0.005911731326725734
2023Q2,B68,LA23,0.0031931584392935987,0.004161724660808342
2023Q3,B68,LA23,0.008192148941059144,0.010677036207624904
2019Q1,B69,LA23,0.00598380834905029,0.011414592727168093
2019Q2,B69,LA23,0.008083426798662577,0.01541978274776361
2019Q3,B69,LA23,0.008036768610893415,0.015330778525083709
2019Q4,B69,LA23,0.005804225494744611,0.011072024078055687
2020Q1,B69,LA23,0.002430546668468952,0.004636462050017299
2020Q3,B69,LA23,0.005196569876291968,0.00991287241436425
2020Q4,B69,LA23,0.0019354240796561472,0.0036919761354214094
2021Q2,B69,LA23,0.002055499740787508,0.00392103005698918
2021Q3,B69,LA23,0.008026610695115887,0.01531140148878947
2021Q4,B69,LA23,0.0038461735206138993,0.007336883425217625
2022Q1,B69,LA23,0.0033533250920497943,0.006396735653075671
2022Q2,B69,LA23,0.0067165427811814345,0.01281234222582596
2022Q3,B69,LA23,0.003608296358599877,0.00688311372453602
2023Q2,B69,LA23,0.0037274623556317584,0.007110432389122215
2023Q3,B69,LA23,0.0033033693719200174,0.006301441123837565
2019Q2,B7,LA23,0.0164690301085823,0.009351299873702356
2019Q3,B7,LA23,0.02387612079807504,0.013557128982792372
2019Q4,B7,LA23,0.008216688121223779,0.004665527604458664
2020Q3,B7,LA23,0.021622159782178338,0.012277304656507306
2020Q4,B7,LA23,0.004727065973285866,0.0026840810386238373
2021Q2,B7,LA23,0.01500925896083699,0.008522425455503838
2021Q3,B7,LA23,0.059868189320152726,0.03399382887378338
2021Q4,B7,LA23,0.026238444099974112,0.014898482629549088
2022Q1,B7,LA23,0.012532970622542937,0.007116361183809261
2022Q2,B7,LA23,0.010027649850396305,0.005693811970789732
2022Q3,B7,LA23,0.03297307740711836,0.018722482900318586
2022Q4,B7,LA23,0.010383042494617968,0.005895607897271942
2023Q2,B7,LA23,0.01991777764570145,0.011309537377408632
2023Q3,B7,LA23,0.029617793933366717,0.016817315339298783
2019Q1,B70,LA23,0.0043205662060520926,0.005006071787092564
2019Q2,B70,LA23,0.0037391075286207203,0.004332358263996454
2019Q3,B70,LA23,0.009411231310814271,0.010904427174585332
2019Q4,B70,LA23,0.017043703274109617,0.01974787517168036
2021Q2,B70,LA23,0.009934968451797477,0.011511261001516613
2021Q3,B70,LA23,0.011625741457271079,0.013470293831339441
2021Q4,B70,LA23,0.006875415011739499,0.007966275592909366
2022Q1,B70,LA23,0.005596804977336321,0.006484799944890552
2022Q2,B70,LA23,0.005281863794142916,0.006119889862140384
2022Q4,B70,LA23,0.004820403510862706,0.005585213804692891
2023Q2,B70,LA23,0.004940776314980018,0.005724685084586903
2023Q3,B70,LA23,0.01080079149851998,0.012514456443989087
2019Q1,B71,LA23,0.01081243684197884,0.012765345682574996
2019Q2,B71,LA23,0.016474061611411937,0.019449555575598097
2019Q3,B71,LA23,0.005480473353848299,0.006470339470044102
2019Q4,B71,LA23,0.003843251601230348,0.0045374077973191155
2020Q3,B71,LA23,0.006756739581294925,0.007977120949044203
2021Q2,B71,LA23,0.010374194945452542,0.012247949892569013
2021Q3,B71,LA23,0.013057783529267857,0.015416239931426231
2022Q2,B71,LA23,0.004035548911891692,0.004764437252408382
2022Q3,B71,LA23,0.003651260496477701,0.0043107398541010105
2023Q1,B71,LA23,0.0031876647507113397,0.0037634108811628736
2023Q2,B71,LA23,0.004328036795878501,0.005109753391741611
2023Q3,B71,LA23,0.009902760328423554,0.011691366215729148
2019Q1,B72,LA23,0.011269657849066684,0.005449068434013563
2019Q2,B72,LA23,0.028845778248740926,0.01394741719889806
2019Q3,B72,LA23,0.031463377408137365,0.01521307025983361
2019Q4,B72,LA23,0.011818598523967815,0.005714490449820155
2020Q1,B72,LA23,0.012081928550799986,0.005841814930843148
2019Q1,B73,LA23,0.009090747078167549,0.019967674389346404
2019Q2,B73,LA23,0.012107620694373768,0.02659418698773217
2019Q3,B73,LA23,0.02421873062609961,0.053196038027132964
2019Q4,B73,LA23,0.009771543369824687,0.02146303209321781
2020Q1,B73,LA23,0.0071483939797335,0.015701328193023997
2020Q3,B73,LA23,0.004623272408835569,0.010154940763293823
2021Q2,B73,LA23,0.006236945932170663,0.01369934775290721
2021Q3,B73,LA23,0.00344516104250692,0.0075672387895215736
2022Q2,B73,LA23,0.002646092771547771,0.005812098655033693
2019Q1,B74,LA23,0.0173242302003686,0.01580074395759334
2019Q2,B74,LA23,0.018675370645854183,0.017033065624007818
2019Q3,B74,LA23,0.02254860292853313,0.020565687326621347
2019Q4,B74,LA23,0.011247269142516355,0.010258188553697476
2020Q1,B74,LA23,0.009956218139513643,0.009080672086951043
2020Q3,B74,LA23,0.017330175725680227,0.01580616663566076
2021Q2,B74,LA23,0.008088054812928736,0.007376794335793827
2021Q3,B74,LA23,0.002390735364641759,0.0021804950020962127
2022Q2,B74,LA23,0.005290407695959031,0.004825171246763473
2019Q1,B75,LA23,0.008101156443269036,0.003176098695274302
2019Q2,B75,LA23,0.024317669590372848,0.009533863368638791
2019Q3,B75,LA23,0.033062817071246496,0.012962441954732113
2019Q4,B75,LA23,0.02136217120301559,0.008375145519192741
2020Q1,B75,LA23,0.01807582518637349,0.007086717210374039
2020Q3,B75,LA23,0.0233988942898728,0.00917365294021372
2021Q3,B75,LA23,0.013397300377383957,0.005252478278476074
2019Q1,B76,LA23,0.010992646962115191,0.017273832530201212
2019Q2,B76,LA23,0.008405743930647398,0.013208776143741387
2019Q3,B76,LA23,0.021327835990348463,0.0335145364349978
2019Q4,B76,LA23,0.007266269808414504,0.011418207845879704
2020Q1,B76,LA23,0.0037465301787577452,0.005887293124235234
2020Q3,B76,LA23,0.0023360024706547138,0.003670791539771361
2020Q4,B76,LA23,0.003920729614524906,0.006161029913078535
2021Q2,B76,LA23,0.004231399078418163,0.00664921554389469
2021Q3,B76,LA23,0.007436834337835757,0.011686232747158656
2021Q4,B76,LA23,0.003317611229940664,0.005213290391642194
2022Q1,B76,LA23,0.002432396506030361,0.0038222650137879257
2022Q2,B76,LA23,0.006533076990414054,0.010266069512488792
2022Q3,B76,LA23,0.006040524174807225,0.00949207259633255
2022Q4,B76,LA23,0.005964789290688696,0.009373062888346264
2023Q2,B76,LA23,0.003459924715103851,0.005436921635142545
2019Q1,B77,LA23,0.004978097005100361,0.02356507901927203
2019Q2,B77,LA23,0.01521355711918191,0.07201721366827855
2019Q3,B77,LA23,0.01506511108638724,0.07131450689311533
2019Q4,B77,LA23,0.007720919644381013,0.036548922476776886
2020Q1,B77,LA23,0.005211938836779177,0.024672028368767786
2020Q3,B77,LA23,0.014321949220798444,0.06779656257247094
2020Q4,B77,LA23,0.0068493051462371,0.03242291518883928
2021Q2,B77,LA23,0.013172672367456015,0.062356170423365234
2021Q3,B77,LA23,0.022623899375884483,0.10709593966741686
2021Q4,B77,LA23,0.011584090565534486,0.054836217386591564
2022Q1,B77,LA23,0.021044619316320384,0.09962001877655062
2022Q2,B77,LA23,0.016381742933178702,0.07754711615668378
2022Q3,B77,LA23,0.016864654572119858,0.07983310032278483
2022Q4,B77,LA23,0.012773552778716684,0.060466837082302285
2023Q1,B77,LA23,0.011602617681264492,0.05492392016653528
2023Q2,B77,LA23,0.014377637484567284,0.06806017702892173
2023Q3,B77,LA23,0.013779943261363142,0.0652308405204653
2019Q1,B78,LA23,0.006777788446301997,0.00688824719310651
2019Q2,B78,LA23,0.016552829199129687,0.01682259341261774
2019Q3,B78,LA23,0.020665602895788854,0.021002393666984143
2019Q4,B78,LA23,0.009523692725318668,0.009678901931348686
2020Q1,B78,LA23,0.013703909934595592,0.013927244836487263
2020Q3,B78,LA23,0.0687805019981699,0.06990142929112021
2020Q4,B78,LA23,0.0304025110296681,0.030897985813906882
2021Q2,B78,LA23,0.017884767430384713,0.01817623846299393
2021Q3,B78,LA23,0.04733204212680524,0.048103420298084384
2021Q4,B78,LA23,0.03345134197189832,0.03399650406162998
2022Q1,B78,LA23,0.02008201731139696,0.02040929729115699
2022Q2,B78,LA23,0.030071838617592824,0.03056192437847538
2022Q3,B78,LA23,0.029831731175520095,0.03031790386544153
2022Q4,B78,LA23,0.011393969627437205,0.01157965904754032
2023Q1,B78,LA23,0.021299984543481462,0.021647113938013118
2023Q2,B78,LA23,0.024338286329733373,0.024734931434349846
2019Q1,B79,LA23,0.008622400496642606,0.013278403330127048
2019Q2,B79,LA23,0.014977166612926047,0.023064674287210624
2019Q3,B79,LA23,0.01341096409746193,0.020652739385196982
2019Q4,B79,LA23,0.01180180240151729,0.018174647810760818
2020Q1,B79,LA23,0.009202560707787728,0.014171843768514969
2020Q3,B79,LA23,0.026016502248319136,0.0400651315404397
2020Q4,B79,LA23,0.010273394574891228,0.015820916320004142
2021Q2,B79,LA23,0.011175114815665944,0.017209555719508742
2021Q3,B79,LA23,0.027243773262265358,0.041955115602870734
2021Q4,B79,LA23,0.015359761543784796,0.023653866334829236
2022Q1,B79,LA23,0.011210186408910696,0.017263565593060234
2022Q2,B79,LA23,0.009081054304417687,0.013984725224001902
2022Q3,B79,LA23,0.010863508169929105,0.016729684861729294
2022Q4,B79,LA23,0.01034100246548352,0.015925031738898573
2023Q2,B79,LA23,0.014221789285329231,0.021901401388187944
2023Q3,B79,LA23,0.014865754443220832,0.02289310075315749
2019Q2,B8,LA23,0.007737179412651289,0.004306112502150147
2019Q3,B8,LA23,0.012566144873431065,0.006993664054737132
2020Q3,B8,LA23,0.03966491521483796,0.022075433202964973
2020Q4,B8,LA23,0.013317037245530471,0.0074115717777995405
2021Q2,B8,LA23,0.02374378841935374,0.013214560333679971
2021Q3,B8,LA23,0.09648525280082043,0.05369868413279556
2021Q4,B8,LA23,0.02050183008964081,0.011410254584714155
2022Q1,B8,LA23,0.011248705505704405,0.006260445677647879
2022Q2,B8,LA23,0.033026792803564,0.018380998786819664
2022Q3,B8,LA23,0.03561217500030281,0.019819888336415684
2022Q4,B8,LA23,0.008611748175449423,0.004792852085481657
2023Q1,B8,LA23,0.01054743958449461,0.005870157461542191
2023Q2,B8,LA23,0.04058352420499625,0.022586683291161216
2023Q3,B8,LA23,0.05069497852984282,0.028214193984779975
2020Q3,B80,LA23,0.012191227147052005,0.0025560335338585213
2021Q3,B80,LA23,0.06895671476364901,0.014457582751480822
2022Q2,B80,LA23,0.024180025850584,0.005069625574042712
2022Q3,B80,LA23,0.017956471983112638,0.003764784626273287
2022Q4,B80,LA23,0.026250865379268296,0.005503801331307377
2023Q2,B80,LA23,0.015942188271697983,0.003342466458382711
2019Q2,B9,LA23,0.007097142676991301,0.008221719881071909
2019Q3,B9,LA23,0.008243914809878818,0.00955020370521528
2020Q3,B9,LA23,0.015890789115610364,0.01840876289852485
2020Q4,B9,LA23,0.012247818470976021,0.014188545616962615
2021Q2,B9,LA23,0.012876627072197404,0.01491699203735254
2021Q3,B9,LA23,0.030147237582924633,0.03492421582540398
2021Q4,B9,LA23,0.010568041330204569,0.012242599516875823
2022Q1,B9,LA23,0.009191090922249609,0.010647464536563914
2022Q2,B9,LA23,0.021848399540383298,0.02531038603086433
2022Q3,B9,LA23,0.03173039976442157,0.03675823785017925
2022Q4,B9,LA23,0.009135293910885649,0.01058282621400028
2023Q1,B9,LA23,0.006139543632967509,0.007112384553226487
2023Q2,B9,LA23,0.012662863354164328,0.01466935640560708
2023Q3,B9,LA23,0.020233094785225912,0.02343912828335945
2019Q1,B90,LA23,0.008341033848657215,0.03968330270211918
2019Q2,B90,LA23,0.01844339705566909,0.08774630597300774
2019Q3,B90,LA23,0.017439209235240782,0.08296878199086331
2019Q4,B90,LA23,0.014943139066101,0.07109347853508732
2020Q1,B90,LA23,0.008758608326038284,0.04166995503889873
2020Q3,B90,LA23,0.0118035874935595,0.05615674794956938
2020Q4,B90,LA23,0.0016151167424619806,0.007684079426280894
2021Q2,B90,LA23,0.002600915906281822,0.012374117535604287
2021Q3,B90,LA23,0.004647299836541596,0.02210999373784799
2021Q4,B90,LA23,0.0035799219052223344,0.017031836483645868
2022Q1,B90,LA23,0.004093786075389604,0.01947659666356096
2022Q2,B90,LA23,0.00449326064366266,0.021377136872629897
2022Q3,B90,LA23,0.00506381050734201,0.02409158490843128
2022Q4,B90,LA23,0.002638179531078502,0.012551402957221769
2023Q1,B90,LA23,0.003300794255695162,0.015703858776122126
2023Q2,B90,LA23,0.008314970587431155,0.03955930413031087
2023Q3,B90,LA23,0.006753788838608413,0.03213182583018024
2019Q1,B91,LA23,0.015306915149271728,0.019708108865852624
2019Q2,B91,LA23,0.0108761596171409,0.014003379236553823
2019Q3,B91,LA23,0.009989345871264295,0.012861580142678122
2019Q4,B91,LA23,0.005845827694133396,0.007526677157577283
2020Q3,B91,LA23,0.02664344071681134,0.03430422296636244
2020Q4,B91,LA23,0.005963305806872369,0.007677933724471152
2021Q2,B91,LA23,0.006752071376438149,0.008693492872937345
2021Q3,B91,LA23,0.01045251961594453,0.013457930125345723
2021Q4,B91,LA23,0.010427137155639551,0.013425249452192749
2022Q1,B91,LA23,0.010048253395290674,0.012937425333247751
2022Q2,B91,LA23,0.00699112698156712,0.00900128408004403
2022Q3,B91,LA23,0.01246840359830765,0.016053440755535057
2023Q2,B91,LA23,0.024036796817615527,0.030948091359249832
2023Q3,B91,LA23,0.004924421922708411,0.006340339801174516
2019Q1,B92,LA23,0.0145954557573624,0.02265674429179227
2019Q2,B92,LA23,0.02040422926098262,0.031673790289418934
2019Q3,B92,LA23,0.01893593184268522,0.02939453024412146
2019Q4,B92,LA23,0.01086299751553832,0.016862793532690868
2020Q1,B92,LA23,0.006807852923188783,0.01056793192490844
2020Q3,B92,LA23,0.011102729999105656,0.017234933852864263
2020Q4,B92,LA23,0.0046007490828309395,0.007141811619539014
2021Q2,B92,LA23,0.005973144192275582,0.009272201076292277
2021Q3,B92,LA23,0.006152931910668806,0.009551288240828765
2021Q4,B92,LA23,0.004790504306855289,0.007436371492161201
2022Q3,B92,LA23,0.006527551760160177,0.010132816236778754
2022Q4,B92,LA23,0.002395554904766908,0.003718655711513111
2023Q1,B92,LA23,0.009819250629146157,0.015242569628520362
2023Q2,B92,LA23,0.010618560741930122,0.01648335067272002
2023Q3,B92,LA23,0.005206065452840868,0.00808145327506134
2019Q1,B93,LA23,0.01186795503373807,0.012835912799825674
2019Q2,B93,LA23,0.023157991443310974,0.02504677157441354
2019Q3,B93,LA23,0.02731044873176017,0.02953790585222402
2019Q4,B93,LA23,0.02354545429416827,0.02546583613546367
2019Q3,B94,LA23,0.03322377371316279,0.007306950242285473
2019Q4,B94,LA23,0.03098367323838527,0.006814281864266919
2020Q3,B94,LA23,0.03142649908803677,0.006911673162357759
2021Q3,B94,LA23,0.04190046461876936,0.009215226805397264
2021Q4,B94,LA23,0.05300398583033538,0.011657239495091523
2022Q2,B94,LA23,0.06628317257493305,0.014577749297454822
2022Q3,B94,LA23,0.039147185857944335,0.008609694421202164
2023Q2,B94,LA23,0.02270970071869042,0.0049945757095896355
2023Q3,B94,LA23,0.04063675076126352,0.008937296478848491
2021Q2,B95,LA23,0.02453629734489664,0.005265781915334808
2021Q3,B95,LA23,0.04370142637220868,0.009378847078284843
2021Q4,B95,LA23,0.11426273711097748,0.02452214554698433
2022Q1,B95,LA23,0.02505613129798157,0.0053773444787751715
2022Q2,B95,LA23,0.0332191751626918,0.007129231006422602
2022Q3,B95,LA23,0.1182489168471414,0.02537762723890032
2023Q2,B95,LA23,0.05130252400636436,0.01101013324571288
2023Q3,B95,LA23,0.03938070670382615,0.00845156912875623
2019Q1,B97,LA23,0.017490368382604763,0.01412824543685292
2019Q2,B97,LA23,0.008767964052377446,0.007082523672668569
2019Q3,B97,LA23,0.019221190282834692,0.015526356447381947
2019Q4,B97,LA23,0.010557682410711072,0.008528209645442418
2020Q1,B97,LA23,0.005923748470761578,0.004785043429064574
2020Q3,B97,LA23,0.024731499939035475,0.01997743520986776
2020Q4,B97,LA23,0.018020973555308028,0.0145568539113017
2021Q2,B97,LA23,0.021138278944939696,0.01707492869868829
2021Q3,B97,LA23,0.07028871585690406,0.05677731922760479
2021Q4,B97,LA23,0.028311384197177682,0.022869168667286617
2022Q1,B97,LA23,0.015401513302413124,0.012440924929394888
2022Q2,B97,LA23,0.016937744169333857,0.013681850578343004
2022Q3,B97,LA23,0.016580337547437072,0.013393147198033629
2022Q4,B97,LA23,0.02004198134789692,0.016189369219091688
2023Q1,B97,LA23,0.03248041205294689,0.026236796351902156
2023Q2,B97,LA23,0.021236022003069243,0.01715388289134991
2023Q3,B97,LA23,0.025445149574994164,0.02055390203962149
2019Q1,B98,LA23,0.0062933875097780975,0.034395107050772374
2019Q2,B98,LA23,0.0075381953017721205,0.04119832665178176
2019Q3,B98,LA23,0.009598053609813495,0.05245602322686587
2019Q4,B98,LA23,0.009817701448894382,0.05365645954624392
2020Q1,B98,LA23,0.0055531360590902155,0.0303494277006068
2020Q3,B98,LA23,0.014750590005276159,0.08061606273334589
2020Q4,B98,LA23,0.006697744324902308,0.03660502911918112
2021Q2,B98,LA23,0.01280975666912003,0.07000887061922935
2021Q3,B98,LA23,0.02352512627876815,0.12857133546662838
2021Q4,B98,LA23,0.010604348428803288,0.057955703322842014
2022Q1,B98,LA23,0.005536572841928904,0.030258905128068017
2022Q2,B98,LA23,0.008118159261144939,0.04436799043574939
2022Q3,B98,LA23,0.01124597465270396,0.06146236847310616
2022Q4,B98,LA23,0.007869287662711548,0.043007838171692285
2023Q1,B98,LA23,0.003957471172579293,0.021628676832583897
2023Q2,B98,LA23,0.007282550247119406,0.03980115557211776
2023Q3,B98,LA23,0.00905255225483782,0.04947470712777325
2019Q1,BA1,LA23,0.004148674193819711,0.014594957262522096
2019Q2,BA1,LA23,0.010571782046280322,0.03719132907183043
2019Q3,BA1,LA23,0.01324780638037568,0.04660553201111485
2019Q4,BA1,LA23,0.00787493829794569,0.02770388382744875
2020Q1,BA1,LA23,0.004088045100033086,0.01438166525853696
2020Q3,BA1,LA23,0.0144364037976509,0.0507869952200886
2020Q4,BA1,LA23,0.01042310717697441,0.03666829369663434
2021Q2,BA1,LA23,0.02291455019818556,0.0806129537312539
2021Q3,BA1,LA23,0.020536327751876027,0.0722464121945948
2021Q4,BA1,LA23,0.012361737864978134,0.04348835975083983
2022Q1,BA1,LA23,0.005752858358708266,0.020238446780846183
2022Q2,BA1,LA23,0.024373923313982398,0.08574700072073754
2022Q3,BA1,LA23,0.022112005966567275,0.07778961831985874
2022Q4,BA1,LA23,0.010991253166343041,0.03866702052991067
2023Q1,BA1,LA23,0.009622289333111407,0.03385103168467469
2023Q2,BA1,LA23,0.014038101479825543,0.04938577520746759
2023Q3,BA1,LA23,0.012474487427186074,0.043885010575877965
2021Q3,BA10,LA23,0.027812092858935586,0.0034060925477070914
2022Q3,BA10,LA23,0.05871776373015805,0.007191049536391177
2019Q1,BA11,LA23,0.0019402344058754024,0.005096738964379806
2019Q2,BA11,LA23,0.01898213242233429,0.049863549296394284
2019Q3,BA11,LA23,0.008210022123391853,0.021566641395492626
2019Q4,BA11,LA23,0.005501918179765898,0.01445281079478149
2020Q1,BA11,LA23,0.002832595803947332,0.007440854239363603
2020Q3,BA11,LA23,0.007062263871036915,0.018551632390007775
2020Q4,BA11,LA23,0.003455578064949769,0.009077346177736359
2021Q2,BA11,LA23,0.004771288855814775,0.0125335442707864
2021Q3,BA11,LA23,0.011417882579919695,0.02999326620513873
2021Q4,BA11,LA23,0.00975833974856505,0.025633866853179414
2022Q1,BA11,LA23,0.010774284709060809,0.02830261978846602
2022Q2,BA11,LA23,0.010701620877257042,0.028111741520492874
2022Q3,BA11,LA23,0.009619783032921051,0.025269896701294262
2022Q4,BA11,LA23,0.006807692742115313,0.017882907730733692
2023Q1,BA11,LA23,0.004808584117971632,0.0126315139878711
2023Q2,BA11,LA23,0.006464603854450941,0.016981658635928685
2023Q3,BA11,LA23,0.007393875176177738,0.01942273139475793
2019Q2,BA12,LA23,0.008314646851239886,0.012624572959944805
2019Q3,BA12,LA23,0.013946681048050429,0.021175991667515773
2019Q4,BA12,LA23,0.004393180006384806,0.006670400139544739
2020Q3,BA12,LA23,0.009881976449320784,0.015004333305425097
2020Q4,BA12,LA23,0.0026667555493627786,0.004049077561754495
2021Q2,BA12,LA23,0.007986695251860194,0.012126626508607295
2021Q3,BA12,LA23,0.013297349262201514,0.020190076492484808
2021Q4,BA12,LA23,0.00837102766925434,0.012710178971035787
2022Q2,BA12,LA23,0.010183832872795135,0.015462658055683337
2022Q3,BA12,LA23,0.00255737485765737,0.0038829990081430156
2022Q4,BA12,LA23,0.0026802793266567865,0.004069611436036455
2023Q1,BA12,LA23,0.0033564205724230466,0.0050962328477601815
2023Q2,BA12,LA23,0.0027900885887694,0.004236340711016025
2019Q2,BA13,LA23,0.007224579505350655,0.007330231606788258
2019Q3,BA13,LA23,0.008789027375905561,0.008917557930683086
2019Q4,BA13,LA23,0.009529706576349571,0.0096690688084531
2020Q3,BA13,LA23,0.01577374482731216,0.01600441974580559
2020Q4,BA13,LA23,0.006815901882246327,0.006915577490566301
2021Q2,BA13,LA23,0.005836643312638713,0.0059219982638667144
2021Q3,BA13,LA23,0.014746884400296752,0.014962542533118859
2021Q4,BA13,LA23,0.016945976196111844,0.017193793801926108
2022Q1,BA13,LA23,0.002521045675707914,0.0025579133955885604
2022Q2,BA13,LA23,0.015778162963778153,0.01600890249300799
2022Q3,BA13,LA23,0.01851869025747409,0.018789507201231882
2022Q4,BA13,LA23,0.004746076208194315,0.004815482728616352
2023Q1,BA13,LA23,0.002248760200924717,0.0022816460236471307
2023Q2,BA13,LA23,0.009504052880740578,0.009643039953729487
2023Q3,BA13,LA23,0.005854030817440362,0.005939640043179383
2019Q1,BA14,LA23,0.002478147845660932,0.010017927764123708
2019Q2,BA14,LA23,0.0073075993402578095,0.029541014854316008
2019Q3,BA14,LA23,0.0114502821566474,0.04628783537873834
2019Q4,BA14,LA23,0.005007877567147423,0.020244375575533227
2020Q1,BA14,LA23,0.0036087638992104727,0.014588450048841194
2020Q3,BA14,LA23,0.007835455061908197,0.031674874825032416
2020Q4,BA14,LA23,0.002028934810558736,0.008201981332906505
2021Q2,BA14,LA23,0.00461398448417021,0.01865206038781637
2021Q3,BA14,LA23,0.015850123159798394,0.06407421943987197
2021Q4,BA14,LA23,0.0058550079300467885,0.023668905228669542
2022Q1,BA14,LA23,0.0021268759867101783,0.008597909134202308
2022Q2,BA14,LA23,0.007283006733024748,0.029441599089746664
2022Q3,BA14,LA23,0.009962903385659434,0.04027509763521015
2022Q4,BA14,LA23,0.003602736474746806,0.014564084148724924
2023Q1,BA14,LA23,0.0016365083412492394,0.006615594939876694
2023Q2,BA14,LA23,0.007945164918466441,0.032118377588573034
2023Q3,BA14,LA23,0.006403181616654815,0.02588490069651379
2019Q4,BA15,LA23,0.015590888038847582,0.004473637103246271
2020Q3,BA15,LA23,0.02395807018672832,0.006874509742002383
2020Q4,BA15,LA23,0.010651110925462831,0.0030562213587972307
2021Q2,BA15,LA23,0.025973642372504928,0.007452856433486155
2022Q2,BA15,LA23,0.011526986524632665,0.003307544411628534
2023Q2,BA15,LA23,0.03880335526299146,0.011134204119895423
2023Q3,BA15,LA23,0.024679735237367675,0.007081583741803548
2019Q2,BA16,LA23,0.010465063647860966,0.00943647207054795
2020Q3,BA16,LA23,0.008906136885661409,0.008030769310724533
2021Q3,BA16,LA23,0.013689400802555369,0.012343895143175208
2021Q4,BA16,LA23,0.017035616811202206,0.015361217824635488
2022Q1,BA16,LA23,0.0026068443558208915,0.0023506224886646982
2022Q2,BA16,LA23,0.003191061020227124,0.0028774175873208753
2022Q3,BA16,LA23,0.011298410311760768,0.010187910645943729
2023Q3,BA16,LA23,0.007215789438180242,0.00650656295953446
2019Q1,BA2,LA23,0.003885613159321685,0.017780310661698127
2019Q2,BA2,LA23,0.0110649974989612,0.050632701953476966
2019Q3,BA2,LA23,0.011993107224905816,0.05487967111350514
2019Q4,BA2,LA23,0.007823415603867755,0.03579943606548538
2020Q1,BA2,LA23,0.0040589928222847975,0.018573684614148614
2020Q3,BA2,LA23,0.0139229731371132,0.06371061079985799
2020Q4,BA2,LA23,0.006701827888951724,0.030667124332983305
2021Q2,BA2,LA23,0.00990084304641438,0.04530560762479322
2021Q3,BA2,LA23,0.02951770986304889,0.135071102002985
2021Q4,BA2,LA23,0.01293145572070372,0.059173492212035814
2022Q1,BA2,LA23,0.006189146769461692,0.028321129196269473
2022Q2,BA2,LA23,0.01075596993601282,0.04921861211824262
2022Q3,BA2,LA23,0.007411273516131508,0.033913500936011365
2022Q4,BA2,LA23,0.008712071304621549,0.03986586619705562
2023Q1,BA2,LA23,0.003920026802439671,0.01793778523277597
2023Q2,BA2,LA23,0.008484337678239763,0.03882377207724619
2023Q3,BA2,LA23,0.007778747390325722,0.035595037253530804
2019Q1,BA20,LA23,0.002926941172542195,0.011422401383585173
2019Q2,BA20,LA23,0.009190681618404391,0.035866677273521365
2019Q3,BA20,LA23,0.011079211850145824,0.04323667518613737
2019Q4,BA20,LA23,0.005000261418620391,0.01951354317679364
2020Q1,BA20,LA23,0.0017022395164661053,0.006642997539710717
2020Q3,BA20,LA23,0.0038515767495930007,0.015030795974394103
2020Q4,BA20,LA23,0.0005804748284725348,0.002265305687070642
2021Q2,BA20,LA23,0.0026451243580167816,0.010322609969138412
2021Q3,BA20,LA23,0.0046160263968307285,0.018014064237590992
2021Q4,BA20,LA23,0.00319890153152047,0.01248372793494038
2022Q2,BA20,LA23,0.004150420035260932,0.016197033270760303
2022Q3,BA20,LA23,0.0037752262734468407,0.014732837890183
2022Q4,BA20,LA23,0.0027738696768082553,0.01082503916767832
2023Q2,BA20,LA23,0.002348393169966093,0.009164615143434687
2023Q3,BA20,LA23,0.0041516984101345284,0.01620202213458233
2019Q2,BA21,LA23,0.005164198482971264,0.005116332907796746
2019Q3,BA21,LA23,0.009346686213247907,0.009260054277421258
2019Q4,BA21,LA23,0.006958455141144766,0.006893959080670858
2020Q3,BA21,LA23,0.014548614733324666,0.014413767512696078
2021Q2,BA21,LA23,0.005092898200085252,0.005045693488171838
2021Q3,BA21,LA23,0.02970324538178285,0.02942793394101676
2021Q4,BA21,LA23,0.007839236220112308,0.007766576435279891
2022Q1,BA21,LA23,0.007245845636544069,0.007178685830397461
2022Q2,BA21,LA23,0.005052394968763104,0.0050055656704729385
2022Q3,BA21,LA23,0.01315866060042088,0.013036696493068631
2023Q1,BA21,LA23,0.005059838805870959,0.005012940512644628
2023Q3,BA21,LA23,0.011493941303683072,0.011387407034456766
2019Q2,BA22,LA23,0.009100643972367449,0.0036579940195322533
2021Q3,BA22,LA23,0.015377899179682825,0.0061811299731151
2022Q2,BA22,LA23,0.00676886590398251,0.0027207383423595885
2022Q3,BA22,LA23,0.011914858882487205,0.004789164664395812
2023Q2,BA22,LA23,0.008617487612598727,0.0034637898423444274
2019Q2,BA3,LA23,0.003855651116111904,0.008386063177701812
2019Q3,BA3,LA23,0.014986397905504122,0.03259550095613166
2019Q4,BA3,LA23,0.00395138918117495,0.008594294015490696
2020Q1,BA3,LA23,0.0016950291449877224,0.0036866980621024564
2020Q3,BA3,LA23,0.007926347212394932,0.017239850414312054
2020Q4,BA3,LA23,0.0035253215492606987,0.007667594484955939
2021Q2,BA3,LA23,0.004134421745840617,0.008992390888013466
2021Q3,BA3,LA23,0.03477708483083685,0.07564035794343088
2021Q4,BA3,LA23,0.008633778379966685,0.018778517240348576
2022Q2,BA3,LA23,0.004824300934817479,0.01049288206045536
2022Q3,BA3,LA23,0.005736106277391871,0.012476063883271762
2022Q4,BA3,LA23,0.0025483943770132148,0.00554277231101856
2023Q1,BA3,LA23,0.011649195005615565,0.025337065606956026
2023Q2,BA3,LA23,0.006277857404590634,0.01365437567613475
2023Q3,BA3,LA23,0.003215535775537604,0.006993808659485596
2019Q2,BA4,LA23,0.003787212068945446,0.005184441744323526
2019Q3,BA4,LA23,0.0067289365038391705,0.009211467081937184
2019Q4,BA4,LA23,0.0025242094581834013,0.0034554750693077184
2020Q1,BA4,LA23,0.004161523092341532,0.005696848670507486
2021Q2,BA4,LA23,0.002377590663072982,0.003254763678438991
2021Q3,BA4,LA23,0.004181646205071024,0.005724395875089973
2022Q3,BA4,LA23,0.003168782864353267,0.004337853244438104
2023Q1,BA4,LA23,0.008329436989513167,0.011402445928297074
2023Q3,BA4,LA23,0.0022626089927000066,0.0030973614097353818
2019Q1,BA5,LA23,0.0023592960006004306,0.003314846951425991
2019Q2,BA5,LA23,0.010056713405661012,0.014129836089086032
2019Q3,BA5,LA23,0.013920036806299586,0.01955786453219801
2019Q4,BA5,LA23,0.0161039564296006,0.022626304992240488
2020Q3,BA5,LA23,0.007155798751575739,0.0100540066488656
2021Q2,BA5,LA23,0.006492322333582383,0.009121812137889191
2021Q3,BA5,LA23,0.04556322538014757,0.06401702826185426
2021Q4,BA5,LA23,0.011087821525364172,0.015578558761577634
2022Q1,BA5,LA23,0.004086197546789914,0.0057411700259118546
2022Q2,BA5,LA23,0.009874029679307452,0.013873162660561541
2022Q3,BA5,LA23,0.0242094017969872,0.03401457965518804
2022Q4,BA5,LA23,0.007352685494400726,0.010330635532678193
2023Q1,BA5,LA23,0.01865082487599222,0.026204694097743036
2023Q2,BA5,LA23,0.013295309922375029,0.018680113709018484
2023Q3,BA5,LA23,0.01806047340874489,0.025375241260550654
2019Q4,BA6,LA23,0.005842393087300544,0.005856853824683457
2020Q3,BA6,LA23,0.007354830381797086,0.00737303461233375
2020Q4,BA6,LA23,0.0052408079908105275,0.005253779721212254
2021Q2,BA6,LA23,0.007534058168007095,0.007552706012300892
2021Q3,BA6,LA23,0.01992313381236301,0.01997244634604573
2021Q4,BA6,LA23,0.00331156692307147,0.003319763512873784
2022Q1,BA6,LA23,0.007407264426293938,0.007425598438400596
2022Q2,BA6,LA23,0.02231851137196335,0.022373752799047242
2022Q3,BA6,LA23,0.007369038781750153,0.007387278180057505
2022Q4,BA6,LA23,0.0030273268001524967,0.003034819856024485
2023Q2,BA6,LA23,0.007446067061698762,0.0074644971157375485
2023Q3,BA6,LA23,0.005844845298459956,0.005859312105407353
2019Q2,BA9,LA23,0.010590660766375172,0.007831937781585845
2019Q3,BA9,LA23,0.010023300447813152,0.007412367103916095
2020Q3,BA9,LA23,0.009017734210279052,0.006668737184937398
2021Q2,BA9,LA23,0.01258487900137595,0.00930668930880106
2021Q3,BA9,LA23,0.017422253890483838,0.01288399387869012
2022Q2,BA9,LA23,0.008544233258565136,0.006318576786530608
2022Q3,BA9,LA23,0.006751128271071175,0.004992551243111133
2022Q4,BA9,LA23,0.010412816820232778,0.0077004197628573814
2023Q3,BA9,LA23,0.003133436300119624,0.002317218791769398
2019Q1,BB1,LA23,0.05745512067549775,0.16216352465155162
2019Q2,BB1,LA23,0.0782441546586356,0.2208392873193726
2019Q3,BB1,LA23,0.07149343696704892,0.2017858041498188
2019Q4,BB1,LA23,0.062282950132254426,0.17578977470411006
2020Q1,BB1,LA23,0.05034182008586832,0.14208667367711453
2020Q2,BB1,LA23,0.006150050474311935,0.017358137098556017
2020Q3,BB1,LA23,0.12409139673049405,0.3502402925303161
2020Q4,BB1,LA23,0.02962067113027132,0.083602512301009
2021Q1,BB1,LA23,0.0037774815702547007,0.01066170810428767
2021Q2,BB1,LA23,0.08748704698770904,0.2469267792684852
2021Q3,BB1,LA23,0.10595846051361046,0.299061201534766
2021Q4,BB1,LA23,0.06064661356462145,0.17117131594527654
2022Q1,BB1,LA23,0.04237590916731724,0.11960338278110542
2022Q2,BB1,LA23,0.07349901685052114,0.20744642933083596
2022Q3,BB1,LA23,0.07364429080945857,0.207856456095107
2022Q4,BB1,LA23,0.04268736055027638,0.12048243504702112
2023Q1,BB1,LA23,0.038129892822072985,0.1076192642521099
2023Q2,BB1,LA23,0.08147735200996177,0.22996478687834765
2023Q3,BB1,LA23,0.059868625532011686,0.16897549283984312
2019Q1,BB10,LA23,0.07307775225596032,0.03638710976324512
2019Q2,BB10,LA23,0.04661434254793989,0.023210363571288608
2019Q3,BB10,LA23,0.05868039116210193,0.029218329358117467
2019Q4,BB10,LA23,0.08460638651401171,0.04212748446304041
2020Q1,BB10,LA23,0.05649820717300959,0.028131769278155208
2020Q2,BB10,LA23,0.012338458593103814,0.0061436050408885615
2020Q3,BB10,LA23,0.14646058626339012,0.07292612681475218
2020Q4,BB10,LA23,0.05746558205558432,0.02861344769529046
2021Q2,BB10,LA23,0.06537229621515753,0.03255038427461073
2021Q3,BB10,LA23,0.14915361156693724,0.0742670466472635
2021Q4,BB10,LA23,0.1038435261783018,0.05170610300132897
2022Q1,BB10,LA23,0.04772895821870597,0.02376535659589537
2022Q2,BB10,LA23,0.09330462881602186,0.046458541284300686
2022Q3,BB10,LA23,0.09669450672561464,0.048146440210752574
2022Q4,BB10,LA23,0.05508591535254698,0.02742855638637234
2023Q1,BB10,LA23,0.0885452954099472,0.04408875866646444
2023Q2,BB10,LA23,0.14023552453778534,0.06982652403141561
2023Q3,BB10,LA23,0.12263734619136095,0.061063982391086465
2019Q1,BB11,LA23,0.03831098710243524,0.07144826628544497
2019Q2,BB11,LA23,0.032263959035592184,0.06017083116219546
2019Q3,BB11,LA23,0.045559387853122815,0.08496620738140348
2019Q4,BB11,LA23,0.04137602269724819,0.07716441968987248
2020Q1,BB11,LA23,0.03543816803552022,0.06609058805246099
2020Q2,BB11,LA23,0.0021100009138452927,0.0039350567175902365
2020Q3,BB11,LA23,0.06867255303113927,0.12807121994406392
2020Q4,BB11,LA23,0.03320263321337853,0.061921416247106724
2021Q2,BB11,LA23,0.05499893296115918,0.1025705340642203
2021Q3,BB11,LA23,0.08007248961753116,0.1493315884823087
2021Q4,BB11,LA23,0.06773806590156044,0.12632844351556974
2022Q1,BB11,LA23,0.049905815275302134,0.09307209885895533
2022Q2,BB11,LA23,0.04499944769329428,0.08392194419036708
2022Q3,BB11,LA23,0.03973737485847008,0.07410841523819796
2022Q4,BB11,LA23,0.028776574337326208,0.05366701569288184
2023Q1,BB11,LA23,0.035327056182160914,0.06588336944791136
2023Q2,BB11,LA23,0.08924604085749419,0.16643984857551808
2023Q3,BB11,LA23,0.05153093274533552,0.0961028697820228
2019Q1,BB12,LA23,0.0434570291164046,0.07777400100702457
2019Q2,BB12,LA23,0.07648200705437264,0.13687801063742322
2019Q3,BB12,LA23,0.06310554487146,0.11293847762200232
2019Q4,BB12,LA23,0.07566880147399478,0.1354226361465022
2020Q1,BB12,LA23,0.041750626547772285,0.07472009332420278
2020Q2,BB12,LA23,0.005025359200595239,0.00899376463312388
2020Q3,BB12,LA23,0.09027672734119764,0.16156609013327053
2020Q4,BB12,LA23,0.02850651378516458,0.05101742288676678
2021Q3,BB12,LA23,0.08344990507563994,0.14934829033075636
2021Q4,BB12,LA23,0.052898883624611086,0.09467186119121808
2022Q1,BB12,LA23,0.06804941787524356,0.12178640836629975
2022Q2,BB12,LA23,0.06209038118604419,0.11112166356229436
2022Q3,BB12,LA23,0.07023936446451985,0.12570570316630736
2022Q4,BB12,LA23,0.04356020995262523,0.07795866127081373
2023Q1,BB12,LA23,0.02063548044920965,0.03693082361747164
2023Q2,BB12,LA23,0.027563342366837718,0.049329451657940664
2023Q3,BB12,LA23,0.025352307133666697,0.04537241501858381
2019Q1,BB18,LA23,0.0578110923468092,0.024309865776238445
2019Q2,BB18,LA23,0.0457094928180617,0.019221080073024185
2019Q3,BB18,LA23,0.06642072823670964,0.027930262561169924
2019Q4,BB18,LA23,0.07462922418030893,0.031381977907017564
2020Q1,BB18,LA23,0.05529059921657832,0.023249985272367886
2020Q2,BB18,LA23,0.010826995833106487,0.004552808203030586
2020Q3,BB18,LA23,0.1636006199597684,0.06879491375586985
2020Q4,BB18,LA23,0.0767501248393851,0.03227382769317237
2021Q2,BB18,LA23,0.08942429017232585,0.037603380302580036
2021Q3,BB18,LA23,0.1826584641552565,0.07680883661339827
2021Q4,BB18,LA23,0.0909684984268182,0.03825272792555987
2022Q1,BB18,LA23,0.09520686091131177,0.04003498145038485
2022Q2,BB18,LA23,0.09237480945159196,0.03884408904440545
2022Q3,BB18,LA23,0.1340170217596863,0.05635485645496575
2022Q4,BB18,LA23,0.10469253967579616,0.04402375883202965
2023Q1,BB18,LA23,0.06622609025162053,0.02784841627353902
2023Q2,BB18,LA23,0.10867969536151303,0.0457003785881013
2023Q3,BB18,LA23,0.09521545799545883,0.04003859656909646
2019Q1,BB2,LA23,0.07156642536136514,0.20159535969609105
2019Q2,BB2,LA23,0.08602647131562234,0.2423278421506944
2019Q3,BB2,LA23,0.08394222962495825,0.2364567447582872
2019Q4,BB2,LA23,0.06251957617661699,0.17611130336232084
2020Q1,BB2,LA23,0.052241386302892864,0.1471586852295069
2020Q2,BB2,LA23,0.006940045876807458,0.01954940515441284
2020Q3,BB2,LA23,0.0858692330136469,0.2418849178061476
2020Q4,BB2,LA23,0.03994137777970678,0.11251080907841858
2021Q2,BB2,LA23,0.06845828665729889,0.19284004829318516
2021Q3,BB2,LA23,0.09515578975669547,0.2680442060128728
2021Q4,BB2,LA23,0.05621926380265567,0.15836396258327262
2022Q1,BB2,LA23,0.05981880428460625,0.16850350294085498
2022Q2,BB2,LA23,0.06566056911289488,0.18495916180424404
2022Q3,BB2,LA23,0.07580626402827798,0.21353855508127112
2022Q4,BB2,LA23,0.04965842763420356,0.13988275270576706
2023Q1,BB2,LA23,0.052234404778547884,0.1471390189837157
2023Q2,BB2,LA23,0.0800437156298817,0.2254750263456476
2023Q3,BB2,LA23,0.04961481877441638,0.13975991097194645
2019Q1,BB3,LA23,0.059541006164923874,0.06481126984279555
2019Q2,BB3,LA23,0.0921952618719632,0.10035591234148647
2019Q3,BB3,LA23,0.11441739383823032,0.12454503315275707
2019Q4,BB3,LA23,0.07198176008805747,0.07835321532699914
2020Q1,BB3,LA23,0.06565304728563646,0.07146431741252454
2020Q2,BB3,LA23,0.01287077613876217,0.01401003105498319
2020Q3,BB3,LA23,0.1435441920563647,0.15624998576547008
2020Q4,BB3,LA23,0.05917089745539617,0.06440840101357345
2021Q1,BB3,LA23,0.005990952072351318,0.006521240341503607
2021Q2,BB3,LA23,0.08681367399580843,0.09449797398118953
2021Q3,BB3,LA23,0.15137127389495333,0.1647698806378758
2021Q4,BB3,LA23,0.10288962344209926,0.11199688380237574
2022Q1,BB3,LA23,0.07533724854448443,0.08200571436608974
2022Q2,BB3,LA23,0.09666645671639028,0.10522287436055618
2022Q3,BB3,LA23,0.11036300304123434,0.1201317685319947
2022Q4,BB3,LA23,0.07361795675743937,0.08013423971146216
2023Q1,BB3,LA23,0.0644617515739747,0.07016757433066913
2023Q2,BB3,LA23,0.12104560774819985,0.13175994247264486
2023Q3,BB3,LA23,0.10601163520900897,0.11539523999603997
2019Q1,BB4,LA23,0.047967165402507214,0.1126386396760612
2019Q3,BB4,LA23,0.08417758236126277,0.19766955768240246
2019Q4,BB4,LA23,0.06224240994722631,0.1461604063484822
2020Q1,BB4,LA23,0.05138614486413893,0.12066723991555875
2020Q2,BB4,LA23,0.003671149287380207,0.0086207566844597
2020Q3,BB4,LA23,0.07720504049436727,0.18129632352563824
2020Q4,BB4,LA23,0.049811361236821186,0.11696926268307607
2021Q2,BB4,LA23,0.0614087100239306,0.14420267496139558
2021Q3,BB4,LA23,0.0808284961236175,0.18980508383241215
2021Q4,BB4,LA23,0.06294811597972391,0.1478175767658854
2022Q1,BB4,LA23,0.06805875778155998,0.15981861405045128
2022Q2,BB4,LA23,0.06395436287536327,0.15018049065816955
2022Q3,BB4,LA23,0.07203131005114433,0.1691471386762705
2022Q4,BB4,LA23,0.05536448564742789,0.13000935738773362
2023Q1,BB4,LA23,0.06181861684812957,0.1451652364695495
2023Q2,BB4,LA23,0.04380959622414109,0.1028756500834804
2023Q3,BB4,LA23,0.046033801825169085,0.10809862899326972
2019Q1,BB5,LA23,0.04772710526190815,0.1682756058572749
2019Q2,BB5,LA23,0.059065913994436135,0.20825382994388747
2019Q3,BB5,LA23,0.07078743989669269,0.2495814332407965
2019Q4,BB5,LA23,0.04983581268103612,0.17571045899957724
2020Q1,BB5,LA23,0.04187983574150813,0.14765937917106522
2020Q2,BB5,LA23,0.00407673864555716,0.01437371199737141
2020Q3,BB5,LA23,0.08700424687788574,0.3067584399931572
2020Q4,BB5,LA23,0.03578906926599068,0.12618463409322178
2021Q1,BB5,LA23,0.001511858936839545,0.005330492540272672
2021Q2,BB5,LA23,0.056348320640379174,0.19867217470588114
2021Q3,BB5,LA23,0.0923008490801311,0.3254331310241082
2021Q4,BB5,LA23,0.04996330304401112,0.17615996286017915
2022Q1,BB5,LA23,0.052882067454974105,0.18645090438940384
2022Q2,BB5,LA23,0.06847581834830017,0.2414311481054661
2022Q3,BB5,LA23,0.07185487690231232,0.2533449887267078
2022Q4,BB5,LA23,0.04172966493113884,0.14712990888456245
2023Q1,BB5,LA23,0.037881063697210574,0.13356056080052486
2023Q2,BB5,LA23,0.06426059773054256,0.22656917817490424
2023Q3,BB5,LA23,0.04291483109452581,0.15130855230094115
2019Q1,BB6,LA23,0.08486561750961759,0.014897108884438673
2019Q2,BB6,LA23,0.2797753397703236,0.04911109848775926
2019Q3,BB6,LA23,0.19992120051598544,0.03509369259060438
2019Q4,BB6,LA23,0.16417111790178493,0.0288182080191162
2020Q1,BB6,LA23,0.1164280039438702,0.020437495217107568
2020Q3,BB6,LA23,0.2913284714858108,0.051139107782599655
2020Q4,BB6,LA23,0.05969454430682473,0.01047863849273161
2021Q2,BB6,LA23,0.12974814821094355,0.022775681697404317
2021Q3,BB6,LA23,0.26651780294097543,0.046783901968345816
2021Q4,BB6,LA23,0.18840184386558687,0.03307161209045103
2022Q1,BB6,LA23,0.12899479950305284,0.02264344065493353
2022Q2,BB6,LA23,0.1352889064496235,0.02374829323557655
2022Q3,BB6,LA23,0.1333946195673986,0.02341577461648243
2022Q4,BB6,LA23,0.12105065705959316,0.021248944763116118
2023Q1,BB6,LA23,0.13779649908693267,0.024188470089902492
2023Q2,BB6,LA23,0.07771683665989047,0.013642228877263731
2023Q3,BB6,LA23,0.06413390591078638,0.011257913482206805
2019Q1,BB7,LA23,0.1345188171789245,0.2460542342162504
2019Q2,BB7,LA23,0.13893223609660213,0.25412701120640385
2019Q3,BB7,LA23,0.1649710638173677,0.3017557664176535
2019Q4,BB7,LA23,0.14163871772533929,0.25907755477008604
2020Q1,BB7,LA23,0.14022112533960246,0.2564845747229948
2020Q2,BB7,LA23,0.016299209488582506,0.029813594805171588
2020Q3,BB7,LA23,0.2725177973787181,0.4984741863670309
2020Q4,BB7,LA23,0.11490597610078405,0.2101795313791892
2021Q1,BB7,LA23,0.007928999019594568,0.014503277851995603
2021Q2,BB7,LA23,0.20390609664670103,0.3729735327340461
2021Q3,BB7,LA23,0.2004543542522532,0.36665980020658895
2021Q4,BB7,LA23,0.1859285286075682,0.3400899791189731
2022Q1,BB7,LA23,0.1684495666625626,0.30811844765246577
2022Q2,BB7,LA23,0.18313607359570705,0.3349821778913358
2022Q3,BB7,LA23,0.1358894503098791,0.2485613190427537
2022Q4,BB7,LA23,0.1286649586959948,0.23534668640669945
2023Q1,BB7,LA23,0.10579354852148797,0.19351159274505428
2023Q2,BB7,LA23,0.16001204002278838,0.2926849997559723
2023Q3,BB7,LA23,0.14720141301742226,0.2692525232910422
2019Q1,BB8,LA23,0.058120867307571523,0.07515210001024047
2019Q2,BB8,LA23,0.0527616743733872,0.06822249585907311
2019Q3,BB8,LA23,0.06339422771369957,0.08197072001696132
2019Q4,BB8,LA23,0.0669129140283572,0.08652049152027416
2020Q1,BB8,LA23,0.058275254024160124,0.07535172686549572
2020Q2,BB8,LA23,0.006135208454943602,0.007933016500762531
2020Q3,BB8,LA23,0.08728972393979455,0.11286834431899705
2020Q4,BB8,LA23,0.038687208699538594,0.05002377135769296
2021Q1,BB8,LA23,0.0008916517865706405,0.0011529336595074676
2021Q2,BB8,LA23,0.051075554470449085,0.06604229006647384
2021Q3,BB8,LA23,0.08813977351081217,0.11396748501207572
2021Q4,BB8,LA23,0.06079912176771037,0.07861516682884258
2022Q1,BB8,LA23,0.04810820934578183,0.062205419973091
2022Q2,BB8,LA23,0.0602269235529871,0.07787529663332396
2022Q3,BB8,LA23,0.04848643163879348,0.06269447323239792
2022Q4,BB8,LA23,0.03990429717229017,0.05159750483523213
2023Q1,BB8,LA23,0.025470788721471148,0.03293452678890668
2023Q2,BB8,LA23,0.04623521497459343,0.05978357964580752
2023Q3,BB8,LA23,0.03860657644842641,0.049919511334050065
2019Q1,BB9,LA23,0.03961222493521658,0.07097540875796605
2019Q2,BB9,LA23,0.05921853041338089,0.10610510793093812
2019Q3,BB9,LA23,0.06681115565943227,0.11970923345698145
2019Q4,BB9,LA23,0.05872457154075969,0.10522005456796113
2020Q1,BB9,LA23,0.03278985432200512,0.058751390951267926
2020Q2,BB9,LA23,0.005663074440387798,0.010146842897379809
2020Q3,BB9,LA23,0.0662379034950293,0.11868210592863808
2020Q4,BB9,LA23,0.031024983375762087,0.05558917431184621
2021Q1,BB9,LA23,0.00733908847645095,0.013149849708742105
2021Q2,BB9,LA23,0.06841356615136822,0.12258036073774407
2021Q3,BB9,LA23,0.06851105856508058,0.1227550432738892
2021Q4,BB9,LA23,0.038316899405346425,0.06865450254511081
2022Q1,BB9,LA23,0.0356665665244635,0.06390575490791084
2022Q2,BB9,LA23,0.04943301185674588,0.08857185448199158
2022Q3,BB9,LA23,0.06427211585678555,0.115159895767914
2022Q4,BB9,LA23,0.023386759442833645,0.04190334710292044
2023Q1,BB9,LA23,0.03063154337837162,0.05488422616308177
2023Q2,BB9,LA23,0.051129444419853086,0.0916114462947154
2023Q3,BB9,LA23,0.028353545969890925,0.050802612532922765
2019Q1,BD1,LA23,0.01820222418829241,0.008719883239532114
2019Q2,BD1,LA23,0.01828115890177779,0.008757697381255581
2019Q3,BD1,LA23,0.033975734400663815,0.016276276672918852
2019Q4,BD1,LA23,0.01291872989578267,0.0061887940247837185
2020Q1,BD1,LA23,0.009859443772745207,0.004723224899096
2020Q3,BD1,LA23,0.015485843742193337,0.007418585108100069
2021Q2,BD1,LA23,0.013170626715681514,0.006309466687377346
2021Q3,BD1,LA23,0.016303565114399406,0.007810319371690401
2021Q4,BD1,LA23,0.00976903862288337,0.004679915776930881
2022Q1,BD1,LA23,0.007841703458049213,0.003756614457985043
2022Q2,BD1,LA23,0.028892218110769988,0.013840988104028187
2022Q3,BD1,LA23,0.01523847472612731,0.0073000815167334095
2023Q1,BD1,LA23,0.006061220064192628,0.0029036633491671825
2023Q2,BD1,LA23,0.014614392431171219,0.007001111199283054
2023Q3,BD1,LA23,0.01568687823237024,0.007514891870577425
2019Q1,BD10,LA23,0.034618076403088636,0.06309112405743607
2019Q2,BD10,LA23,0.05042553841709856,0.09190007737265052
2019Q3,BD10,LA23,0.04855895736256697,0.08849825066502315
2019Q4,BD10,LA23,0.03538049839471432,0.06448063108543146
2020Q1,BD10,LA23,0.025008734641844586,0.045578187575648806
2020Q2,BD10,LA23,0.004145753883072289,0.0075555981072701825
2020Q3,BD10,LA23,0.07902604314083629,0.14402423270179038
2020Q4,BD10,LA23,0.041675260336084624,0.07595277650248843
2021Q2,BD10,LA23,0.07255680248580328,0.13223410144285996
2021Q3,BD10,LA23,0.06621205346412032,0.12067085503427034
2021Q4,BD10,LA23,0.05264901135614803,0.09595233623887127
2022Q1,BD10,LA23,0.043622019080546255,0.07950072630843917
2022Q2,BD10,LA23,0.0529547259917744,0.09650949833470496
2022Q3,BD10,LA23,0.04921251860151178,0.08968935997812524
2022Q4,BD10,LA23,0.03953827298043321,0.07205813681209401
2023Q1,BD10,LA23,0.02019315388258289,0.0368018361818413
2023Q2,BD10,LA23,0.02952947097183362,0.05381718772416222
2023Q3,BD10,LA23,0.027849508350469218,0.05075547138492333
2020Q1,BD11,LA23,0.04945559670175149,0.004532057421625929
2020Q3,BD11,LA23,0.2291540482189464,0.02099942926964062
2020Q4,BD11,LA23,0.07589945265810104,0.006955343796394039
2021Q2,BD11,LA23,0.07584343422592235,0.00695021032782355
2021Q3,BD11,LA23,0.11962538943757628,0.010962341376345363
2022Q3,BD11,LA23,0.04474610343872933,0.004100484549833625
2023Q2,BD11,LA23,0.038195891833835725,0.003500230238957482
2023Q3,BD11,LA23,0.1491818188438542,0.013670860617459705
2019Q1,BD12,LA23,0.012684743521335957,0.0026145261546124125
2019Q2,BD12,LA23,0.016919071638535326,0.003487288113969909
2019Q3,BD12,LA23,0.027327920799471196,0.00563271646456348
2019Q4,BD12,LA23,0.03770870714461914,0.007772360625218471
2020Q1,BD12,LA23,0.01751751118521266,0.003610635964410128
2020Q3,BD12,LA23,0.07215195488711676,0.014871658448708918
2021Q2,BD12,LA23,0.030305736339766562,0.0062464913194210546
2021Q3,BD12,LA23,0.09699561491896257,0.0199923294989596
2021Q4,BD12,LA23,0.05492489384530904,0.011320888850163096
2022Q1,BD12,LA23,0.020860494115948303,0.004299677590843476
2022Q2,BD12,LA23,0.031716243618306765,0.006537219166208934
2022Q3,BD12,LA23,0.05216386355697533,0.010751796862581051
2022Q4,BD12,LA23,0.02602370143572773,0.005363896237167972
2023Q1,BD12,LA23,0.05953421133847445,0.01227094204757487
2023Q2,BD12,LA23,0.07672408914936317,0.015814047594452076
2023Q3,BD12,LA23,0.05057410504258982,0.010424122502560492
2019Q1,BD13,LA23,0.027755843804145152,0.010852514069886576
2019Q2,BD13,LA23,0.034350720608327945,0.01343110594450556
2019Q3,BD13,LA23,0.04728787771280967,0.018489524650542277
2019Q4,BD13,LA23,0.024479670847109863,0.009571532905613793
2020Q1,BD13,LA23,0.029758678894603426,0.011635621085196082
2020Q2,BD13,LA23,0.0017816744618747527,0.0006966333757277341
2020Q3,BD13,LA23,0.07524232228208752,0.029419691470354288
2020Q4,BD13,LA23,0.03435478878042563,0.01343269659673867
2021Q2,BD13,LA23,0.08652706184725292,0.03383201616025161
2021Q3,BD13,LA23,0.1123649474242507,0.043934610004601284
2021Q4,BD13,LA23,0.04342218963543637,0.016978043517217073
2022Q1,BD13,LA23,0.028704837404388145,0.011223569854446487
2022Q2,BD13,LA23,0.0364772651139387,0.01426258324817644
2022Q3,BD13,LA23,0.1085806227888312,0.042454941915938266
2022Q4,BD13,LA23,0.02125767854573927,0.00831173633699106
2023Q1,BD13,LA23,0.03427490467378008,0.013401461971070335
2023Q2,BD13,LA23,0.04120670009441703,0.016111788771540483
2023Q3,BD13,LA23,0.02053169474321511,0.008027877215755245
2019Q1,BD14,LA23,0.028344415817762706,0.003024552918883505
2019Q2,BD14,LA23,0.03644891853329769,0.0038893616170754533
2019Q4,BD14,LA23,0.04666542985716999,0.004979536815749328
2020Q3,BD14,LA23,0.04065802904821311,0.004338503965806193
2020Q4,BD14,LA23,0.040865367718136515,0.004360628492321264
2021Q3,BD14,LA23,0.03012847698739765,0.003214925070237021
2022Q2,BD14,LA23,0.04013968237340463,0.004283192649518523
2019Q1,BD15,LA23,0.0307367220592767,0.004600672374772335
2019Q2,BD15,LA23,0.21086953504547645,0.03156295074972089
2019Q3,BD15,LA23,0.06414324127436775,0.00960095997192632
2019Q4,BD15,LA23,0.049245608909166,0.00737108244822948
2020Q1,BD15,LA23,0.06391137902815988,0.00956625483229484
2020Q3,BD15,LA23,0.3651844869164301,0.05466081182670412
2020Q4,BD15,LA23,0.11726964452943793,0.017552919694737698
2021Q2,BD15,LA23,0.10288983784743376,0.01540055031621783
2021Q3,BD15,LA23,0.2132287334006415,0.031916075545471205
2021Q4,BD15,LA23,0.07682514004924558,0.011499186505019826
2022Q1,BD15,LA23,0.05329595252260968,0.0079773378561669
2022Q2,BD15,LA23,0.08388534544627513,0.0125559580067984
2022Q3,BD15,LA23,0.0952359684908428,0.014254919196507825
2022Q4,BD15,LA23,0.0453160268822889,0.006782902633850121
2023Q1,BD15,LA23,0.06495282695071022,0.00972213875113957
2023Q2,BD15,LA23,0.04934656559553567,0.00738619364444402
2023Q3,BD15,LA23,0.05289599014790111,0.007917471490302598
2019Q1,BD16,LA23,0.0529522468285634,0.06290574076990459
2019Q2,BD16,LA23,0.0757424115438991,0.08997979861541619
2019Q3,BD16,LA23,0.08823501948617943,0.10482065625270218
2019Q4,BD16,LA23,0.08619851399143545,0.10240134650851684
2020Q1,BD16,LA23,0.056573783033675176,0.06720802124622041
2020Q2,BD16,LA23,0.004647914037913019,0.005521587715368511
2020Q3,BD16,LA23,0.11206336927456564,0.1331280479978675
2020Q4,BD16,LA23,0.062224095251512075,0.0739204290651941
2021Q1,BD16,LA23,0.0013616669386422055,0.0016176210186981414
2021Q2,BD16,LA23,0.08390979610703729,0.09968241572551303
2021Q3,BD16,LA23,0.13947308630639088,0.16569000065235542
2021Q4,BD16,LA23,0.10035758608456556,0.11922191545465605
2022Q1,BD16,LA23,0.07409116290883444,0.088018162900121
2022Q2,BD16,LA23,0.08453259759915394,0.10042228592103168
2022Q3,BD16,LA23,0.12874383491948,0.15294395970370042
2022Q4,BD16,LA23,0.09046908323787743,0.1074746595036454
2023Q1,BD16,LA23,0.053595802284210944,0.0636702660750364
2023Q2,BD16,LA23,0.0973124744794574,0.11560441076469387
2023Q3,BD16,LA23,0.08323520099918809,0.0988810162095228
2019Q1,BD17,LA23,0.06276839034772032,0.04915137091020663
2019Q2,BD17,LA23,0.09773266707924844,0.07653047247260411
2019Q3,BD17,LA23,0.09075957103899826,0.07107012486821031
2019Q4,BD17,LA23,0.08841024494892892,0.06923046325824493
2020Q1,BD17,LA23,0.09556135941008988,0.07483020984015851
2020Q3,BD17,LA23,0.14188363612847216,0.11110329875923937
2020Q4,BD17,LA23,0.057261730283043225,0.044839329613369436
2021Q2,BD17,LA23,0.08533019386763148,0.06681860065860551
2021Q3,BD17,LA23,0.14489055931072328,0.11345789787848685
2021Q4,BD17,LA23,0.07692657946889035,0.06023807237023146
2022Q1,BD17,LA23,0.06506000818412304,0.05094584353627685
2022Q2,BD17,LA23,0.0872811021743865,0.06834627752375874
2022Q4,BD17,LA23,0.0621841058209966,0.04869384148606495
2023Q1,BD17,LA23,0.09867834377373397,0.07727099338949081
2023Q2,BD17,LA23,0.0947780044915178,0.0742167964971721
2023Q3,BD17,LA23,0.09416278834082877,0.0737350457776626
2019Q1,BD18,LA23,0.03383973390743451,0.03748820262042805
2019Q2,BD18,LA23,0.05093901622052383,0.056431063157406536
2019Q3,BD18,LA23,0.04342452141076729,0.04810638469542791
2019Q4,BD18,LA23,0.030692165869443868,0.0340012760183293
2020Q1,BD18,LA23,0.03209080943122751,0.03555071589812644
2020Q2,BD18,LA23,0.0026231582844240763,0.0029059770251426142
2020Q3,BD18,LA23,0.029546361559099794,0.03273193553630792
2020Q4,BD18,LA23,0.01533710890346924,0.016990696432707716
2021Q2,BD18,LA23,0.018344486256872333,0.020322317534955597
2021Q3,BD18,LA23,0.02440962607005728,0.02704137717235864
2021Q4,BD18,LA23,0.02515026102755241,0.027861864515146214
2022Q1,BD18,LA23,0.02186883307611248,0.024226645743497126
2022Q2,BD18,LA23,0.016189087114179625,0.017934531625935515
2022Q3,BD18,LA23,0.0221547620282438,0.02454340244500861
2022Q4,BD18,LA23,0.014740776368517441,0.016330069639347647
2023Q1,BD18,LA23,0.03628184519044059,0.0401936128594504
2023Q2,BD18,LA23,0.031077429189332286,0.034428076933422286
2023Q3,BD18,LA23,0.029662730269816563,0.03286085066956402
2019Q1,BD19,LA23,0.049851734282188497,0.04541666407161395
2019Q2,BD19,LA23,0.07888927488858916,0.07187087366283249
2019Q3,BD19,LA23,0.0641331697948043,0.05842754861708167
2019Q4,BD19,LA23,0.03631599269778947,0.03308513263443245
2020Q1,BD19,LA23,0.03962066438477828,0.03609580349746337
2020Q3,BD19,LA23,0.08274401092386134,0.07538267228166713
2020Q4,BD19,LA23,0.04503694509135668,0.04103022363169178
2021Q2,BD19,LA23,0.047221806079416284,0.043020707994305636
2021Q3,BD19,LA23,0.07581094622876876,0.06906640917111195
2021Q4,BD19,LA23,0.04911421473398515,0.04474475810787365
2022Q1,BD19,LA23,0.03949273136942223,0.03597925207020099
2022Q2,BD19,LA23,0.04660301344868978,0.042456966382416785
2022Q3,BD19,LA23,0.05548935815243192,0.0505527355275761
2022Q4,BD19,LA23,0.05389186208164908,0.049097361036655136
2023Q1,BD19,LA23,0.028033044219699963,0.02553907844056093
2023Q2,BD19,LA23,0.04193179176702614,0.038201320937480736
2023Q3,BD19,LA23,0.03924194456512625,0.035750776567627075
2019Q1,BD2,LA23,0.02510005536830045,0.027005009078119816
2019Q2,BD2,LA23,0.029466714086005163,0.03170307275098299
2019Q3,BD2,LA23,0.04425857056595196,0.047617548343243665
2019Q4,BD2,LA23,0.030434088462584295,0.03274386542805624
2020Q1,BD2,LA23,0.015255551040446702,0.0164133619744632
2020Q3,BD2,LA23,0.036914186344515286,0.03971576646814946
2020Q4,BD2,LA23,0.01461988627990054,0.015729453816600344
2021Q2,BD2,LA23,0.031848491276329424,0.03426561349852242
2021Q3,BD2,LA23,0.0969614222912684,0.10432025152064077
2021Q4,BD2,LA23,0.03726719902948717,0.04009557083999148
2022Q1,BD2,LA23,0.025870997976714195,0.027834461915312192
2022Q2,BD2,LA23,0.038864324380913334,0.041813909065995136
2022Q3,BD2,LA23,0.047447713908427794,0.05104872981480935
2022Q4,BD2,LA23,0.02095597003963569,0.022546410868713854
2023Q1,BD2,LA23,0.01846478781387753,0.019866161855924325
2023Q2,BD2,LA23,0.04057697015980319,0.04365653507330405
2023Q3,BD2,LA23,0.03510947367462764,0.037774086208142384
2019Q1,BD20,LA23,0.05836108610003325,0.05519772925775281
2019Q2,BD20,LA23,0.09619757043412963,0.09098335556975982
2019Q3,BD20,LA23,0.10422501100711322,0.09857568328314001
2019Q4,BD20,LA23,0.094820395914833,0.08968082829796584
2020Q1,BD20,LA23,0.061200978202023276,0.05788369015810669
2020Q2,BD20,LA23,0.006349603972954606,0.006005435203730731
2020Q3,BD20,LA23,0.1455423870737465,0.13765352590343832
2020Q4,BD20,LA23,0.08303425887974693,0.07853353744833437
2021Q2,BD20,LA23,0.10228450598364247,0.09674035981562856
2021Q3,BD20,LA23,0.19749470000415928,0.18678985791980465
2021Q4,BD20,LA23,0.12340370466387796,0.1167148306281528
2022Q1,BD20,LA23,0.0946811113200976,0.08954909337211467
2022Q2,BD20,LA23,0.12032591263937607,0.11380386473918815
2022Q3,BD20,LA23,0.1249353000840338,0.11816340869589592
2022Q4,BD20,LA23,0.07838351415421553,0.07413487790716695
2023Q1,BD20,LA23,0.0553818329573173,0.052379961129173536
2023Q2,BD20,LA23,0.11781450895866932,0.11142858714091024
2023Q3,BD20,LA23,0.0963386132866471,0.09111675345021833
2019Q1,BD21,LA23,0.03687198642094118,0.10990654986094714
2019Q2,BD21,LA23,0.04956933867490276,0.1477543121884322
2019Q3,BD21,LA23,0.05328254983083667,0.15882250424065356
2019Q4,BD21,LA23,0.05078851153075485,0.15138837412209355
2020Q1,BD21,LA23,0.04340788521490487,0.1293884969002013
2020Q2,BD21,LA23,0.0022286495329042733,0.006643069842084949
2020Q3,BD21,LA23,0.05889930260938505,0.17556469741312505
2020Q4,BD21,LA23,0.028258603691098217,0.08423212137582342
2021Q1,BD21,LA23,0.0015361306312573575,0.004578837057754195
2021Q2,BD21,LA23,0.038559500956407936,0.1149366260362848
2021Q3,BD21,LA23,0.06302802510630713,0.18787142913594487
2021Q4,BD21,LA23,0.047181179359258384,0.14063578193339596
2022Q1,BD21,LA23,0.03497159812432369,0.10424194804934724
2022Q2,BD21,LA23,0.043055804239163886,0.12833902793822016
2022Q3,BD21,LA23,0.041653762731840134,0.12415987840522187
2022Q4,BD21,LA23,0.039990407524781085,0.1192018153946195
2023Q1,BD21,LA23,0.023359717703941785,0.06962971696875543
2023Q2,BD21,LA23,0.038225515220618934,0.11394109464548095
2023Q3,BD21,LA23,0.040120664144810636,0.11959007914424667
2019Q2,BD22,LA23,0.08098736101778375,0.0038453294711680132
2019Q3,BD22,LA23,0.17867501513653836,0.008483599080541119
2020Q1,BD22,LA23,0.05202719194745788,0.0024702829180190725
2020Q3,BD22,LA23,0.4892681839465614,0.023230752840822103
2020Q4,BD22,LA23,0.13862141712114345,0.006581829731110232
2021Q2,BD22,LA23,0.2058900820008177,0.0097757871128199
2021Q3,BD22,LA23,0.21623582753998027,0.010267009443353809
2022Q3,BD22,LA23,0.07329124710036726,0.003479913271798219
2022Q4,BD22,LA23,0.11216926143071168,0.0053258651883218095
2023Q2,BD22,LA23,0.3637365561475613,0.017270434318612297
2019Q1,BD23,LA23,0.0722047811706482,0.13847459166521978
2019Q2,BD23,LA23,0.10231844809488626,0.19622669150222372
2019Q3,BD23,LA23,0.13636545776357595,0.2615221703452527
2019Q4,BD23,LA23,0.0998069840021009,0.19141019654036812
2020Q1,BD23,LA23,0.07960593947962898,0.15266855996024978
2020Q2,BD23,LA23,0.007063285407582585,0.013545994417160609
2020Q3,BD23,LA23,0.15805575193467894,0.3031198953122934
2020Q4,BD23,LA23,0.06737186407892339,0.1292060057076391
2021Q2,BD23,LA23,0.09532264678611004,0.18281011833493885
2021Q3,BD23,LA23,0.1663982945717018,0.3191192538919027
2021Q4,BD23,LA23,0.09464173599921508,0.18150426515393014
2022Q1,BD23,LA23,0.06589716686724162,0.12637782603717038
2022Q2,BD23,LA23,0.0934483984687579,0.17921567810235675
2022Q3,BD23,LA23,0.08289298060070753,0.15897245936481125
2022Q4,BD23,LA23,0.08632158752682406,0.16554785418461482
2023Q1,BD23,LA23,0.07078301562082351,0.1357479245281731
2023Q2,BD23,LA23,0.07688463377010825,0.14744962998341749
2023Q3,BD23,LA23,0.07327167084222458,0.14052067655361822
2019Q1,BD24,LA23,0.4992418699954431,0.17279573338715254
2019Q2,BD24,LA23,0.12231144222807355,0.04233398004384772
2019Q3,BD24,LA23,0.06429992230631748,0.022255249207680582
2019Q4,BD24,LA23,0.11948089868388173,0.041354282873000726
2020Q1,BD24,LA23,0.08953834370278756,0.030990677457672627
2020Q2,BD24,LA23,0.019703298718208008,0.006819632239960105
2020Q3,BD24,LA23,0.16313957832266118,0.0564652621804184
2020Q4,BD24,LA23,0.16513975946182258,0.0571575574136922
2021Q1,BD24,LA23,0.00842729060219832,0.002916822381277452
2021Q2,BD24,LA23,0.13599602355917784,0.04707043627742822
2021Q3,BD24,LA23,0.28884934397338513,0.09997545724827636
2021Q4,BD24,LA23,0.15414952135086488,0.05335365720295926
2022Q1,BD24,LA23,0.12014853094714645,0.041585361261047005
2022Q2,BD24,LA23,0.104693763195859,0.036236214708222414
2022Q3,BD24,LA23,0.1398530830425696,0.0484054273152525
2022Q4,BD24,LA23,0.1679782410617103,0.058140002074760014
2023Q1,BD24,LA23,0.15178001172564215,0.052533531372042835
2023Q2,BD24,LA23,0.18502855800787132,0.06404139416197054
2023Q3,BD24,LA23,0.1918038974405148,0.06638644936781936
2019Q1,BD3,LA23,0.01722317348716251,0.01115133978258847
2019Q2,BD3,LA23,0.017018034672286755,0.011018520321123824
2019Q3,BD3,LA23,0.034297936802866184,0.02220658970982228
2019Q4,BD3,LA23,0.02116145905288013,0.013701227614637249
2020Q1,BD3,LA23,0.013212413729363036,0.008554527709662958
2020Q2,BD3,LA23,0.0020389927168298428,0.0013201690511066631
2020Q3,BD3,LA23,0.01707465164514577,0.011055177624859577
2020Q4,BD3,LA23,0.006874104533101191,0.004450717250614648
2021Q2,BD3,LA23,0.022126516014315232,0.01432606473275236
2021Q3,BD3,LA23,0.04234502887622592,0.027416771099372482
2021Q4,BD3,LA23,0.02014659702261836,0.013044143637614554
2022Q1,BD3,LA23,0.02418828952495817,0.0156609834682024
2022Q2,BD3,LA23,0.021800661326341658,0.01411508640474265
2022Q3,BD3,LA23,0.06120942455295238,0.03963073887605234
2022Q4,BD3,LA23,0.01284367754715305,0.008315785269948067
2023Q1,BD3,LA23,0.010846002936748915,0.007022368097307335
2023Q2,BD3,LA23,0.032869223684999865,0.021281553133894862
2023Q3,BD3,LA23,0.01347059605924477,0.00872169079888792
2019Q1,BD4,LA23,0.022931647731953213,0.035097596918812916
2019Q3,BD4,LA23,0.022591849982058404,0.03457752594096035
2019Q4,BD4,LA23,0.022058556947363202,0.03376130443825247
2020Q1,BD4,LA23,0.017805392646476268,0.027251704779000255
2020Q3,BD4,LA23,0.024153700838032588,0.03696798703782701
2020Q4,BD4,LA23,0.010713006273550115,0.01639658782364132
2021Q2,BD4,LA23,0.018520843351628083,0.028346724236747688
2021Q3,BD4,LA23,0.03445212834707876,0.0527300492252061
2021Q4,BD4,LA23,0.01781512409878801,0.027266599068092097
2022Q1,BD4,LA23,0.0157011314242721,0.024031067821198886
2022Q2,BD4,LA23,0.01434798715234286,0.0219600386136903
2022Q3,BD4,LA23,0.02337905833799433,0.03578237270516657
2022Q4,BD4,LA23,0.012146316926901782,0.01859031416022203
2023Q1,BD4,LA23,0.008535664678888383,0.013064099092902657
2023Q2,BD4,LA23,0.029455499985598942,0.045082554800286716
2023Q3,BD4,LA23,0.016455035538073204,0.025184941411571373
2019Q1,BD5,LA23,0.014524972067806763,0.022759702872698996
2019Q2,BD5,LA23,0.02499766219089933,0.039169738937947514
2019Q3,BD5,LA23,0.0230974210749109,0.03619218256231496
2019Q4,BD5,LA23,0.012477628609101342,0.019551646528014038
2020Q1,BD5,LA23,0.010914135578793149,0.017101752879528455
2020Q3,BD5,LA23,0.022669726089138063,0.03552201185555623
2020Q4,BD5,LA23,0.008462814387814436,0.013260689248440146
2021Q2,BD5,LA23,0.01588456131754206,0.024890092329452253
2021Q3,BD5,LA23,0.026491710733820742,0.041510817513213547
2021Q4,BD5,LA23,0.02777964065537552,0.04352892138278412
2022Q1,BD5,LA23,0.01819214856951092,0.028505934064807108
2022Q2,BD5,LA23,0.022367077323177987,0.035047780582966905
2022Q3,BD5,LA23,0.03522847324230982,0.05520076595747057
2022Q4,BD5,LA23,0.010540842620016344,0.01651682667198955
2023Q1,BD5,LA23,0.011209678397206676,0.01756484958648602
2023Q2,BD5,LA23,0.019703915838782168,0.030874776751778327
2023Q3,BD5,LA23,0.016983583776398175,0.026612190278916
2019Q1,BD6,LA23,0.031457061016578934,0.03440674773302377
2019Q2,BD6,LA23,0.034088128428644504,0.037284526832215815
2019Q3,BD6,LA23,0.029966418080493357,0.03277632919408652
2019Q4,BD6,LA23,0.02986607236089345,0.03266657419000196
2020Q1,BD6,LA23,0.03371160061649623,0.036872692508588906
2020Q2,BD6,LA23,0.0021452037499711477,0.002346356648584995
2020Q3,BD6,LA23,0.06793147411705286,0.07430131797264958
2020Q4,BD6,LA23,0.017887583025227798,0.01956487786249854
2021Q2,BD6,LA23,0.032189095600801194,0.03520742422527171
2021Q3,BD6,LA23,0.03990361899636642,0.04364532820529805
2021Q4,BD6,LA23,0.02266544068085502,0.024790748867257142
2022Q1,BD6,LA23,0.02648657659750368,0.028970187609752382
2022Q2,BD6,LA23,0.027974443169805862,0.03059756944897189
2022Q3,BD6,LA23,0.02157214828529318,0.02359493989982995
2022Q4,BD6,LA23,0.00782266937531849,0.0085561906642703
2023Q1,BD6,LA23,0.016434288792418858,0.017975310165002506
2023Q2,BD6,LA23,0.030492076290149786,0.033351277673981376
2023Q3,BD6,LA23,0.03613265593951772,0.039520766964845085
2019Q1,BD7,LA23,0.02088299099345393,0.025631914689075143
2019Q2,BD7,LA23,0.02605181254351348,0.031976158818458215
2019Q3,BD7,LA23,0.03772027433005639,0.046298102315879316
2019Q4,BD7,LA23,0.028482712629059333,0.03495986089590048
2020Q1,BD7,LA23,0.015173936698476147,0.018624585485608115
2020Q2,BD7,LA23,0.001592717583371435,0.0019549115944915907
2020Q3,BD7,LA23,0.02176553019140019,0.026715148859822718
2020Q4,BD7,LA23,0.011172821363934464,0.013713591320630963
2021Q2,BD7,LA23,0.015184539892684553,0.018637599912969927
2021Q3,BD7,LA23,0.057169595653264974,0.07017032182088996
2021Q4,BD7,LA23,0.013355547798369154,0.016392683495432773
2022Q1,BD7,LA23,0.006476607742397336,0.007949429139713252
2022Q2,BD7,LA23,0.015203625642259681,0.01866102588222117
2022Q3,BD7,LA23,0.02678708515523188,0.032878637053625155
2022Q4,BD7,LA23,0.0065713885172935796,0.008065763659852943
2023Q1,BD7,LA23,0.018831744167203467,0.023114201413559715
2023Q2,BD7,LA23,0.0312952098928388,0.038411937753619285
2023Q3,BD7,LA23,0.09929967954796257,0.12188105217416978
2019Q1,BD8,LA23,0.013014273306960006,0.01933633005755039
2019Q2,BD8,LA23,0.032760141123374886,0.04867431984502223
2019Q4,BD8,LA23,0.016785165287337932,0.024939041036807486
2020Q3,BD8,LA23,0.014109822295916622,0.020964073408641048
2020Q4,BD8,LA23,0.01207663559012013,0.01794320791084339
2021Q2,BD8,LA23,0.018210162446473388,0.027056271461450482
2021Q3,BD8,LA23,0.025327118855432887,0.037630493692917134
2021Q4,BD8,LA23,0.014514552049443569,0.02156541225513068
2022Q1,BD8,LA23,0.013125906113812334,0.019502191704039176
2022Q2,BD8,LA23,0.020864580369478608,0.03100014906869705
2022Q3,BD8,LA23,0.029238938738445658,0.043442592347950816
2023Q1,BD8,LA23,0.01110040815408501,0.01649274998137021
2023Q2,BD8,LA23,0.028605687772635124,0.04250172155206655
2023Q3,BD8,LA23,0.030467288917419712,0.045267648878321284
2019Q1,BD9,LA23,0.04452304353070357,0.015751867552612337
2019Q2,BD9,LA23,0.030451324933294555,0.010773415272476494
2019Q3,BD9,LA23,0.032170029961239965,0.011381478239769722
2019Q4,BD9,LA23,0.04067670020954296,0.01439106456718715
2020Q1,BD9,LA23,0.03751007305044495,0.013270739278458428
2020Q3,BD9,LA23,0.02269773768475125,0.008030263194104909
2020Q4,BD9,LA23,0.07233581904475872,0.025591786871376247
2021Q2,BD9,LA23,0.028981535805948123,0.010253416596998148
2021Q3,BD9,LA23,0.07076548260781074,0.02503621542777563
2021Q4,BD9,LA23,0.010338797546225777,0.003657777112409556
2022Q1,BD9,LA23,0.013145538908152336,0.004650777920115285
2022Q2,BD9,LA23,0.02084844377299404,0.007375999009677273
2022Q3,BD9,LA23,0.058118388594207614,0.020561782998412808
2022Q4,BD9,LA23,0.008515866648571417,0.0030128399342578805
2023Q2,BD9,LA23,0.014526838228471372,0.0051394696675510654
2023Q3,BD9,LA23,0.01332456216671122,0.004714114799942736
2019Q3,BH1,LA23,0.002326616374266025,0.002460305190375022
2023Q2,BH1,LA23,0.00768197747437142,0.008123388652116047
2023Q3,BH1,LA23,0.007706318470881314,0.008149128297342727
2019Q2,BH10,LA23,0.006284788459510178,0.006942401671406466
2019Q3,BH10,LA23,0.01132700592666112,0.012512215070387887
2020Q3,BH10,LA23,0.006534363006173985,0.007218090624354037
2021Q3,BH10,LA23,0.015340816554792453,0.01694601356543219
2021Q4,BH10,LA23,0.004664484787162262,0.005152556397287103
2022Q2,BH10,LA23,0.014378386936606076,0.015882879454721176
2022Q3,BH10,LA23,0.00845012419324533,0.00933430881575778
2023Q2,BH10,LA23,0.00465970667493922,0.005147278323968149
2023Q3,BH10,LA23,0.007769472289034222,0.008582436426116606
2019Q1,BH12,LA23,0.002471009125364143,0.009339659191450966
2019Q2,BH12,LA23,0.010093902505825607,0.038151866113505885
2019Q3,BH12,LA23,0.006562640608776284,0.0248047755278582
2019Q4,BH12,LA23,0.003942290138401746,0.014900651700776053
2020Q3,BH12,LA23,0.008057182679266512,0.030453687724249705
2020Q4,BH12,LA23,0.005138092131393914,0.0194204177187825
2021Q2,BH12,LA23,0.010219045464588001,0.03862486824573327
2021Q3,BH12,LA23,0.013952253894143372,0.05273525499615082
2021Q4,BH12,LA23,0.003225654451438193,0.012191987854913251
2022Q1,BH12,LA23,0.004571371664213436,0.017278387579777843
2022Q2,BH12,LA23,0.013009128963562159,0.04917053103937817
2022Q3,BH12,LA23,0.0069277971266324965,0.026184955549577633
2022Q4,BH12,LA23,0.003957325657445958,0.0149574813669226
2023Q1,BH12,LA23,0.004396072050318821,0.0166158086223135
2023Q2,BH12,LA23,0.005207224912342751,0.019681718499257855
2023Q3,BH12,LA23,0.00626918017918688,0.02369558480476124
2019Q2,BH14,LA23,0.026095177785595003,0.02355517359400221
2019Q3,BH14,LA23,0.007896148790786482,0.0071275680518152595
2019Q4,BH14,LA23,0.0046162593539319,0.004166930431753065
2020Q3,BH14,LA23,0.006259728423614968,0.005650430546250381
2020Q4,BH14,LA23,0.018202152851603412,0.01643042533478201
2021Q2,BH14,LA23,0.0077099989653676565,0.006959537334099509
2021Q3,BH14,LA23,0.017261311264095018,0.015581161647049997
2021Q4,BH14,LA23,0.01420105298958915,0.01281877713713263
2022Q2,BH14,LA23,0.01082696725553468,0.009773111924973307
2022Q3,BH14,LA23,0.006977574695303226,0.00629840442411981
2023Q2,BH14,LA23,0.00241289902793317,0.002178036721372316
2023Q3,BH14,LA23,0.004523985430144252,0.004083638096637511
2019Q1,BH15,LA23,0.0018689251131316059,0.006043900066822289
2019Q2,BH15,LA23,0.006803136029456933,0.02200060024563459
2019Q3,BH15,LA23,0.009233217131373235,0.029859217603312144
2019Q4,BH15,LA23,0.0036262182149479415,0.01172679437910295
2020Q3,BH15,LA23,0.006928361524224974,0.022405565843709428
2020Q4,BH15,LA23,0.004513125937132094,0.014594957262522096
2021Q2,BH15,LA23,0.007369814370894316,0.023833176222925214
2021Q3,BH15,LA23,0.01596355647970809,0.051624401318446526
2021Q4,BH15,LA23,0.007280674208844648,0.023544906656861236
2022Q1,BH15,LA23,0.0030718813255926803,0.00993412931238853
2022Q2,BH15,LA23,0.006433339621054254,0.020804718975833168
2022Q3,BH15,LA23,0.004726955009076665,0.01528645716967934
2022Q4,BH15,LA23,0.003589014997077201,0.011606483228380484
2023Q1,BH15,LA23,0.0014693035288638016,0.004751567429795042
2023Q2,BH15,LA23,0.002368239695287413,0.007658628990551141
2023Q3,BH15,LA23,0.0032377978399068443,0.010470685231566062
2021Q3,BH16,LA23,0.046796878611680685,0.0050165556313562405
2019Q1,BH17,LA23,0.0034718050068484477,0.012230091206133649
2019Q2,BH17,LA23,0.007510011421714475,0.02645543873158048
2019Q3,BH17,LA23,0.010259857828511526,0.036142293924094716
2019Q4,BH17,LA23,0.002575591154076754,0.009073008035282423
2020Q3,BH17,LA23,0.005237304221040947,0.01844939683284337
2021Q4,BH17,LA23,0.001386981502688651,0.004885905241118564
2022Q2,BH17,LA23,0.002323588092486674,0.008185279484458852
2022Q3,BH17,LA23,0.00116377468604163,0.004099616921342839
2022Q4,BH17,LA23,0.000596593336963582,0.002101613111808827
2023Q1,BH17,LA23,0.000980242239654719,0.003453089090958055
2023Q2,BH17,LA23,0.004814986661562409,0.016961703180640587
2023Q3,BH17,LA23,0.003180825416999729,0.01120506044664303
2020Q3,BH18,LA23,0.05747739425281333,0.006051419513742442
2021Q2,BH18,LA23,0.09155824213783016,0.00963956943976634
2021Q3,BH18,LA23,0.08558772424409616,0.009010972598191157
2021Q4,BH18,LA23,0.028821792671051456,0.0030344583441533238
2022Q2,BH18,LA23,0.048505822391329466,0.005106861296772321
2022Q3,BH18,LA23,0.06672640908980543,0.007025187889902393
2023Q2,BH18,LA23,0.04838907658480373,0.005094569893152838
2023Q3,BH18,LA23,0.08619892287826034,0.009075321711257855
2021Q3,BH19,LA23,0.006108133978069653,0.002857679039155471
2022Q3,BH19,LA23,0.01336281805186086,0.00625176939274001
2023Q2,BH19,LA23,0.014492368483135813,0.006780227446003528
2023Q2,BH2,LA23,0.0194738552561606,0.006550016686448042
2019Q3,BH20,LA23,0.014582753020989525,0.00572909552941507
2021Q2,BH20,LA23,0.009318364089348071,0.0036608861145015423
2022Q3,BH20,LA23,0.022952588512061767,0.009017335207123592
2023Q3,BH20,LA23,0.017351595233069426,0.006816884749739279
2019Q1,BH21,LA23,0.005938797128582464,0.010662141918533059
2019Q2,BH21,LA23,0.007965420810662777,0.014300614297022606
2019Q3,BH21,LA23,0.010285186669915805,0.018465375657548702
2019Q4,BH21,LA23,0.004211678649364288,0.007561382297208762
2020Q1,BH21,LA23,0.0038886544148399923,0.006981444953491882
2020Q3,BH21,LA23,0.01477941587774194,0.02653403141237094
2020Q4,BH21,LA23,0.010461096139608128,0.01878119242819517
2021Q2,BH21,LA23,0.015492437205787402,0.02781414494815293
2021Q3,BH21,LA23,0.024250175531726457,0.043537236155820835
2021Q4,BH21,LA23,0.016980942221652324,0.030486513002151144
2022Q2,BH21,LA23,0.012047503151998241,0.021629327553951985
2022Q3,BH21,LA23,0.018503356526317828,0.033219759655252916
2022Q4,BH21,LA23,0.00573856318093818,0.010302654513850313
2023Q1,BH21,LA23,0.004096137379092476,0.007353946785536436
2023Q2,BH21,LA23,0.008661970762081831,0.015551156161743613
2023Q3,BH21,LA23,0.015064906315161553,0.02704658294330336
2019Q2,BH22,LA23,0.015145975493738618,0.03186994663071103
2019Q3,BH22,LA23,0.01128738320751108,0.02375075151630045
2019Q4,BH22,LA23,0.0013897735750368141,0.002924341828197606
2020Q3,BH22,LA23,0.0062531907797928,0.013157875272281886
2021Q2,BH22,LA23,0.0051790249357235255,0.0108976307514075
2021Q3,BH22,LA23,0.01858000064617901,0.03909577360910792
2021Q4,BH22,LA23,0.009001537949494242,0.01894090837287421
2022Q1,BH22,LA23,0.0021463043766385926,0.0045162232016690675
2022Q2,BH22,LA23,0.014130842211651078,0.029733917588767644
2022Q3,BH22,LA23,0.01716105440226997,0.03611004706518713
2022Q4,BH22,LA23,0.004507984829238486,0.00948563768502588
2023Q1,BH22,LA23,0.0013788467096641766,0.0029013496731917503
2023Q2,BH22,LA23,0.0059635944862060355,0.012548510862252478
2023Q3,BH22,LA23,0.010308741532422729,0.02169150759579172
2019Q1,BH23,LA23,0.0011482449997820914,0.0038611636911248773
2019Q2,BH23,LA23,0.010248349478983154,0.03446176983981451
2019Q3,BH23,LA23,0.006066650313437767,0.020400114889629496
2019Q4,BH23,LA23,0.006915250306067391,0.023253672693453728
2020Q1,BH23,LA23,0.0025633667094361995,0.008619744451220447
2020Q3,BH23,LA23,0.012149512763456544,0.040854745769430115
2020Q4,BH23,LA23,0.0020351391770944464,0.0068434920234567475
2021Q2,BH23,LA23,0.013307519447599085,0.044748734738456426
2021Q3,BH23,LA23,0.02886456960259667,0.09706188847383936
2021Q4,BH23,LA23,0.011574863476634152,0.038922392515698984
2022Q1,BH23,LA23,0.0021180274881286575,0.007122217676122073
2022Q2,BH23,LA23,0.010091732499067928,0.0339351193459068
2022Q3,BH23,LA23,0.012036393333015304,0.04047436297859423
2022Q4,BH23,LA23,0.0059191714741683365,0.019904192904770492
2023Q2,BH23,LA23,0.01029152450584611,0.034606953007272866
2023Q3,BH23,LA23,0.005440053384732456,0.018293079099753248
2019Q2,BH24,LA23,0.007736620971223208,0.012875462198530715
2019Q3,BH24,LA23,0.010296407736710644,0.01713551808829492
2019Q4,BH24,LA23,0.002784615287405247,0.0046342206764161
2020Q1,BH24,LA23,0.004946792268816969,0.008232565237206745
2020Q3,BH24,LA23,0.007593729955070998,0.012637659689680844
2020Q4,BH24,LA23,0.0018462005872265535,0.0030724893929994874
2021Q2,BH24,LA23,0.010417619635483724,0.017337241712402897
2021Q3,BH24,LA23,0.019591231561480564,0.032604177241039534
2021Q4,BH24,LA23,0.005989953165390608,0.009968617544897314
2022Q1,BH24,LA23,0.006457987497104732,0.01074753102250135
2022Q2,BH24,LA23,0.00860261264801311,0.014316665424102162
2022Q3,BH24,LA23,0.012485433805377477,0.02077854551636109
2022Q4,BH24,LA23,0.005312774001886658,0.008841640437739223
2023Q1,BH24,LA23,0.0019156693421147817,0.0031881008893968558
2023Q2,BH24,LA23,0.005435376144660004,0.009045677737822631
2019Q2,BH25,LA23,0.0073682150069749345,0.013608174459000342
2019Q3,BH25,LA23,0.004597754889588146,0.008491480039332434
2019Q4,BH25,LA23,0.00893282343241412,0.016497811147566467
2020Q3,BH25,LA23,0.010826044256470546,0.019994353965438104
2020Q4,BH25,LA23,0.0006731190828954956,0.001243167022549316
2021Q2,BH25,LA23,0.004188183420165518,0.00773505260011463
2021Q3,BH25,LA23,0.007386027568491594,0.013641072039276015
2021Q4,BH25,LA23,0.0038823162924080147,0.007170154150238054
2022Q1,BH25,LA23,0.0026791266975662,0.004948012980584067
2022Q2,BH25,LA23,0.006630266029856165,0.012245274704722418
2022Q3,BH25,LA23,0.0027642355079776693,0.0051051983421649795
2022Q4,BH25,LA23,0.005414744661656664,0.010000358287185271
2023Q1,BH25,LA23,0.0028456252121384076,0.005255514978193828
2023Q2,BH25,LA23,0.005261008553797492,0.009716426863575224
2023Q3,BH25,LA23,0.007414880003299898,0.013694358889085184
2019Q2,BH3,LA23,0.013974763925079865,0.006854192774843121
2019Q3,BH3,LA23,0.009913047341279136,0.004862045457621921
2020Q3,BH3,LA23,0.009957713988282784,0.004883953077014292
2021Q3,BH3,LA23,0.005590111950579158,0.002741778333261173
2019Q3,BH31,LA23,0.014647561059015974,0.005643489518324085
2020Q3,BH31,LA23,0.00921745079171787,0.003551348017539683
2021Q2,BH31,LA23,0.012048479389051958,0.0046421016352074145
2021Q3,BH31,LA23,0.023846621236751426,0.009187751903189007
2022Q1,BH31,LA23,0.006515719470239752,0.002510410735717972
2022Q2,BH31,LA23,0.011588714039491537,0.004464960818338401
2022Q3,BH31,LA23,0.013626506664339136,0.00525009230012641
2023Q2,BH31,LA23,0.00915139470884225,0.0035258975818099306
2023Q3,BH31,LA23,0.003754312482981956,0.0014464812988904047
2019Q2,BH4,LA23,0.007305687072650294,0.005866831552327507
2019Q3,BH4,LA23,0.0054961693226764745,0.004413698435007735
2019Q2,BH6,LA23,0.012415822116058326,0.009701026457863755
2019Q3,BH6,LA23,0.01146658863937877,0.008959348702989329
2019Q4,BH6,LA23,0.002669291174527054,0.0020856342871034992
2020Q3,BH6,LA23,0.0067885276937696476,0.005304174476052133
2021Q2,BH6,LA23,0.0062320166654258324,0.004869347997419378
2021Q3,BH6,LA23,0.004930776545610279,0.003852632010965471
2022Q3,BH6,LA23,0.008072000916770766,0.006307008406653447
2023Q2,BH6,LA23,0.004740337620380552,0.0037038337247954994
2023Q3,BH6,LA23,0.007769315919479009,0.006070507340539756
2019Q2,BH7,LA23,0.007153289595549711,0.007807716486218041
2019Q3,BH7,LA23,0.012773802394342178,0.013942428335076036
2019Q4,BH7,LA23,0.004136887667327318,0.0045153555731782796
2020Q3,BH7,LA23,0.004506452546929231,0.0049187305190200046
2021Q2,BH7,LA23,0.0062778335194036495,0.006852168308364617
2021Q3,BH7,LA23,0.0204295385953374,0.0222985583298457
2022Q2,BH7,LA23,0.012541027526638087,0.013688357792023908
2022Q3,BH7,LA23,0.007157264123740448,0.007812054628671976
2022Q4,BH7,LA23,0.002909288393482065,0.0031754479739062127
2023Q2,BH7,LA23,0.002743219357245823,0.00299418592170596
2023Q3,BH7,LA23,0.0041447704815722785,0.004523959555711918
2019Q1,BH8,LA23,0.0011621190116245855,0.003615407921109457
2019Q2,BH8,LA23,0.006715325299774266,0.02089169873203456
2019Q3,BH8,LA23,0.005827351473757304,0.018129169617368737
2019Q4,BH8,LA23,0.001551444219262676,0.004826617294248118
2020Q1,BH8,LA23,0.0012317708530340506,0.0038320981366835117
2020Q3,BH8,LA23,0.0072595485798161215,0.022584803429431182
2020Q4,BH8,LA23,0.0012095296744458431,0.003762904764543249
2021Q2,BH8,LA23,0.0036649836792091413,0.011401939811677449
2021Q3,BH8,LA23,0.01282184191167321,0.0398893644686811
2021Q4,BH8,LA23,0.0019680770390649712,0.006122781957109674
2022Q1,BH8,LA23,0.0008843250642214045,0.002751177641911366
2022Q2,BH8,LA23,0.0017806422372740683,0.005539663308926573
2022Q3,BH8,LA23,0.0009672937241586051,0.0030092971179205004
2022Q4,BH8,LA23,0.0010996020101593,0.003420914534424703
2023Q1,BH8,LA23,0.0009596011117106461,0.002985365032049625
2023Q2,BH8,LA23,0.0012414389097662286,0.003862175924364128
2023Q3,BH8,LA23,0.003254370154343467,0.010124501463742046
2019Q1,BH9,LA23,0.002132564448718416,0.00356219337367452
2019Q2,BH9,LA23,0.014486141338965326,0.02419736328193306
2019Q3,BH9,LA23,0.0071081730258918735,0.011873351291671722
2019Q4,BH9,LA23,0.0010825140922708222,0.001808210077174354
2020Q3,BH9,LA23,0.01058945420063158,0.017688414344048938
2020Q4,BH9,LA23,0.0065081566179164205,0.010871095780064264
2021Q2,BH9,LA23,0.005580472903031848,0.009321511295518671
2021Q3,BH9,LA23,0.02108467699741361,0.03521942641939427
2021Q4,BH9,LA23,0.0018009149235483155,0.0030082125823070165
2022Q2,BH9,LA23,0.005670159383866153,0.009471321814927894
2022Q3,BH9,LA23,0.007844450554362692,0.013103214677362305
2022Q4,BH9,LA23,0.005328424458100303,0.008900494570364275
2023Q2,BH9,LA23,0.0032964110204717,0.005506259612031272
2023Q3,BH9,LA23,0.0039227014119734204,0.006552402664797707
2019Q1,BL0,LA23,0.07284032176420582,0.05526750104888693
2019Q2,BL0,LA23,0.08238120190716558,0.06250663166414255
2019Q3,BL0,LA23,0.09747386553652684,0.07395817090454332
2019Q4,BL0,LA23,0.15401255923389218,0.11685683249114492
2020Q1,BL0,LA23,0.09300497571036917,0.07056740646017348
2020Q3,BL0,LA23,0.4318335779991783,0.32765317542490946
2020Q4,BL0,LA23,0.07382716149893702,0.05601626443643612
2021Q2,BL0,LA23,0.09291597336272156,0.07049987604264056
2021Q3,BL0,LA23,0.05005533960003953,0.03797942495096197
2021Q4,BL0,LA23,0.04834180617884058,0.03667928365751764
2022Q1,BL0,LA23,0.051459651802698236,0.039044945040022636
2022Q2,BL0,LA23,0.037102067519968536,0.02815114631444945
2022Q3,BL0,LA23,0.030263752239572637,0.022962583334794687
2022Q4,BL0,LA23,0.013889893145412141,0.010538938672841306
2023Q1,BL0,LA23,0.059617279185001565,0.04523453439092292
2023Q2,BL0,LA23,0.1093487226612142,0.08296820357186946
2023Q3,BL0,LA23,0.06823668962587068,0.05177450104735268
2019Q1,BL1,LA23,0.0767325515504897,0.2834156907746493
2019Q2,BL1,LA23,0.10944519838633968,0.4042415620992736
2019Q3,BL1,LA23,0.12353872540576365,0.4562967409633959
2019Q4,BL1,LA23,0.07667723176778236,0.28321136426506893
2020Q1,BL1,LA23,0.06541024027010693,0.24159614212346406
2020Q2,BL1,LA23,0.005527143172953424,0.02041479227159864
2020Q3,BL1,LA23,0.09732296226499697,0.3594674492274617
2020Q4,BL1,LA23,0.04689925438137919,0.17322484797822096
2021Q1,BL1,LA23,0.004672681561072492,0.017258793636360906
2021Q2,BL1,LA23,0.059051910510622564,0.2181113187395898
2021Q3,BL1,LA23,0.10051126880734508,0.3712436261281653
2021Q4,BL1,LA23,0.0640125446561342,0.2364336803009071
2022Q1,BL1,LA23,0.05015257047729102,0.1852411410637498
2022Q2,BL1,LA23,0.0625528345086806,0.2310421645567824
2022Q3,BL1,LA23,0.06853159930472005,0.2531250449042933
2022Q4,BL1,LA23,0.04140969577417173,0.15294887626514822
2023Q1,BL1,LA23,0.06156954788264644,0.22741034399672225
2023Q2,BL1,LA23,0.06249769090362519,0.23083848876857016
2023Q3,BL1,LA23,0.08004870434225808,0.2956640744814637
2019Q1,BL2,LA23,0.060527155361412135,0.14618542296996656
2019Q2,BL2,LA23,0.09193519945449788,0.2220422542218488
2019Q3,BL2,LA23,0.08777299993461278,0.21198969362046785
2019Q4,BL2,LA23,0.08309820040480935,0.20069909946510808
2020Q1,BL2,LA23,0.0788426893022042,0.1904211723632452
2020Q2,BL2,LA23,0.0049441667487046025,0.011941170918701572
2020Q3,BL2,LA23,0.17062536308651965,0.4120950459883807
2020Q4,BL2,LA23,0.09032803691683072,0.2181606289588162
2021Q1,BL2,LA23,0.003656933914126692,0.00883224112908903
2021Q2,BL2,LA23,0.13326519555875432,0.321862622877397
2021Q3,BL2,LA23,0.18803936404251406,0.4541534093816551
2021Q4,BL2,LA23,0.13848286074176447,0.3344643482870844
2022Q1,BL2,LA23,0.11846191318390607,0.2861096772385429
2022Q2,BL2,LA23,0.10822703657402744,0.2613903631170273
2022Q3,BL2,LA23,0.10539353172448128,0.2545468710935705
2022Q4,BL2,LA23,0.1010211491368139,0.2439866755227049
2023Q1,BL2,LA23,0.0488166565072484,0.1179021802177948
2023Q2,BL2,LA23,0.0784431588617224,0.1894562248767416
2023Q3,BL2,LA23,0.058994594191771416,0.14248397522352074
2019Q1,BL3,LA23,0.034462231812333384,0.09397472169887074
2019Q2,BL3,LA23,0.0538470482903198,0.14683498750006913
2019Q3,BL3,LA23,0.06494115031006632,0.17708738541445626
2019Q4,BL3,LA23,0.047007477322491886,0.12818422855498893
2020Q1,BL3,LA23,0.036779686489703714,0.10029416611389212
2020Q2,BL3,LA23,0.007698007321666357,0.020991620613223537
2020Q3,BL3,LA23,0.0976559380928802,0.26629701913955045
2020Q4,BL3,LA23,0.039682874966575056,0.10821084227807816
2021Q3,BL3,LA23,0.11335750686710107,0.30911347292665003
2021Q4,BL3,LA23,0.07758956408847248,0.2115782208087121
2022Q1,BL3,LA23,0.06316157059791612,0.17223466696311027
2022Q2,BL3,LA23,0.066828273197753,0.1822333622956882
2022Q3,BL3,LA23,0.07085194171776922,0.1932054644925549
2022Q4,BL3,LA23,0.04519029992224733,0.12322898533698165
2023Q1,BL3,LA23,0.050299237110380736,0.1371604960135486
2023Q2,BL3,LA23,0.09335410501306292,0.25456639273461323
2023Q3,BL3,LA23,0.06590559199324274,0.1797173119747801
2019Q1,BL4,LA23,0.05089558696276783,0.1018230721194073
2019Q2,BL4,LA23,0.0512772239055439,0.10258658519129986
2019Q3,BL4,LA23,0.03993989621544417,0.07990482427802324
2019Q4,BL4,LA23,0.04917532953131508,0.09838147910595216
2020Q1,BL4,LA23,0.03341820513755197,0.066857354731194
2020Q2,BL4,LA23,0.002362462779287105,0.004726406203562219
2020Q3,BL4,LA23,0.05263221575170898,0.10529741810838963
2020Q4,BL4,LA23,0.021850088288686318,0.043713870856070224
2021Q1,BL4,LA23,0.0011309608415941664,0.0022626304992240487
2021Q2,BL4,LA23,0.04785871821859964,0.09574743131029703
2021Q3,BL4,LA23,0.05836959954436195,0.11677578152963056
2021Q4,BL4,LA23,0.053633579048152115,0.10730077229361684
2022Q1,BL4,LA23,0.03658889979072582,0.07320073123208627
2022Q2,BL4,LA23,0.04213391109792452,0.08429422911528894
2022Q3,BL4,LA23,0.05469616327083223,0.10942660670079346
2022Q4,BL4,LA23,0.030583177522683438,0.061185522682170874
2023Q1,BL4,LA23,0.03115227192968105,0.062324068169206125
2023Q2,BL4,LA23,0.01941404475035641,0.03884025701857114
2023Q3,BL4,LA23,0.02513017830415025,0.050276106643763516
2019Q1,BL5,LA23,0.10126744468338704,0.14652097828877844
2019Q2,BL5,LA23,0.13212591057676587,0.19116921272705206
2019Q3,BL5,LA23,0.11255266401697962,0.1628492403687703
2019Q4,BL5,LA23,0.11363164917792125,0.16441039323319304
2020Q1,BL5,LA23,0.0782507103292637,0.11321872162452655
2020Q2,BL5,LA23,0.009563300536087631,0.013836866868696951
2020Q3,BL5,LA23,0.25176753508518585,0.3642752679044094
2020Q4,BL5,LA23,0.0962055291191622,0.1391970369885484
2021Q1,BL5,LA23,0.0017889805836286726,0.00258842499751457
2021Q2,BL5,LA23,0.13085023749467445,0.18932347771765115
2021Q3,BL5,LA23,0.08506372806140801,0.1230762827226031
2021Q4,BL5,LA23,0.06529214452015747,0.09446934224099356
2022Q1,BL5,LA23,0.07539358840554948,0.10908483337779762
2022Q2,BL5,LA23,0.08998992096459557,0.1302038507744184
2022Q3,BL5,LA23,0.0628165052158684,0.09088741031915364
2022Q4,BL5,LA23,0.06252647048661196,0.09046776733910963
2023Q1,BL5,LA23,0.0576249135450928,0.08337584435779087
2023Q2,BL5,LA23,0.050739936817405885,0.07341416784081987
2023Q3,BL5,LA23,0.0657720210716822,0.09516366194074584
2019Q1,BL6,LA23,0.10744685724412764,0.2353333104674665
2019Q2,BL6,LA23,0.12069538876075328,0.2643506392252183
2019Q3,BL6,LA23,0.1243365041879728,0.2723255188006613
2019Q4,BL6,LA23,0.10915007622587172,0.2390637514659795
2020Q1,BL6,LA23,0.07348996246251767,0.16095990702770735
2020Q2,BL6,LA23,0.009000436974815012,0.019713025427300416
2020Q3,BL6,LA23,0.0736658797791901,0.161345206379991
2020Q4,BL6,LA23,0.046795986913981874,0.10249396584990833
2021Q1,BL6,LA23,0.003147002010827517,0.006892657637934678
2021Q2,BL6,LA23,0.047663293286835114,0.10439356612811226
2021Q3,BL6,LA23,0.06642379068813511,0.14548336691617142
2021Q4,BL6,LA23,0.06339064471506388,0.13884008016696378
2022Q1,BL6,LA23,0.058680721826425065,0.1285242666210032
2022Q2,BL6,LA23,0.06405763840681966,0.1403009496383264
2022Q3,BL6,LA23,0.0606055788010644,0.1327401457601115
2022Q4,BL6,LA23,0.03401469760043028,0.07450000489703983
2023Q1,BL6,LA23,0.014088306449789482,0.030856628855846037
2023Q2,BL6,LA23,0.011159839367911394,0.02444261293532885
2023Q3,BL6,LA23,0.01656874391600266,0.036289356953283114
2020Q3,BL7,LA23,0.4648150429881231,0.00961737261087704
2021Q3,BL7,LA23,0.5757946315358151,0.011913623714119085
2022Q2,BL7,LA23,0.32185443506360945,0.0066594101786614365
2022Q3,BL7,LA23,0.2787331742342849,0.005767198880635466
2023Q2,BL7,LA23,0.35333924544223294,0.007310854570494016
2019Q2,BL8,LA23,0.1456785555257375,0.2460444010933548
2019Q3,BL8,LA23,0.11932257587966336,0.20153035986165624
2019Q4,BL8,LA23,0.1074967285287679,0.1815570458871197
2020Q1,BL8,LA23,0.08353257121267102,0.1410826829085255
2020Q2,BL8,LA23,0.0066343189001329345,0.01120506044664303
2020Q3,BL8,LA23,0.2103090863806715,0.3552024044738754
2020Q4,BL8,LA23,0.09044912959987332,0.15276443290848174
2021Q1,BL8,LA23,0.004644858004853839,0.00784495220894765
2021Q2,BL8,LA23,0.1263923903511533,0.213470952361364
2021Q3,BL8,LA23,0.2135573019972896,0.3606884917234959
2021Q4,BL8,LA23,0.1777829654104227,0.3002672774393341
2022Q1,BL8,LA23,0.12363138353209878,0.20880773843288072
2022Q2,BL8,LA23,0.13698640981786533,0.2313637655173675
2022Q3,BL8,LA23,0.16296960902204655,0.2752481976742516
2022Q4,BL8,LA23,0.08707522687055454,0.14706606588811538
2023Q1,BL8,LA23,0.06928382222531985,0.11701719915719205
2023Q2,BL8,LA23,0.0969354151090938,0.16371947174502965
2023Q3,BL8,LA23,0.11701033541021423,0.1976250917222497
2019Q1,BL9,LA23,0.08253237656633737,0.2926095160772738
2019Q2,BL9,LA23,0.06937556932978074,0.2459634947365889
2019Q3,BL9,LA23,0.07038395905410308,0.24953863023525094
2019Q4,BL9,LA23,0.06051090860360241,0.2145348094958173
2020Q1,BL9,LA23,0.0395750599622535,0.14030904750424042
2020Q2,BL9,LA23,0.001864747062558132,0.006611256797422757
2020Q3,BL9,LA23,0.07588449282205008,0.2690401712179221
2020Q4,BL9,LA23,0.04405323456463476,0.1561859258619003
2021Q1,BL9,LA23,0.002414041806923264,0.008558721247368428
2021Q2,BL9,LA23,0.058555982169981265,0.20760383159953952
2021Q3,BL9,LA23,0.097770263467948,0.3466337778012372
2021Q4,BL9,LA23,0.0773802223089896,0.2743431165536123
2022Q1,BL9,LA23,0.061873387975090614,0.21936533111827394
2022Q2,BL9,LA23,0.0728809202013118,0.2583913329362478
2022Q3,BL9,LA23,0.06651793148500967,0.2358320522449205
2022Q4,BL9,LA23,0.05848872491856427,0.2073653783693216
2023Q1,BL9,LA23,0.03389522790611427,0.12017182404731938
2023Q2,BL9,LA23,0.05141804634820762,0.1822970606873868
2023Q3,BL9,LA23,0.039524892333846665,0.14013118366362906
2019Q1,BN1,LA23,0.002404662426394552,0.020047785419995738
2019Q2,BN1,LA23,0.009678394002636502,0.08068923273606893
2019Q3,BN1,LA23,0.00690223114757508,0.05754423051108627
2019Q4,BN1,LA23,0.004311640722249954,0.035946354489925315
2020Q1,BN1,LA23,0.003074190546803069,0.025629673315473944
2020Q3,BN1,LA23,0.00991287887763463,0.08264414433056051
2020Q4,BN1,LA23,0.003159405739558879,0.02634011644468004
2021Q2,BN1,LA23,0.0068090286565770436,0.05676719689521228
2021Q3,BN1,LA23,0.018585653819494338,0.1549494829601546
2021Q4,BN1,LA23,0.0060336970198220105,0.050303220034100614
2022Q1,BN1,LA23,0.004113510629262039,0.03429453444821532
2022Q2,BN1,LA23,0.007200900598350305,0.06003425197727074
2022Q3,BN1,LA23,0.005250447464179731,0.0437732311053149
2022Q4,BN1,LA23,0.003059378054514556,0.02550618086028526
2023Q1,BN1,LA23,0.0013976471060987605,0.0116522506312695
2023Q2,BN1,LA23,0.004686063756245411,0.0390679371950285
2023Q3,BN1,LA23,0.004461092525299097,0.03719234130506969
2019Q2,BN10,LA23,0.005558168569370165,0.004920031961756186
2019Q3,BN10,LA23,0.0037409493368968025,0.0033114487398370755
2020Q3,BN10,LA23,0.010277155621550862,0.00909722933065023
2021Q2,BN10,LA23,0.0076819332791661,0.006799965994168933
2021Q3,BN10,LA23,0.01424852456716788,0.012612643068196485
2021Q4,BN10,LA23,0.0035939251271497673,0.003181304466219025
2022Q3,BN10,LA23,0.006910627938809845,0.00611721467429379
2023Q2,BN10,LA23,0.007347208161642016,0.00650367086456517
2023Q3,BN10,LA23,0.005514633067261738,0.004881494796290397
2019Q2,BN11,LA23,0.0034062979024751753,0.003586559273790789
2019Q3,BN11,LA23,0.004342592064359038,0.004572402146447525
2019Q4,BN11,LA23,0.0016066354606231565,0.0016916586499119662
2020Q3,BN11,LA23,0.007113363566523606,0.0074898029467188355
2020Q4,BN11,LA23,0.0035009916794636496,0.0036862642478570624
2021Q2,BN11,LA23,0.00851056028906493,0.008960939355222436
2021Q3,BN11,LA23,0.029186077838748537,0.030730605817559226
2022Q1,BN11,LA23,0.004139058812006728,0.004358097909223134
2022Q2,BN11,LA23,0.009580895243321164,0.010087916462380529
2022Q3,BN11,LA23,0.008151081012390047,0.008582436426116606
2022Q4,BN11,LA23,0.0040733431161561326,0.004288904537082871
2023Q2,BN11,LA23,0.007063372943138827,0.007437166818277757
2023Q3,BN11,LA23,0.005616185597212724,0.0059133942813330755
2019Q2,BN12,LA23,0.003579429575335378,0.003477021176828929
2019Q3,BN12,LA23,0.009536734730692371,0.009263886303255569
2020Q3,BN12,LA23,0.00798237357823388,0.007753995822163478
2021Q2,BN12,LA23,0.010254928034339928,0.009961531912222552
2021Q3,BN12,LA23,0.014685858427762991,0.014265692250268427
2021Q4,BN12,LA23,0.002949810220422466,0.0028654153931983216
2019Q1,BN13,LA23,0.0032973364367454693,0.011057780510331936
2019Q2,BN13,LA23,0.004668183071705958,0.015654982371141126
2019Q3,BN13,LA23,0.011610790503097473,0.03893735910716505
2019Q4,BN13,LA23,0.002398307862579145,0.00804284380722132
2020Q1,BN13,LA23,0.004725424752907225,0.01584694517472775
2020Q3,BN13,LA23,0.005125383482837426,0.017188226519110228
2020Q4,BN13,LA23,0.0014003190937936828,0.004696039206384674
2021Q2,BN13,LA23,0.003521559971394497,0.011809725202347342
2021Q3,BN13,LA23,0.01080035178507277,0.03621951285977475
2021Q4,BN13,LA23,0.0028400282258377284,0.009524174850491668
2022Q1,BN13,LA23,0.002159251078714875,0.007241155081734125
2022Q2,BN13,LA23,0.005983210982511992,0.02006499338506301
2022Q3,BN13,LA23,0.0045821157303291395,0.01536635129320598
2022Q4,BN13,LA23,0.0014968861333795474,0.005019881540570924
2023Q1,BN13,LA23,0.0014954631763327364,0.005015109583871595
2023Q2,BN13,LA23,0.003517592939627629,0.011796421565488607
2023Q3,BN13,LA23,0.0024246541279004056,0.00813119730853313
2019Q2,BN14,LA23,0.0058587370229599995,0.010014891064405954
2019Q3,BN14,LA23,0.004654793085007636,0.007956876284259173
2019Q4,BN14,LA23,0.003506977365354277,0.005994806754718591
2020Q1,BN14,LA23,0.004148285613922072,0.007091055352827973
2020Q3,BN14,LA23,0.01559493148970755,0.02665788537943078
2020Q4,BN14,LA23,0.0019470612456352254,0.00332829519303319
2021Q2,BN14,LA23,0.010139031807425541,0.01733160212721278
2021Q3,BN14,LA23,0.01787305194003478,0.0305520912555798
2021Q4,BN14,LA23,0.002322616973048064,0.003970267973841342
2022Q1,BN14,LA23,0.0020602059208046524,0.00352170404410446
2022Q2,BN14,LA23,0.026794350963113483,0.04580210802864608
2022Q3,BN14,LA23,0.009085200188043756,0.015530188473216256
2022Q4,BN14,LA23,0.0014614062324406984,0.002498119332098489
2023Q2,BN14,LA23,0.004789636159564697,0.00818737625331159
2023Q3,BN14,LA23,0.01131569413211275,0.01934298187597976
2019Q2,BN15,LA23,0.01104283004674933,0.008906857179296715
2019Q3,BN15,LA23,0.0053253245386133295,0.004295267146015309
2020Q3,BN15,LA23,0.007196229456306509,0.00580428999861661
2021Q2,BN15,LA23,0.003699409469995681,0.0029838466821907484
2021Q3,BN15,LA23,0.007963469894739547,0.006423126019670443
2021Q4,BN15,LA23,0.002627746957848589,0.002119471798244193
2022Q1,BN15,LA23,0.0027414122079868165,0.0022111512087706867
2022Q2,BN15,LA23,0.023325489805377072,0.018813728496599683
2022Q3,BN15,LA23,0.018929746216238046,0.015268236971372813
2023Q2,BN15,LA23,0.0020985043420630235,0.0016925985807769856
2023Q3,BN15,LA23,0.0063104831340542785,0.005089870238827742
2019Q2,BN16,LA23,0.004529053473279487,0.005740157792672604
2019Q3,BN16,LA23,0.008760661583612555,0.011103331006098251
2020Q3,BN16,LA23,0.010885507658346982,0.013796377539126891
2021Q2,BN16,LA23,0.006231178002284538,0.007897443732640263
2019Q2,BN17,LA23,0.006141938590683296,0.015024361063087431
2019Q3,BN17,LA23,0.006891388756013091,0.016857660064120383
2019Q4,BN17,LA23,0.002147117382870017,0.005252261371353377
2020Q3,BN17,LA23,0.006062489070080422,0.014830012281151144
2020Q4,BN17,LA23,0.004033629697601812,0.009867032709101
2021Q2,BN17,LA23,0.0064232040810318644,0.01571239045628153
2021Q3,BN17,LA23,0.017225915199730584,0.042137896004929856
2022Q1,BN17,LA23,0.0040883990285828856,0.01000100900855336
2022Q2,BN17,LA23,0.010665654784236098,0.02609023943933338
2022Q3,BN17,LA23,0.006166086752265346,0.01508343210283518
2022Q4,BN17,LA23,0.003549306838748128,0.008682286004931344
2023Q1,BN17,LA23,0.0016065473373692845,0.003929923249019747
2023Q2,BN17,LA23,0.00912005421453167,0.02230940368598053
2023Q3,BN17,LA23,0.004492385653434108,0.010989237859559764
2020Q3,BN18,LA23,0.02347540032229094,0.006905021343928393
2021Q2,BN18,LA23,0.02684792123726478,0.00789700991839487
2021Q3,BN18,LA23,0.03019561528544472,0.008881695953063892
2021Q4,BN18,LA23,0.008193111852550516,0.0024099104355351435
2022Q2,BN18,LA23,0.014977483372468734,0.004405455964345258
2022Q3,BN18,LA23,0.036889528518430685,0.01085063420815654
2023Q2,BN18,LA23,0.022958460709740648,0.006752969450917971
2023Q3,BN18,LA23,0.021360446244125128,0.006282931716034109
2019Q1,BN2,LA23,0.0037377550817321204,0.016266009735777867
2019Q2,BN2,LA23,0.009294661067417154,0.04044862333336755
2019Q3,BN2,LA23,0.00868265625708216,0.03778529307614837
2019Q4,BN2,LA23,0.004974923237796433,0.021649933730608174
2020Q1,BN2,LA23,0.002277955139955761,0.00991323392623541
2020Q3,BN2,LA23,0.013242504129024559,0.057628896591312234
2020Q4,BN2,LA23,0.0036531217745368093,0.015897701441438792
2021Q2,BN2,LA23,0.006349541600069384,0.02763201526746189
2021Q3,BN2,LA23,0.016736244805028857,0.07283300135674105
2021Q4,BN2,LA23,0.005010743695258759,0.02180581764945291
2022Q1,BN2,LA23,0.0036942588119564385,0.01607672212003784
2022Q2,BN2,LA23,0.0048155421392639215,0.0209563370545982
2022Q3,BN2,LA23,0.0068379193120847274,0.029757343558018894
2022Q4,BN2,LA23,0.004289682538549595,0.01866789460777324
2023Q1,BN2,LA23,0.0018426269273268785,0.00801876711660198
2023Q2,BN2,LA23,0.0062661543663015675,0.027269129651190226
2023Q3,BN2,LA23,0.008347013918652701,0.03632464051190845
2019Q2,BN21,LA23,0.003981131052811528,0.00725576016132904
2019Q3,BN21,LA23,0.006484864304483538,0.011818907603874836
2019Q4,BN21,LA23,0.0019578962347852817,0.003568339075484262
2020Q3,BN21,LA23,0.008889221022446613,0.016200937598968845
2020Q4,BN21,LA23,0.002519681102590569,0.004592212996987162
2021Q2,BN21,LA23,0.005762053747925927,0.01050155834536323
2021Q3,BN21,LA23,0.018352525006690438,0.03344816285545259
2021Q4,BN21,LA23,0.005503119362489508,0.010029640748749331
2022Q1,BN21,LA23,0.0050945846143319725,0.009285070898905616
2022Q2,BN21,LA23,0.01241409278815775,0.022625148154252768
2022Q3,BN21,LA23,0.01502025726140121,0.027374980327066242
2022Q4,BN21,LA23,0.0043361095851977794,0.007902721805959217
2023Q2,BN21,LA23,0.0022467427585117347,0.0040947726622692785
2023Q3,BN21,LA23,0.005243391551634257,0.009556277104650788
2019Q1,BN22,LA23,0.0011944770638286798,0.0034621991901113178
2019Q2,BN22,LA23,0.006444189416151975,0.018678523056785374
2019Q3,BN22,LA23,0.007608483390344387,0.02205323637407567
2019Q4,BN22,LA23,0.002624931010268184,0.007608378840459727
2020Q3,BN22,LA23,0.007873570740397793,0.0228215937050418
2020Q4,BN22,LA23,0.0021696403061019303,0.006288715905972689
2021Q2,BN22,LA23,0.004702924480565445,0.013631455823503126
2021Q3,BN22,LA23,0.014376080870243647,0.04166915971278218
2021Q4,BN22,LA23,0.0021164831457590482,0.0061346395464837635
2022Q1,BN22,LA23,0.0023256444735277326,0.006740894954421184
2022Q2,BN22,LA23,0.003186486145715845,0.00923604988917615
2022Q3,BN22,LA23,0.004154091143228939,0.01204065898564515
2023Q1,BN22,LA23,0.002345126285929324,0.0067973631086965716
2023Q2,BN22,LA23,0.0029581173972695342,0.008574121653079895
2023Q3,BN22,LA23,0.007325984638170223,0.021234411985895436
2019Q1,BN23,LA23,0.0017534169568684539,0.004509065266620075
2019Q2,BN23,LA23,0.003938159190103385,0.0101273212563371
2019Q3,BN23,LA23,0.006751009543671221,0.01736081228640261
2019Q4,BN23,LA23,0.002428309853935197,0.006244611457691016
2020Q3,BN23,LA23,0.001991558218248029,0.005121466376367236
2021Q3,BN23,LA23,0.0006232440780402639,0.0016027267296062982
2023Q1,BN23,LA23,0.00229279145017492,0.0058961140138915685
2023Q2,BN23,LA23,0.002387429405995893,0.0061394838055573225
2023Q3,BN23,LA23,0.004995793172313003,0.012847119667831673
2019Q1,BN25,LA23,0.00198255468865986,0.0026135862237473928
2019Q2,BN25,LA23,0.014450360021023791,0.019049795748467983
2019Q3,BN25,LA23,0.013608975394523543,0.017940605025371027
2019Q4,BN25,LA23,0.007016273547938435,0.00924949813078335
2020Q3,BN25,LA23,0.0029886951601510933,0.003939973279038029
2020Q4,BN25,LA23,0.00198249984317218,0.002613513921373161
2021Q2,BN25,LA23,0.00722896434916182,0.009529886738056015
2021Q3,BN25,LA23,0.013472355284712441,0.01776049981115849
2021Q4,BN25,LA23,0.0059111918166723215,0.0077926775923777315
2022Q2,BN25,LA23,0.0039736104279101325,0.005238379315500785
2022Q3,BN25,LA23,0.005967956896421213,0.007867510549708114
2023Q1,BN25,LA23,0.002937908238559331,0.0038730212804989647
2023Q2,BN25,LA23,0.010903447487264748,0.01437392890449411
2023Q3,BN25,LA23,0.008102433585954921,0.010681374350078841
2021Q3,BN26,LA23,0.02376211082575421,0.003639846123599958
2019Q2,BN27,LA23,0.0043959224282263,0.007984206581718964
2019Q3,BN27,LA23,0.006066745554222553,0.011018881832994985
2019Q4,BN27,LA23,0.0056385702577578705,0.0102411974957529
2020Q4,BN27,LA23,0.002250308788941252,0.004087180912974892
2021Q2,BN27,LA23,0.004632302579807492,0.00841353807991007
2021Q3,BN27,LA23,0.011793888704750405,0.02142095211141464
2022Q1,BN27,LA23,0.002444134143951157,0.00443922117311172
2022Q3,BN27,LA23,0.005879010829591887,0.010677903836115693
2022Q4,BN27,LA23,0.002476896162265627,0.0044987260271048615
2023Q2,BN27,LA23,0.002650936920553429,0.004814832007248262
2023Q3,BN27,LA23,0.005892744603976446,0.010702848155225816
2019Q1,BN3,LA23,0.003096868177931396,0.019907084999739783
2019Q2,BN3,LA23,0.007047219462891909,0.04530047415622273
2019Q3,BN3,LA23,0.010010216318474062,0.06434701629785025
2019Q4,BN3,LA23,0.005166058561451491,0.03320811897300152
2020Q1,BN3,LA23,0.0015233908610031211,0.009792561263641784
2020Q3,BN3,LA23,0.008967646436111964,0.05764523692788873
2020Q4,BN3,LA23,0.0019321584292115055,0.012420174147990232
2021Q2,BN3,LA23,0.010234857391399543,0.06579103931601676
2021Q3,BN3,LA23,0.015120991940138412,0.09719976910150027
2021Q4,BN3,LA23,0.0039820700825596465,0.025597281851817897
2022Q1,BN3,LA23,0.005262688416123171,0.033829268670030783
2022Q2,BN3,LA23,0.006742077881307922,0.04333898304567601
2022Q3,BN3,LA23,0.005088921145162539,0.032712269290516745
2022Q4,BN3,LA23,0.002650195521811992,0.017035813114228644
2023Q1,BN3,LA23,0.0026219747901892183,0.016854406457279928
2023Q2,BN3,LA23,0.01125116365943754,0.07232399264214599
2023Q3,BN3,LA23,0.008310268731969675,0.053419524665884836
2020Q3,BN41,LA23,0.01921836809252702,0.005167667593501644
2021Q3,BN41,LA23,0.04167954842458332,0.01120730182024423
2019Q3,BN44,LA23,0.01361426272221209,0.004885109915002009
2020Q3,BN44,LA23,0.015028985412549559,0.00539274488448664
2021Q2,BN44,LA23,0.01396084056402671,0.0050094699986814786
2021Q3,BN44,LA23,0.031568405419426085,0.01132746836621823
2022Q2,BN44,LA23,0.01702281549670983,0.00610817687751476
2023Q3,BN44,LA23,0.01613581802015869,0.0057899018261443926
2021Q3,BN5,LA23,0.020541155549423328,0.005297233448125837
2019Q3,BN6,LA23,0.013582537228152109,0.007886526074131194
2020Q3,BN6,LA23,0.012631061051136698,0.007334063632622567
2021Q3,BN6,LA23,0.02670633368466114,0.015506690201590775
2022Q2,BN6,LA23,0.013911899155675441,0.008077765853975497
2022Q3,BN6,LA23,0.016036252457583954,0.009311244358377692
2023Q3,BN6,LA23,0.008713833256796836,0.00505957554402443
2019Q2,BN7,LA23,0.007181511747390975,0.011508007394676159
2019Q3,BN7,LA23,0.010168089359198242,0.01629384614985729
2019Q4,BN7,LA23,0.002250716869255829,0.0036066593338273546
2020Q3,BN7,LA23,0.017274160603704552,0.02768096397481713
2021Q2,BN7,LA23,0.0063519369351676186,0.010178655942042002
2021Q3,BN7,LA23,0.0235147415812649,0.03768117765725393
2021Q4,BN7,LA23,0.005280925441762539,0.00846241448489107
2022Q1,BN7,LA23,0.0046848913250720926,0.007507300121283041
2022Q3,BN7,LA23,0.005195468317083379,0.008325473788095186
2022Q4,BN7,LA23,0.007668806861717759,0.012288873036384464
2023Q1,BN7,LA23,0.0013064021055757128,0.002093442943520583
2023Q2,BN7,LA23,0.003905986180755124,0.006259144234911698
2023Q3,BN7,LA23,0.0031646208082085144,0.005071143923901589
2019Q3,BN8,LA23,0.01193860368434473,0.009039532036012892
2020Q3,BN8,LA23,0.016857414587725533,0.012763899635090352
2021Q2,BN8,LA23,0.008674452083516441,0.006568019977631873
2021Q3,BN8,LA23,0.03251012108675055,0.02461563251686663
2021Q4,BN8,LA23,0.01165175023646455,0.008822335703819214
2022Q2,BN8,LA23,0.007488651112885259,0.005670169094415785
2023Q2,BN8,LA23,0.013716159254347906,0.010385440732346237
2023Q3,BN8,LA23,0.0063957623941806475,0.004842668421327678
2019Q2,BN9,LA23,0.005209109226031793,0.004209661134924324
2019Q3,BN9,LA23,0.004931578751491653,0.003985379170055882
2020Q3,BN9,LA23,0.0039885835220741525,0.0032233121456479623
2020Q4,BN9,LA23,0.005613416193938593,0.004536395564079864
2021Q2,BN9,LA23,0.003439338008469405,0.002779447870236176
2021Q3,BN9,LA23,0.005728740752830354,0.0046295933244652355
2022Q2,BN9,LA23,0.006514003478503731,0.005264191263101698
2022Q3,BN9,LA23,0.0034923926736539,0.0028223231781559005
2023Q2,BN9,LA23,0.0035269274135547686,0.0028502318946095487
2019Q1,BR1,LA23,0.0014380705972681176,0.005223991143028567
2019Q2,BR1,LA23,0.009669000576574636,0.035123987285407686
2019Q3,BR1,LA23,0.009429740118043936,0.03425484044476181
2019Q4,BR1,LA23,0.0038011383286977603,0.01380816282612675
2020Q1,BR1,LA23,0.0029275122321760104,0.010634594713950571
2020Q3,BR1,LA23,0.016146926239676906,0.05865595181728135
2020Q4,BR1,LA23,0.00673022294056131,0.02444846942764167
2021Q2,BR1,LA23,0.008040612326493063,0.02920864083997035
2021Q3,BR1,LA23,0.018028527330073558,0.0654911290677014
2021Q4,BR1,LA23,0.009262729510978713,0.033648151222579
2022Q1,BR1,LA23,0.002540587407798938,0.009229036558875622
2022Q2,BR1,LA23,0.0077828017683574564,0.028272108186540006
2022Q3,BR1,LA23,0.013356071715534485,0.04851778520480941
2022Q4,BR1,LA23,0.004663100950575222,0.016939361747002817
2023Q2,BR1,LA23,0.0047589165938134535,0.017287425376556875
2023Q3,BR1,LA23,0.007590294726105653,0.02757279962296568
2019Q1,BR2,LA23,0.004145371805165996,0.014221877011483685
2019Q2,BR2,LA23,0.011910536221552713,0.04086248212347296
2019Q3,BR2,LA23,0.010382586315003934,0.035620415386886324
2019Q4,BR2,LA23,0.007679706954922824,0.026347418984477497
2020Q1,BR2,LA23,0.002663828145261727,0.009139020102956473
2020Q3,BR2,LA23,0.014359192805397337,0.04926329498551815
2020Q4,BR2,LA23,0.0040558680224687905,0.013914808828119315
2021Q2,BR2,LA23,0.006468950698803904,0.02219357528246047
2021Q3,BR2,LA23,0.021973041667330103,0.07538476905051986
2021Q4,BR2,LA23,0.006853962379071202,0.023514467357309454
2022Q1,BR2,LA23,0.003522322633595444,0.012084329619681429
2022Q2,BR2,LA23,0.010517084346831945,0.03608184913923655
2022Q3,BR2,LA23,0.009121040297571084,0.03129232296296957
2022Q4,BR2,LA23,0.00268003450478472,0.00919462062874107
2023Q1,BR2,LA23,0.0005361164888236795,0.0018393000980942214
2023Q2,BR2,LA23,0.004299701025955169,0.014751347297986456
2023Q3,BR2,LA23,0.007729885553133806,0.026519570937524484
2019Q1,BR3,LA23,0.0021288329724442885,0.008851256653512113
2019Q2,BR3,LA23,0.010920068014817434,0.045403432737129455
2019Q3,BR3,LA23,0.01242304982994862,0.05165252694202287
2019Q4,BR3,LA23,0.004349291667252644,0.018083474516853958
2020Q1,BR3,LA23,0.0038495671685667135,0.01600572118854177
2020Q3,BR3,LA23,0.02121258069301038,0.08819761739296544
2020Q4,BR3,LA23,0.003487533402406628,0.014500458059400546
2021Q2,BR3,LA23,0.01116999112770723,0.04644256245959536
2021Q3,BR3,LA23,0.03522554287255554,0.14646067810866872
2021Q4,BR3,LA23,0.009739106531198444,0.04049323389826885
2022Q1,BR3,LA23,0.0018884045728607668,0.007851604027377017
2022Q2,BR3,LA23,0.015262508185654925,0.0634584201185359
2022Q3,BR3,LA23,0.011635232079714869,0.04837694017980499
2022Q4,BR3,LA23,0.005024824868368011,0.020892204848654197
2023Q1,BR3,LA23,0.0018595552516609208,0.007731654388525713
2023Q2,BR3,LA23,0.006115204004711535,0.025425780620139
2023Q3,BR3,LA23,0.008452051190653443,0.035141918274217296
2019Q3,BR4,LA23,0.00612340021512459,0.01031516282459249
2019Q4,BR4,LA23,0.003316113915767073,0.0055861537355579105
2020Q3,BR4,LA23,0.01810662321877141,0.030501479593617226
2020Q4,BR4,LA23,0.0036855772748605733,0.006208532572949122
2021Q2,BR4,LA23,0.00713534696435176,0.012019835901866262
2021Q3,BR4,LA23,0.023364265369737645,0.03935823122757098
2021Q4,BR4,LA23,0.00994945769146205,0.01676034106840377
2022Q1,BR4,LA23,0.009138681337689254,0.015394549219156556
2022Q2,BR4,LA23,0.01093827005981661,0.018426043165966355
2022Q3,BR4,LA23,0.01031102359957121,0.017369416268936247
2022Q4,BR4,LA23,0.004483949480076444,0.007553429036043216
2023Q2,BR4,LA23,0.0026301087033610056,0.00443054488820385
2023Q3,BR4,LA23,0.003917650739384105,0.006599471510422903
2019Q2,BR5,LA23,0.005198427340582221,0.012743076551311464
2019Q3,BR5,LA23,0.015034225749171494,0.036853893891288514
2019Q4,BR5,LA23,0.005245265599485036,0.012857892721592278
2020Q1,BR5,LA23,0.002078698447377105,0.00509558212639209
2020Q3,BR5,LA23,0.023038229403882074,0.05647437227957166
2020Q4,BR5,LA23,0.0051546270795805324,0.012635707525576571
2021Q2,BR5,LA23,0.008460204757008974,0.02073877921053336
2021Q3,BR5,LA23,0.035442610795186534,0.08688164187956425
2021Q4,BR5,LA23,0.011885886584470328,0.02913626616336386
2022Q1,BR5,LA23,0.005882596265966171,0.014420202424002746
2022Q2,BR5,LA23,0.025019033530542276,0.0613299828258869
2022Q3,BR5,LA23,0.0183890307906483,0.04507763823883893
2022Q4,BR5,LA23,0.0034892733175082512,0.00855337087167524
2023Q2,BR5,LA23,0.005844872000766737,0.0143277276873597
2023Q3,BR5,LA23,0.0027072395665326482,0.00663634572128135
2019Q2,BR6,LA23,0.007749107124019485,0.02218388676431335
2019Q3,BR6,LA23,0.011875552570552802,0.03399693787587537
2020Q1,BR6,LA23,0.001313015019061684,0.0037588558315862423
2020Q3,BR6,LA23,0.012516249750739708,0.0358311045053991
2020Q4,BR6,LA23,0.002779233644833151,0.007956297865265315
2021Q2,BR6,LA23,0.006763562920091172,0.019362503517022463
2021Q3,BR6,LA23,0.01321518753710412,0.037832000409902415
2021Q4,BR6,LA23,0.006126452108541392,0.017538603824639714
2022Q1,BR6,LA23,0.0038938618635807327,0.01114721854725723
2022Q2,BR6,LA23,0.009659252521162176,0.02765218762987269
2022Q3,BR6,LA23,0.00967556797284937,0.027698894963626725
2022Q4,BR6,LA23,0.005125223855854957,0.014672320802950606
2023Q2,BR6,LA23,0.006148424930473061,0.017601506890221767
2023Q3,BR6,LA23,0.012346882229045708,0.03534624478379763
2019Q2,BR7,LA23,0.008520184349599589,0.010178655942042002
2019Q3,BR7,LA23,0.021585548340018683,0.02578722018892602
2020Q3,BR7,LA23,0.029593477024107,0.03535390883546625
2020Q4,BR7,LA23,0.0035413667310640815,0.0042307011258259095
2021Q2,BR7,LA23,0.009762573799223328,0.01166287908028164
2021Q3,BR7,LA23,0.06544265848515178,0.07818120797870062
2021Q4,BR7,LA23,0.0073648856257167205,0.008798475920322572
2022Q2,BR7,LA23,0.004448284399741582,0.005314152203696184
2022Q3,BR7,LA23,0.01410058766227286,0.016845296358126663
2022Q4,BR7,LA23,0.00771131183429263,0.009212334710427974
2023Q2,BR7,LA23,0.0025190947029271674,0.003009441722668965
2023Q3,BR7,LA23,0.015542214547017472,0.018567538912338876
2019Q2,BR8,LA23,0.0049777218553718,0.009075972432625949
2019Q3,BR8,LA23,0.01048752477517049,0.019122098122700232
2020Q3,BR8,LA23,0.002311487354785208,0.004214577696372117
2021Q3,BR8,LA23,0.005638520697047886,0.01028081919683217
2022Q2,BR8,LA23,0.0024987744964820487,0.004556061809871037
2022Q3,BR8,LA23,0.0042496693629826415,0.007748500841721828
2022Q4,BR8,LA23,0.0016376819108485756,0.002986015753417716
2023Q2,BR8,LA23,0.004747092590898196,0.008655461824091177
2023Q3,BR8,LA23,0.0024122488680292627,0.004398298029296265
2019Q1,BS1,LA23,0.004374783021870983,0.009507979118663643
2019Q2,BS1,LA23,0.012281415807754444,0.02669193979769417
2019Q3,BS1,LA23,0.015930966174273174,0.03462372715809475
2019Q4,BS1,LA23,0.01323519655220165,0.028764848866932792
2020Q1,BS1,LA23,0.00495081070202806,0.010759894728495064
2020Q3,BS1,LA23,0.010055084626035016,0.0218533203093235
2020Q4,BS1,LA23,0.004762715957378443,0.010351097104585918
2021Q2,BS1,LA23,0.009144152489848987,0.01987353669809601
2021Q3,BS1,LA23,0.022231175360998397,0.048316350790198366
2021Q4,BS1,LA23,0.006016337156994909,0.013075667472779816
2022Q1,BS1,LA23,0.0022716748564554426,0.0049371676244492286
2022Q2,BS1,LA23,0.011864639903797882,0.02578613565331253
2022Q3,BS1,LA23,0.00530228239944992,0.011523769312258791
2022Q4,BS1,LA23,0.00373521431548809,0.008117965974048628
2023Q1,BS1,LA23,0.007708092029592531,0.016752460109612455
2023Q2,BS1,LA23,0.004259145007650596,0.009256656065832342
2023Q3,BS1,LA23,0.0074582859741319785,0.016209541581502486
2019Q1,BS10,LA23,0.0016477144331362148,0.004206479830458105
2019Q2,BS10,LA23,0.009004752721545458,0.0229883952823956
2019Q3,BS10,LA23,0.008584235629412447,0.021914849629795143
2019Q4,BS10,LA23,0.004325593784729204,0.011042886221240092
2020Q3,BS10,LA23,0.002928609269201661,0.007476499309860101
2021Q2,BS10,LA23,0.0032125036207332693,0.00820125830916418
2021Q3,BS10,LA23,0.0064335886449495856,0.016424424237720732
2021Q4,BS10,LA23,0.002419559281728684,0.0061769364354096285
2022Q1,BS10,LA23,0.0016897151637149633,0.0043137042514445325
2022Q2,BS10,LA23,0.0037518009313742186,0.009578040119294695
2022Q3,BS10,LA23,0.007100502470754284,0.018127000546141768
2022Q4,BS10,LA23,0.0010951909989751877,0.0027959328115611287
2023Q1,BS10,LA23,0.0009330222981701207,0.0023819294167072625
2023Q2,BS10,LA23,0.005555113485750922,0.014181749193784787
2023Q3,BS10,LA23,0.0017108996185180006,0.004367786427370257
2020Q3,BS11,LA23,0.003826481884713735,0.002797017347174613
2021Q2,BS11,LA23,0.007239602833761999,0.005291883072432651
2021Q3,BS11,LA23,0.01838007075961281,0.013435154877462566
2021Q4,BS11,LA23,0.0017945937917632489,0.0013117819756957216
2022Q1,BS11,LA23,0.003966049312381593,0.002899035997216318
2022Q2,BS11,LA23,0.016269348336505497,0.01189229451372057
2022Q3,BS11,LA23,0.010843330751708893,0.007926075472836235
2023Q3,BS11,LA23,0.004086427455168115,0.0029870279866569672
2019Q3,BS14,LA23,0.002629679564054603,0.004276396226340691
2020Q3,BS14,LA23,0.002860875819643889,0.004652368572348394
2021Q2,BS14,LA23,0.002263811489584557,0.0036814199887835017
2021Q3,BS14,LA23,0.0024791352330112712,0.004031580387190291
2021Q4,BS14,LA23,0.005977490266624235,0.009720620401280694
2022Q2,BS14,LA23,0.0022069016420548865,0.0035888729497662213
2022Q3,BS14,LA23,0.006636310673416936,0.010791996982654182
2019Q1,BS15,LA23,0.0008908274713338874,0.0038465586115299616
2019Q2,BS15,LA23,0.010004507733268702,0.0431990779515366
2019Q3,BS15,LA23,0.015449085963782604,0.06670855644502402
2019Q4,BS15,LA23,0.005238335453791294,0.0226189301500688
2020Q1,BS15,LA23,0.0035336552650890815,0.01525818694135453
2020Q3,BS15,LA23,0.01175153492061762,0.05074267386468423
2020Q4,BS15,LA23,0.0035556241311327647,0.01535304765634724
2021Q2,BS15,LA23,0.005817429404442806,0.025119435460516957
2021Q3,BS15,LA23,0.008936640002270275,0.03858806633724905
2021Q4,BS15,LA23,0.0038975983317502717,0.016829679045292496
2022Q1,BS15,LA23,0.002577925869376139,0.011131384327300368
2022Q2,BS15,LA23,0.007707790047076739,0.033281939697092644
2022Q3,BS15,LA23,0.007043516506818348,0.030413632208925036
2022Q4,BS15,LA23,0.0025108806409928205,0.010841885620874436
2023Q1,BS15,LA23,0.0019904763820205104,0.00859480013211032
2023Q2,BS15,LA23,0.006894590367647213,0.0297705748925034
2023Q3,BS15,LA23,0.010052564627739263,0.043406585765583164
2019Q1,BS16,LA23,0.0032993650273020303,0.016071010232473492
2019Q2,BS16,LA23,0.0054053180702151,0.026328981879048276
2019Q3,BS16,LA23,0.00912033406813691,0.04442460319477325
2019Q4,BS16,LA23,0.004773425283296879,0.02325106980798136
2020Q1,BS16,LA23,0.0017215181993989765,0.008385412456333723
2020Q3,BS16,LA23,0.02072911150883943,0.1009702656153379
2020Q4,BS16,LA23,0.006141234926917744,0.029913588988734786
2021Q2,BS16,LA23,0.014280910576907153,0.06956146352748017
2021Q3,BS16,LA23,0.037260433211870565,0.18149334749542112
2021Q4,BS16,LA23,0.020347274298346492,0.09911035934058747
2022Q1,BS16,LA23,0.011482695755664154,0.05593152605383592
2022Q2,BS16,LA23,0.018748987809471245,0.09132520119512992
2022Q3,BS16,LA23,0.02071943347038346,0.10092312446733848
2022Q4,BS16,LA23,0.007676005577521369,0.03738936527485257
2023Q1,BS16,LA23,0.006029299209131736,0.02936835678464939
2023Q2,BS16,LA23,0.012543168303838885,0.06109702457611059
2023Q3,BS16,LA23,0.012315615651185462,0.0599886291791302
2019Q1,BS2,LA23,0.0021632510691141247,0.005022990542662911
2019Q2,BS2,LA23,0.013655273266105676,0.031707049381565766
2019Q3,BS2,LA23,0.0140991520084799,0.0327377197262465
2019Q4,BS2,LA23,0.005869039152590518,0.01362769610004305
2020Q1,BS2,LA23,0.003988961235573984,0.009262223348648223
2020Q3,BS2,LA23,0.008876609555235122,0.020611165520013432
2020Q4,BS2,LA23,0.0022549538327964872,0.005235921034776888
2021Q2,BS2,LA23,0.006583075170926768,0.015285661843562788
2021Q3,BS2,LA23,0.02175566329907461,0.05051586131671765
2021Q4,BS2,LA23,0.008370049093576491,0.019434950496003186
2022Q1,BS2,LA23,0.00927396743888559,0.021533816117591184
2022Q2,BS2,LA23,0.0058288394011766186,0.013534353734909214
2022Q3,BS2,LA23,0.015147397114287387,0.03517170685240098
2022Q4,BS2,LA23,0.003935247392670054,0.009137501753097592
2023Q1,BS2,LA23,0.0049616644382597715,0.01152080491491527
2023Q2,BS2,LA23,0.007345406940187074,0.01705576856951674
2023Q3,BS2,LA23,0.013927018603510082,0.03233803220149061
2019Q1,BS20,LA23,0.002569650531130035,0.005755919710255235
2019Q2,BS20,LA23,0.011358508016686685,0.025442627073335108
2019Q3,BS20,LA23,0.009035335289017423,0.020238808292717344
2019Q4,BS20,LA23,0.0076986870646446205,0.01724476697575985
2020Q1,BS20,LA23,0.003633159000017628,0.008138138336459426
2020Q3,BS20,LA23,0.009179587424123005,0.020561927603161268
2020Q4,BS20,LA23,0.011094212540686576,0.024850615233121445
2021Q2,BS20,LA23,0.009174261489396577,0.02054999771141295
2021Q3,BS20,LA23,0.03784509153585888,0.08477156938997027
2021Q4,BS20,LA23,0.014869235074780959,0.033306522504331616
2022Q2,BS20,LA23,0.012363269811622129,0.02769325537843661
2022Q3,BS20,LA23,0.01277849904993007,0.02862335312056028
2022Q4,BS20,LA23,0.006172241893657175,0.01382558769831672
2023Q2,BS20,LA23,0.009394819743855386,0.02104403983454192
2023Q3,BS20,LA23,0.011099667588982131,0.02486283433436669
2019Q2,BS21,LA23,0.008408303270552623,0.015838124285071413
2019Q3,BS21,LA23,0.017735764511818644,0.0334076012235083
2019Q4,BS21,LA23,0.003114028593087196,0.005865674714339791
2020Q3,BS21,LA23,0.011582941169400968,0.021817964448323932
2020Q4,BS21,LA23,0.0017476898673912892,0.0032919994011686
2021Q2,BS21,LA23,0.012413814527542713,0.023383021640955223
2021Q3,BS21,LA23,0.01941052361230292,0.036562226113635625
2021Q4,BS21,LA23,0.009935012914215648,0.01871387891778495
2022Q1,BS21,LA23,0.010842271654538951,0.02042281783513842
2022Q2,BS21,LA23,0.017012559996400153,0.03204535219059847
2022Q3,BS21,LA23,0.014556021459286809,0.027418144844482892
2022Q4,BS21,LA23,0.003266108434395409,0.006152136721047968
2023Q1,BS21,LA23,0.005481207748432363,0.010324562133242685
2023Q2,BS21,LA23,0.014927392601300181,0.028117670315179918
2023Q3,BS21,LA23,0.018683979635452368,0.03519368677416758
2019Q2,BS22,LA23,0.009255796587825368,0.007962515869449287
2019Q3,BS22,LA23,0.023121841850180132,0.01989110617503445
2020Q1,BS22,LA23,0.009476416830116536,0.008152309601808945
2021Q2,BS22,LA23,0.01337236019446207,0.011503886159344922
2021Q3,BS22,LA23,0.02804734634521777,0.024128386816915492
2021Q4,BS22,LA23,0.02752197600824174,0.023676424675589697
2022Q1,BS22,LA23,0.00513276145408146,0.004415578296737774
2022Q2,BS22,LA23,0.006607933451298434,0.0056846295692622355
2022Q3,BS22,LA23,0.012635194424886515,0.010869722034953852
2023Q1,BS22,LA23,0.006558682608638387,0.005642260377962137
2023Q3,BS22,LA23,0.003164072480584971,0.0027219674827215373
2019Q1,BS23,LA23,0.001250292612996211,0.0041443720909926035
2019Q2,BS23,LA23,0.005255482412468493,0.017420461745144215
2019Q3,BS23,LA23,0.007456909173924225,0.024717578864534104
2019Q4,BS23,LA23,0.0043254191409132685,0.014337560810255287
2020Q3,BS23,LA23,0.0012323845488777547,0.004085011841747924
2021Q3,BS23,LA23,0.0007657496942052508,0.002538247149797388
2023Q2,BS23,LA23,0.0010024589655980435,0.003322872514965771
2023Q3,BS23,LA23,0.0005794273023662133,0.0019206402691055039
2019Q2,BS24,LA23,0.017156874748537325,0.020969423784334237
2019Q3,BS24,LA23,0.0112768129734597,0.013782712390396995
2019Q4,BS24,LA23,0.004812637534454064,0.005882087353290512
2020Q3,BS24,LA23,0.0061922318990950565,0.007568251022760827
2020Q4,BS24,LA23,0.005846401589258803,0.007145571342999091
2021Q2,BS24,LA23,0.01439780433273801,0.017597241050142067
2021Q3,BS24,LA23,0.012004381735121705,0.014671959291079444
2021Q4,BS24,LA23,0.0059753632853660615,0.007303190518825395
2022Q1,BS24,LA23,0.005033292179628409,0.006151775209176806
2022Q2,BS24,LA23,0.0054184617224515095,0.006622535967802989
2022Q3,BS24,LA23,0.003274917200228348,0.00400265943749739
2022Q4,BS24,LA23,0.0024645881574406323,0.003012261515264023
2023Q3,BS24,LA23,0.008490944553836262,0.010377776680677618
2020Q3,BS25,LA23,0.03036601924670548,0.0024858279284790067
2021Q3,BS25,LA23,0.07186592170285712,0.005883099586529763
2022Q2,BS25,LA23,0.02051722250955377,0.0016795841534151805
2019Q3,BS27,LA23,0.010598697275700971,0.0044719741486389285
2020Q3,BS27,LA23,0.017887775641717566,0.0075475002413561715
2021Q2,BS27,LA23,0.006357230606315667,0.0026823457816422635
2021Q3,BS27,LA23,0.01861673488588228,0.007855074541340165
2021Q4,BS27,LA23,0.02411768685019252,0.010176125358943872
2022Q1,BS27,LA23,0.015048193216928296,0.006349377597953547
2022Q2,BS27,LA23,0.011714755469693637,0.004942879512013577
2022Q4,BS27,LA23,0.013646480330875786,0.005757944176733738
2023Q2,BS27,LA23,0.018676539017573275,0.00788030806994722
2023Q3,BS27,LA23,0.02431954721446756,0.010261297555789464
2020Q3,BS29,LA23,0.02781248064165715,0.003898182506731789
2021Q3,BS29,LA23,0.07307901456181694,0.010242715845611776
2019Q1,BS3,LA23,0.003219341542057483,0.011878846272113374
2019Q2,BS3,LA23,0.008780854284405842,0.03239992303383342
2019Q3,BS3,LA23,0.009800205973203805,0.03616116484376933
2019Q4,BS3,LA23,0.006703764294511899,0.02473579906284063
2020Q1,BS3,LA23,0.0024516484861045696,0.00904618385444226
2020Q3,BS3,LA23,0.005237333000715681,0.019324906282421696
2020Q4,BS3,LA23,0.0023692710904430737,0.008742224673169879
2021Q2,BS3,LA23,0.0018721262509264734,0.00690784113652345
2021Q3,BS3,LA23,0.013743386952876802,0.05071086082002204
2021Q4,BS3,LA23,0.0016992787230649016,0.006270061893420768
2022Q1,BS3,LA23,0.005325040237390479,0.01964853170948525
2022Q2,BS3,LA23,0.0054010296618375005,0.019928920316757918
2022Q3,BS3,LA23,0.011306062414495485,0.04171753000114355
2022Q4,BS3,LA23,0.0012086198297814011,0.004459610442645214
2023Q1,BS3,LA23,0.0017185014217194988,0.006340990522542606
2023Q2,BS3,LA23,0.0040564205062019664,0.014967531396940884
2023Q3,BS3,LA23,0.0025943980882439576,0.009572906650724206
2019Q3,BS30,LA23,0.017650520777847574,0.021735467439324932
2019Q4,BS30,LA23,0.004868675911837497,0.005995457476086681
2020Q1,BS30,LA23,0.009344438251860316,0.01150706746381114
2020Q3,BS30,LA23,0.015437710452899654,0.01901053555925987
2021Q2,BS30,LA23,0.003313637664749678,0.004080529094545525
2021Q3,BS30,LA23,0.01562465558330281,0.01924074631881536
2021Q4,BS30,LA23,0.004997376830758263,0.006153944280403775
2022Q2,BS30,LA23,0.006171714001987392,0.007600064067423019
2022Q3,BS30,LA23,0.009329994626835451,0.011489281079750007
2022Q4,BS30,LA23,0.008142857820421684,0.01002739937514813
2023Q3,BS30,LA23,0.011874362474203795,0.014622504467104587
2019Q2,BS31,LA23,0.009739814867860104,0.006212075389286503
2019Q3,BS31,LA23,0.007904488129450748,0.005041499950466368
2019Q4,BS31,LA23,0.0031835380355003068,0.002030467575564292
2020Q3,BS31,LA23,0.013592187230513914,0.008669126972821075
2020Q4,BS31,LA23,0.012234906993393763,0.007803450646138337
2021Q2,BS31,LA23,0.010727649160540718,0.006842118278346335
2021Q3,BS31,LA23,0.03174219699620303,0.020245243204024013
2021Q4,BS31,LA23,0.013115047623227629,0.008364806279677532
2022Q2,BS31,LA23,0.02357618330866023,0.015036941676203845
2022Q3,BS31,LA23,0.013303114767083162,0.008484755918528835
2022Q4,BS31,LA23,0.004673678244048237,0.0029808822848472263
2023Q2,BS31,LA23,0.010278169820343493,0.006555439364515461
2023Q3,BS31,LA23,0.00859576808317652,0.00548239982853463
2019Q2,BS32,LA23,0.008165923141298922,0.009227084394771351
2019Q3,BS32,LA23,0.01328496604454968,0.015011346635725628
2019Q4,BS32,LA23,0.0062094493995982535,0.007016367000246057
2020Q3,BS32,LA23,0.006630677377149782,0.007492333529816964
2021Q2,BS32,LA23,0.0017728943603251047,0.002003281882852966
2021Q3,BS32,LA23,0.006489777482486487,0.007333123701757548
2021Q4,BS32,LA23,0.0041104760823230365,0.004644632218305544
2022Q3,BS32,LA23,0.003014886619823076,0.003406670966700949
2023Q3,BS32,LA23,0.005973016560914843,0.006749209727457893
2019Q1,BS34,LA23,0.0032436849684816947,0.01118351433912182
2019Q2,BS34,LA23,0.008146760459607275,0.028088243248867398
2019Q3,BS34,LA23,0.010578963219742755,0.03647394491469805
2019Q4,BS34,LA23,0.005133899986351618,0.017700561142919954
2020Q1,BS34,LA23,0.0028100528332691914,0.009688445844747342
2020Q3,BS34,LA23,0.002243172870068475,0.007733968064501146
2020Q4,BS34,LA23,0.0016605229404454836,0.005725118898832296
2021Q2,BS34,LA23,0.002668039252668597,0.009198814166446542
2021Q3,BS34,LA23,0.006890028348232146,0.02375530656587708
2022Q1,BS34,LA23,0.0022697217763059754,0.007825502870279175
2022Q2,BS34,LA23,0.00797880612307004,0.0275091735336413
2022Q3,BS34,LA23,0.002757940643695583,0.0095087744447802
2023Q1,BS34,LA23,0.0048960293359156274,0.016880435312003537
2023Q2,BS34,LA23,0.0014258608071140242,0.0049160553311734115
2023Q3,BS34,LA23,0.004558317182638609,0.015716077877367375
2019Q2,BS35,LA23,0.022867385207215915,0.007149692578330328
2020Q3,BS35,LA23,0.018582323136854987,0.005809929583806725
2021Q3,BS35,LA23,0.03458297153255998,0.010812675461684606
2021Q4,BS35,LA23,0.040374858451840065,0.012623560726705554
2022Q2,BS35,LA23,0.034496252791254775,0.010785562071347513
2022Q3,BS35,LA23,0.03709295878089768,0.011597445431601454
2023Q1,BS35,LA23,0.018800623114967274,0.005878183025081971
2023Q2,BS35,LA23,0.056507550584305774,0.017667591260270052
2023Q3,BS35,LA23,0.013499217396509406,0.0042206510958076255
2019Q2,BS36,LA23,0.009295580624763402,0.008492275365448991
2019Q3,BS36,LA23,0.029617727693751487,0.027058223625554757
2019Q4,BS36,LA23,0.007106285602645741,0.0064921747870622425
2020Q3,BS36,LA23,0.032953626709667394,0.030105841001818345
2020Q4,BS36,LA23,0.022932633867402977,0.020950842074156543
2021Q2,BS36,LA23,0.034996193142297065,0.0319718929783785
2021Q3,BS36,LA23,0.07714710656726502,0.07048020979684938
2021Q4,BS36,LA23,0.023231630960760908,0.021224000444005988
2022Q2,BS36,LA23,0.035969081249403755,0.03286070606481555
2022Q3,BS36,LA23,0.04260946005252643,0.038927236774772535
2022Q4,BS36,LA23,0.011832940553336382,0.010810361785709174
2023Q1,BS36,LA23,0.009958708376284346,0.009098096959141015
2023Q3,BS36,LA23,0.033946062800379005,0.031012512774690762
2019Q1,BS37,LA23,0.002683801121853257,0.007801859993905229
2019Q2,BS37,LA23,0.009762523688630412,0.028379838724146064
2019Q3,BS37,LA23,0.011746933789164063,0.034148555954640405
2019Q4,BS37,LA23,0.006953220180803515,0.020213140949864896
2020Q1,BS37,LA23,0.002414615167950622,0.0070193313975895795
2020Q3,BS37,LA23,0.006943395875916557,0.020184581512043158
2021Q3,BS37,LA23,0.004679204495197123,0.013602534873810228
2021Q4,BS37,LA23,0.006216869875782593,0.018072556858344885
2022Q2,BS37,LA23,0.0019850816352980746,0.005770669394598613
2022Q3,BS37,LA23,0.0013684137482924436,0.003978004327884194
2022Q4,BS37,LA23,0.002094069240398449,0.006087498398484336
2023Q2,BS37,LA23,0.004892503833704838,0.014222600035226006
2023Q3,BS37,LA23,0.005489423624304789,0.01595785701680002
2019Q2,BS39,LA23,0.007663742111811762,0.0037485165920710314
2019Q3,BS39,LA23,0.011453410479456048,0.005602132560263239
2020Q3,BS39,LA23,0.008561306816275469,0.004187536608409255
2021Q2,BS39,LA23,0.013278843044578305,0.0064949945796573
2021Q3,BS39,LA23,0.01533886638473085,0.007502600466957942
2022Q2,BS39,LA23,0.0074968530223289654,0.0036668872115628187
2023Q3,BS39,LA23,0.008055465838232847,0.0039401178837864936
2019Q1,BS4,LA23,0.002165476862549543,0.00566872304693114
2019Q2,BS4,LA23,0.00543552562524425,0.014228962644158443
2019Q3,BS4,LA23,0.00867483352664516,0.022708729698865254
2019Q4,BS4,LA23,0.004164627160219256,0.01090204119623567
2020Q1,BS4,LA23,0.001230490666217424,0.0032211430744209946
2020Q3,BS4,LA23,0.009203173091505056,0.02409180181555397
2020Q4,BS4,LA23,0.004766987846613182,0.01247888367586682
2021Q2,BS4,LA23,0.008639701113737963,0.02261676107884183
2021Q3,BS4,LA23,0.03060513749110459,0.08011724865351759
2021Q4,BS4,LA23,0.012634245413357751,0.0330735642545553
2022Q1,BS4,LA23,0.005420003285579279,0.01418832870983992
2022Q2,BS4,LA23,0.011501584154779709,0.03010851618966494
2022Q3,BS4,LA23,0.016310554130024132,0.042697299474364785
2022Q4,BS4,LA23,0.010414274643051995,0.02726218862326393
2023Q1,BS4,LA23,0.004545863555940993,0.011900030867763424
2023Q2,BS4,LA23,0.007179358293264486,0.01879391764606005
2023Q3,BS4,LA23,0.007924762035040785,0.020745214121840026
2020Q3,BS40,LA23,0.06267867753171985,0.004746289356476088
2023Q2,BS40,LA23,0.10800649927691502,0.00817869996840372
2023Q3,BS40,LA23,0.04588829678078233,0.0034748521056019613
2020Q3,BS41,LA23,0.07925110353758147,0.014975267750983734
2021Q2,BS41,LA23,0.02502156920448564,0.004728069158169561
2021Q3,BS41,LA23,0.07723615417861614,0.014594523448276704
2021Q4,BS41,LA23,0.08757453563130982,0.01654806129765788
2022Q2,BS41,LA23,0.028312984773384238,0.0053500141813153795
2022Q3,BS41,LA23,0.027989276615829218,0.005288846372714896
2023Q2,BS41,LA23,0.032314951227128755,0.006106224713410488
2019Q1,BS48,LA23,0.002003354522088461,0.003946552795093165
2019Q2,BS48,LA23,0.013660276386581207,0.0269103652702498
2019Q3,BS48,LA23,0.014153627762184191,0.02788225378467971
2019Q4,BS48,LA23,0.007705926805449384,0.015180461889054862
2020Q1,BS48,LA23,0.002472812745964204,0.0048713724638978825
2020Q3,BS48,LA23,0.008285528421542397,0.016322260982930558
2020Q4,BS48,LA23,0.0019234537673876965,0.0037891505263895563
2021Q2,BS48,LA23,0.005356984085720865,0.010553109938190829
2021Q3,BS48,LA23,0.014181374648060982,0.02793691437959929
2021Q4,BS48,LA23,0.007709523623988968,0.015187547521729622
2022Q1,BS48,LA23,0.0010213863585519529,0.0020121027725093013
2022Q2,BS48,LA23,0.004639602298223776,0.009139887731447256
2022Q3,BS48,LA23,0.008055405439468994,0.015868925096494353
2022Q4,BS48,LA23,0.002552786905124961,0.005028919337349955
2023Q2,BS48,LA23,0.0028533414665602237,0.0056210034799378545
2023Q3,BS48,LA23,0.0037552620664759845,0.00739776202432118
2020Q3,BS49,LA23,0.0441558376346173,0.009778606905414959
2021Q3,BS49,LA23,0.03711779294649754,0.008219984624090335
2021Q4,BS49,LA23,0.0358454795378784,0.007938222271707254
2019Q1,BS5,LA23,0.003945393508958689,0.012973504217989646
2019Q2,BS5,LA23,0.004942570972676744,0.016252489191796442
2019Q3,BS5,LA23,0.009210902132616165,0.030287898380135164
2019Q4,BS5,LA23,0.008277555812140229,0.02721880719872458
2020Q1,BS5,LA23,0.0018681658364727812,0.0061430266218947035
2020Q3,BS5,LA23,0.01854212256210484,0.06097143535206918
2020Q4,BS5,LA23,0.004164789701611085,0.013694937308079042
2021Q2,BS5,LA23,0.012343795329799815,0.04058968526549468
2021Q3,BS5,LA23,0.031751739086339735,0.10440817120770718
2021Q4,BS5,LA23,0.012948069349290006,0.04257669911414538
2022Q1,BS5,LA23,0.005756148696101404,0.018927749340763942
2022Q2,BS5,LA23,0.009611303482405709,0.031604524614904435
2022Q3,BS5,LA23,0.011864918833530374,0.039015011857090484
2022Q4,BS5,LA23,0.006288609930945099,0.020678623635172123
2023Q1,BS5,LA23,0.0036720167938607507,0.012074568799160076
2023Q2,BS5,LA23,0.007895030700537332,0.025960962794206118
2023Q3,BS5,LA23,0.008559793688356519,0.028146880474369747
2019Q1,BS6,LA23,0.004218897531981337,0.011666783408490184
2019Q2,BS6,LA23,0.02291067309605018,0.06335632916611998
2019Q3,BS6,LA23,0.02144575524217358,0.0593052994402612
2019Q4,BS6,LA23,0.009356136899432906,0.02587311540951393
2020Q1,BS6,LA23,0.0033344143879168067,0.009220866390587378
2020Q3,BS6,LA23,0.020774176595496425,0.05744814065573161
2020Q4,BS6,LA23,0.010037467895063212,0.02775724297963215
2021Q2,BS6,LA23,0.014994511045396546,0.04146526701744723
2021Q3,BS6,LA23,0.02620937244731819,0.07247843051350608
2021Q4,BS6,LA23,0.00792831980471051,0.02192468275269073
2022Q1,BS6,LA23,0.008723959834183084,0.024124916302952347
2022Q2,BS6,LA23,0.018684350183096474,0.05166901188334782
2022Q3,BS6,LA23,0.02157703284028017,0.05966832966128133
2022Q4,BS6,LA23,0.010513842688431495,0.029074592238143758
2023Q1,BS6,LA23,0.003269651470069757,0.009041773409614094
2023Q2,BS6,LA23,0.023347594016575837,0.06456457414191509
2023Q3,BS6,LA23,0.01566106971620506,0.043308543746124216
2019Q1,BS7,LA23,0.004504188912555892,0.012320107662052798
2019Q2,BS7,LA23,0.011097998780383112,0.03035586261191347
2019Q3,BS7,LA23,0.01278244706447093,0.0349632591074894
2019Q4,BS7,LA23,0.01216049326878481,0.033262056544178784
2020Q1,BS7,LA23,0.00438740571440292,0.012000675772694714
2020Q3,BS7,LA23,0.026320733596571118,0.07199393230377578
2020Q4,BS7,LA23,0.012165304165585134,0.033275215576289034
2021Q2,BS7,LA23,0.026444389504438844,0.07233216281043425
2021Q3,BS7,LA23,0.03158329959265095,0.08638839508255185
2021Q4,BS7,LA23,0.013736590640869677,0.03757308560777672
2022Q1,BS7,LA23,0.009532527674857207,0.02607389910275689
2022Q2,BS7,LA23,0.011873451904198315,0.03247692506239077
2022Q3,BS7,LA23,0.0198576638143176,0.05431578489686782
2022Q4,BS7,LA23,0.009511671644222824,0.026016852529487648
2023Q1,BS7,LA23,0.004592926168372897,0.012562826732350462
2023Q2,BS7,LA23,0.014180039018464576,0.03878603023789695
2023Q3,BS7,LA23,0.009717482866680734,0.026579798815259948
2019Q1,BS8,LA23,0.004584821252404892,0.010621001867594909
2019Q2,BS8,LA23,0.012150679881064549,0.028147748102860536
2019Q3,BS8,LA23,0.008830471163326404,0.020456293834407956
2019Q4,BS8,LA23,0.007555871067301905,0.017503609475511304
2020Q1,BS8,LA23,0.002472795347662204,0.0057283725056727465
2020Q3,BS8,LA23,0.022296762564240714,0.05165173161590631
2020Q4,BS8,LA23,0.008561524862639712,0.01983326427564865
2021Q2,BS8,LA23,0.019755177887727,0.04576400467742569
2021Q3,BS8,LA23,0.029647358034511587,0.0686798083760921
2021Q4,BS8,LA23,0.018820935156097115,0.04359977770953173
2022Q1,BS8,LA23,0.010169178918815969,0.023557487269977643
2022Q2,BS8,LA23,0.018805392013734115,0.04356377112716407
2022Q3,BS8,LA23,0.020382115840830585,0.0472163424686289
2022Q4,BS8,LA23,0.008179937596515134,0.018949295448285157
2023Q2,BS8,LA23,0.010049952405107814,0.023281292200410447
2023Q3,BS8,LA23,0.009327414763133007,0.021607492236933847
2019Q1,BS9,LA23,0.0041587378156959865,0.0065097442640006786
2019Q2,BS9,LA23,0.014619578925643419,0.02288427986350116
2019Q3,BS9,LA23,0.013499419534646102,0.02113087498599485
2019Q4,BS9,LA23,0.010145177043390356,0.01588042117399728
2020Q1,BS9,LA23,0.009954272801792405,0.015581595461295391
2020Q3,BS9,LA23,0.019211119244066915,0.030071497374058027
2020Q4,BS9,LA23,0.005940710894962222,0.009299097559506676
2021Q2,BS9,LA23,0.014109176827976503,0.02208533862823479
2021Q3,BS9,LA23,0.02793488418324877,0.04372695758580626
2021Q4,BS9,LA23,0.005805881598755006,0.009088046929122734
2022Q1,BS9,LA23,0.007931694787978935,0.0124156190984136
2022Q2,BS9,LA23,0.011267599755906738,0.01763736886784097
2022Q3,BS9,LA23,0.011810750730247484,0.018487572486437998
2022Q4,BS9,LA23,0.012628179320510958,0.01976710760322614
2023Q2,BS9,LA23,0.0052231917831832295,0.008175952478182895
2023Q3,BS9,LA23,0.006187921033126323,0.009686059866397678
2021Q3,BT12,LA23,0.0047633962129144175,0.004924153197087424
2023Q3,BT12,LA23,0.001368064458183775,0.0014142344399828211
2021Q3,BT14,LA23,0.010462626872791862,0.007319747762524581
2019Q2,BT15,LA23,0.0027729794868518376,0.004253187164212139
2019Q3,BT15,LA23,0.0026504639970715074,0.004065273293582521
2021Q3,BT15,LA23,0.0038133005118468773,0.005848828261143677
2023Q3,BT15,LA23,0.001782390605649891,0.002733825072095626
2021Q3,BT16,LA23,0.031803097705895414,0.012202110187305763
2022Q3,BT16,LA23,0.01356189691346058,0.0052033849663723755
2021Q3,BT18,LA23,0.02111087705409134,0.003835496348272428
2023Q3,BT18,LA23,0.016295982968028696,0.002960709922436428
2019Q2,BT19,LA23,0.0037505051437374537,0.005243657388819739
2019Q3,BT19,LA23,0.005200823890029949,0.007271377474163206
2019Q4,BT19,LA23,0.00708460926964117,0.009905136060321396
2021Q3,BT19,LA23,0.003447512897899418,0.004820037778192982
2023Q2,BT19,LA23,0.005717912039225124,0.00799432891411148
2023Q3,BT19,LA23,0.0020605437848466557,0.002880888101284024
2019Q2,BT20,LA23,0.003738380716732352,0.009825025029672065
2019Q3,BT20,LA23,0.009424825110408472,0.024769853481104026
2019Q4,BT20,LA23,0.0053212391951698345,0.013985014433498831
2023Q3,BT20,LA23,0.0016654457481863234,0.004377041131271985
2020Q3,BT23,LA23,0.008461736140530503,0.008237192589157609
2021Q3,BT23,LA23,0.01354485338214686,0.013185422476864371
2021Q4,BT23,LA23,0.006751444479133329,0.006572285817711575
2022Q3,BT23,LA23,0.009671202828079536,0.009414564451155577
2023Q2,BT23,LA23,0.008090072464253459,0.007875391508499427
2023Q3,BT23,LA23,0.021694493046315225,0.021118800489498064
2021Q3,BT24,LA23,0.003261928154877749,0.002111952351324039
2022Q3,BT24,LA23,0.006925204128606257,0.004483759435638786
2019Q3,BT27,LA23,0.008724946346189413,0.004325706445567086
2020Q3,BT27,LA23,0.012347604502666169,0.006121769723870422
2021Q3,BT27,LA23,0.02392476888453741,0.011861566004671866
2022Q2,BT27,LA23,0.013558462788291805,0.0067220963371207995
2022Q3,BT27,LA23,0.014617362223667909,0.0072470838764211705
2023Q3,BT27,LA23,0.010141138663630169,0.005027834801736472
2019Q1,BT28,LA23,0.0016682345674024054,0.00538471932094686
2019Q2,BT28,LA23,0.0017406983314245175,0.0056186175015881905
2019Q3,BT28,LA23,0.005295454755377855,0.01709264278037519
2019Q4,BT28,LA23,0.0016957864776797466,0.005473651241252529
2020Q3,BT28,LA23,0.0020989179648840577,0.00677487707031034
2021Q3,BT28,LA23,0.005589901796512526,0.018043057489658128
2021Q4,BT28,LA23,0.0010125887025099127,0.0032684288271688858
2022Q3,BT28,LA23,0.00460116901631592,0.014851630691046587
2023Q3,BT28,LA23,0.005326344254786353,0.017192347754441468
2021Q3,BT30,LA23,0.007747223328966483,0.008161925817581836
2022Q2,BT30,LA23,0.006699537067251104,0.0070581577725523
2019Q2,BT32,LA23,0.004434121697180831,0.006975949973050229
2019Q3,BT32,LA23,0.007206280738399986,0.011337229186739585
2021Q3,BT32,LA23,0.005202899489646248,0.008185424089207317
2023Q3,BT32,LA23,0.0027895769503143483,0.004388681813523376
2021Q3,BT33,LA23,0.029771893881857532,0.005919539983142818
2022Q2,BT33,LA23,0.03576612754841678,0.007111372319987236
2019Q3,BT34,LA23,0.0076256064812607795,0.011855492605236356
2021Q3,BT34,LA23,0.005189910450562961,0.008068728057196465
2022Q3,BT34,LA23,0.00823748360876472,0.012806774943010076
2023Q3,BT34,LA23,0.002366030306216486,0.0036784555914399788
2021Q3,BT35,LA23,0.0011546410713008527,0.0020037879994725923
2022Q3,BT35,LA23,0.002830024682480083,0.004911283374474084
2021Q3,BT36,LA23,0.0043185462736292255,0.009199754097311564
2021Q4,BT36,LA23,0.0017426237022415828,0.0037122931025806724
2022Q3,BT36,LA23,0.0018101985657341614,0.0038562471296770843
2019Q2,BT38,LA23,0.0027053300744490387,0.00464803042989446
2019Q3,BT38,LA23,0.009498449830037923,0.01631929658558704
2021Q3,BT38,LA23,0.009691651621591224,0.016651236785687303
2022Q3,BT38,LA23,0.003552287002526089,0.006103188013692734
2023Q2,BT38,LA23,0.002900593919538848,0.0049835134463321025
2023Q3,BT38,LA23,0.003783405329516011,0.006500272652976254
2019Q3,BT39,LA23,0.014695259427700344,0.013754442162072184
2021Q3,BT39,LA23,0.00657549805769027,0.006154522699397632
2022Q2,BT39,LA23,0.0044605270593408184,0.004174955995292843
2022Q3,BT39,LA23,0.0019648782758324487,0.001839083190971525
2021Q3,BT4,LA23,0.0291214215430605,0.01577775180258749
2022Q3,BT4,LA23,0.00998342740841245,0.005408940616314664
2019Q3,BT40,LA23,0.006050070765650588,0.005014458862503505
2021Q3,BT40,LA23,0.02612494077956963,0.021653042732700162
2022Q3,BT40,LA23,0.006097177467693025,0.00505350214458892
2019Q3,BT41,LA23,0.0032882008716793713,0.005885919379124821
2021Q3,BT41,LA23,0.003035265450174387,0.005433161911682468
2022Q3,BT41,LA23,0.003490282620927125,0.0062476481574087715
2023Q3,BT41,LA23,0.005306433268823739,0.009498579810013452
2019Q2,BT42,LA23,0.0023681917725041093,0.005677616238961707
2019Q3,BT42,LA23,0.01000783137990473,0.02399325367947542
2020Q3,BT42,LA23,0.002457640576686765,0.005892065080934561
2021Q2,BT42,LA23,0.003379572452568009,0.008102348661214459
2021Q3,BT42,LA23,0.005903108389045436,0.01415239442984649
2022Q2,BT42,LA23,0.0008041043378024741,0.0019277982041544968
2022Q3,BT42,LA23,0.010844114367087815,0.025998198516935727
2023Q2,BT42,LA23,0.002359536409456092,0.005656865457557051
2023Q3,BT42,LA23,0.005150785439234068,0.01234873940224877
2019Q3,BT43,LA23,0.009258345633086086,0.004808541700690056
2020Q3,BT43,LA23,0.0112813552674049,0.005859239803033121
2021Q3,BT43,LA23,0.024572495154315768,0.012762308982857242
2022Q3,BT43,LA23,0.009297185413431185,0.004828714063100853
2019Q3,BT45,LA23,0.008809961589404305,0.012626452821674844
2021Q3,BT45,LA23,0.0025101484178567173,0.0035975492346740907
2019Q3,BT47,LA23,0.001525359140243143,0.0025540813697542512
2021Q2,BT47,LA23,0.0026885615328792307,0.004501762726822615
2021Q3,BT47,LA23,0.007615050543787656,0.012750740602980084
2021Q4,BT47,LA23,0.0036988177945955374,0.00619334907436035
2022Q3,BT47,LA23,0.004316690800617877,0.007227923747249623
2019Q3,BT49,LA23,0.011328268128031208,0.009109809943766641
2021Q3,BT49,LA23,0.019622621848364673,0.015779848571440217
2019Q3,BT5,LA23,0.003302651701584389,0.0054748803816144775
2020Q3,BT5,LA23,0.0026816108207457947,0.004445366874921462
2021Q2,BT5,LA23,0.00299817200573958,0.004970137507099136
2021Q3,BT5,LA23,0.01379540321972922,0.022868951760163923
2022Q2,BT5,LA23,0.0030421364139062565,0.005043018300325244
2022Q3,BT5,LA23,0.005512037673897043,0.009137429450723359
2021Q3,BT51,LA23,0.01715746451858429,0.011790926585046956
2022Q2,BT51,LA23,0.008106338584557091,0.005570825632220672
2019Q4,BT52,LA23,0.002451420562217763,0.0038634050647260772
2020Q3,BT52,LA23,0.002110963325398172,0.003326849145548545
2022Q2,BT52,LA23,0.002046367746710396,0.003225047402629536
2022Q3,BT52,LA23,0.0033351596476315585,0.005256165699561919
2023Q3,BT52,LA23,0.004665195458524532,0.007352283830929095
2019Q2,BT53,LA23,0.010581412590645664,0.010200346654311677
2019Q3,BT53,LA23,0.004636188635201415,0.004469226658418104
2022Q3,BT53,LA23,0.004270546786454276,0.004116752584035883
2023Q3,BT53,LA23,0.008612196849341842,0.008302047818843939
2019Q2,BT6,LA23,0.004302914804263457,0.009825964960537085
2019Q3,BT6,LA23,0.007757189602208538,0.017714009384527152
2019Q4,BT6,LA23,0.0030330101901002147,0.006926061334829978
2020Q3,BT6,LA23,0.005575985631187652,0.012733098823667414
2021Q3,BT6,LA23,0.00424544804265215,0.009694736151305549
2021Q4,BT6,LA23,0.0034506336532699857,0.007879729650953363
2022Q2,BT6,LA23,0.002560959529569653,0.005848105237401354
2022Q3,BT6,LA23,0.002945749366408336,0.006726795991445896
2023Q3,BT6,LA23,0.0012837093018009992,0.002931427460872366
2021Q3,BT60,LA23,0.0024851053877826433,0.0018680041406644254
2021Q3,BT61,LA23,0.006379982405913071,0.0036960250683784157
2020Q3,BT62,LA23,0.0043632637855976365,0.00441738585609358
2021Q3,BT62,LA23,0.0081454113373435,0.008246447293059338
2022Q3,BT62,LA23,0.0031226159775021452,0.003161349010930923
2023Q3,BT62,LA23,0.002417234996581171,0.002447218460638985
2019Q2,BT63,LA23,0.002713616665558089,0.004891400221560214
2019Q3,BT63,LA23,0.0053699943584065565,0.009679624955091008
2021Q3,BT63,LA23,0.005419291273234954,0.009768484573022443
2021Q3,BT67,LA23,0.007783652907652886,0.0039097508866089495
2019Q2,BT7,LA23,0.0031100642321500995,0.005061021591509074
2019Q3,BT7,LA23,0.0058899634980282,0.009584764240098295
2021Q3,BT7,LA23,0.0051196674382438315,0.008331257978033767
2022Q2,BT7,LA23,0.002973128634511787,0.004838185674125278
2023Q2,BT7,LA23,0.00338602367307533,0.005510091637865582
2023Q3,BT7,LA23,0.006190226563842514,0.010073383685159844
2019Q3,BT71,LA23,0.004434146735043612,0.006316841529549034
2021Q2,BT71,LA23,0.003535918240110721,0.005037234110386664
2021Q3,BT71,LA23,0.004494187661109021,0.006402375238265786
2022Q3,BT71,LA23,0.006018861760797063,0.008574410862576827
2019Q3,BT74,LA23,0.006392621397030033,0.010311764613003574
2021Q3,BT78,LA23,0.0026197535486407373,0.003639773821225725
2022Q3,BT79,LA23,0.005336355255960943,0.0022681254796657
2023Q3,BT79,LA23,0.013449758632851512,0.00571658721867289
2019Q3,BT8,LA23,0.005076288221719754,0.0068071962315921575
2019Q4,BT8,LA23,0.0031390288158164442,0.004209371925427395
2022Q3,BT8,LA23,0.0016495011690731971,0.002211946534887241
2023Q3,BT8,LA23,0.003318197004121945,0.004449632715001164
2019Q3,BT80,LA23,0.0072594312656603325,0.009707678276293121
2021Q3,BT80,LA23,0.004032494713108248,0.005392455674989711
2019Q2,BT9,LA23,0.005169150014408498,0.011428257875897987
2019Q3,BT9,LA23,0.005202605496844124,0.01150222320473758
2019Q4,BT9,LA23,0.0013097020142541,0.0028955654832531702
2020Q3,BT9,LA23,0.0016717276159768544,0.0036959527660041843
2021Q2,BT9,LA23,0.002012496068546964,0.0044493435055042345
2021Q3,BT9,LA23,0.008955963971073625,0.019800366695372974
2022Q1,BT9,LA23,0.003344370924532593,0.00739392999848687
2022Q3,BT9,LA23,0.002761565301379818,0.006105429387293935
2023Q2,BT9,LA23,0.003220752426383359,0.007120627023888964
2023Q3,BT9,LA23,0.008712618668235413,0.0192623647287108
2019Q1,CA1,LA23,0.09179929985682404,0.20873059179957493
2019Q2,CA1,LA23,0.09872744870753557,0.22448361619017496
2019Q3,CA1,LA23,0.09935139770971872,0.22590233337736015
2019Q4,CA1,LA23,0.11309306203264463,0.25714773209945296
2020Q1,CA1,LA23,0.06760720521224449,0.15372330699554987
2020Q2,CA1,LA23,0.0110229930437671,0.025063762632358117
2020Q3,CA1,LA23,0.09480482486897104,0.2155644676072588
2020Q4,CA1,LA23,0.06565280945380082,0.14927945847048724
2021Q1,CA1,LA23,0.006178150829842475,0.014047700591958192
2021Q2,CA1,LA23,0.05917921931199811,0.13455999651953726
2021Q3,CA1,LA23,0.08180552694116124,0.18600704011399205
2021Q4,CA1,LA23,0.06658122852508519,0.1513904708909463
2022Q1,CA1,LA23,0.0765284167252145,0.1740080995982789
2022Q2,CA1,LA23,0.08693827223661509,0.1976777278506908
2022Q3,CA1,LA23,0.08628942505541298,0.1962023979044817
2022Q4,CA1,LA23,0.06301344348559121,0.14327814450208778
2023Q1,CA1,LA23,0.09324320344927807,0.21201369800871292
2023Q2,CA1,LA23,0.1125395147780322,0.255889092368818
2023Q3,CA1,LA23,0.12340952552389375,0.2806050082787448
2019Q1,CA10,LA23,0.11147723417004776,0.006771984975341053
2019Q2,CA10,LA23,0.2594069597552485,0.015758374766293243
2019Q3,CA10,LA23,0.6079211998441323,0.03692981138423238
2019Q4,CA10,LA23,0.7171870280962204,0.04356745854824992
2020Q1,CA10,LA23,0.18763029383033866,0.011398107785843138
2020Q3,CA10,LA23,0.31535862401966674,0.01915730937895134
2020Q4,CA10,LA23,0.06613984222875398,0.004017842936086164
2021Q2,CA10,LA23,0.34337611342158986,0.020859307268378518
2021Q3,CA10,LA23,0.4743906070874986,0.028818135716741963
2021Q4,CA10,LA23,0.3857475077592477,0.02343327179104664
2022Q1,CA10,LA23,0.19188409617199004,0.011656516471349205
2022Q2,CA10,LA23,0.2613422374853898,0.01587593842679488
2022Q3,CA10,LA23,0.3844573226058201,0.02335489601737888
2022Q4,CA10,LA23,0.17228732629082333,0.010466057879615196
2023Q1,CA10,LA23,0.2633358353931307,0.0159970449036339
2023Q2,CA10,LA23,0.4450710304550869,0.027037039029904703
2023Q3,CA10,LA23,0.5535882180600289,0.03362920800053014
2019Q1,CA11,LA23,0.18375338940342825,0.4474942161101163
2019Q2,CA11,LA23,0.2109657444838465,0.5137644032601701
2019Q3,CA11,LA23,0.22753758983882486,0.5541217809972566
2019Q4,CA11,LA23,0.2528111421831547,0.6156704062028219
2020Q1,CA11,LA23,0.15509551991150247,0.3777037709634426
2020Q2,CA11,LA23,0.037762846737839625,0.09196377576434916
2020Q3,CA11,LA23,0.2702957564969604,0.6582506481333047
2020Q4,CA11,LA23,0.2412299258333183,0.5874666960623056
2021Q1,CA11,LA23,0.03458822537336232,0.08423262749244306
2021Q2,CA11,LA23,0.16476397107328886,0.4012493283416719
2021Q3,CA11,LA23,0.2204861943035904,0.5369495333028518
2021Q4,CA11,LA23,0.21457311761594894,0.5225494309388855
2022Q1,CA11,LA23,0.19408085476567946,0.4726446692891789
2022Q2,CA11,LA23,0.1919184022583561,0.4673784535595986
2022Q3,CA11,LA23,0.2068036261007784,0.5036284057189252
2022Q4,CA11,LA23,0.2142609342435163,0.5217891714738334
2023Q1,CA11,LA23,0.16769139902275196,0.4083784870457203
2023Q2,CA11,LA23,0.17746637552360522,0.4321834653426949
2023Q3,CA11,LA23,0.15555609058735104,0.3788253976949075
2019Q1,CA12,LA23,0.4108821921128792,0.1238256968315204
2019Q2,CA12,LA23,0.3196462400285085,0.09633033305135744
2019Q3,CA12,LA23,0.21956962559962864,0.06617069908311031
2019Q4,CA12,LA23,0.315694104806356,0.0951392960406296
2020Q1,CA12,LA23,0.21766325356810892,0.06559618441746086
2020Q2,CA12,LA23,0.049645804742307266,0.01496153029987961
2020Q3,CA12,LA23,0.1848247597581089,0.055699796944421565
2020Q4,CA12,LA23,0.14796167611312988,0.04459053714363626
2021Q1,CA12,LA23,0.048462059511559935,0.014604790385417685
2021Q2,CA12,LA23,0.14576140705938367,0.043927452069552286
2021Q3,CA12,LA23,0.18465969759378906,0.055650052910949765
2021Q4,CA12,LA23,0.2320039887571423,0.06991798653481937
2022Q1,CA12,LA23,0.13111501896723474,0.03951353672742186
2022Q2,CA12,LA23,0.19201600003910207,0.057866988309659036
2022Q3,CA12,LA23,0.2411599006422275,0.07267726204264477
2022Q4,CA12,LA23,0.12461401683558493,0.037554359292850566
2023Q1,CA12,LA23,0.3683990776551203,0.11102275391434464
2023Q2,CA12,LA23,0.4378768135413342,0.1319609430730105
2023Q3,CA12,LA23,0.4036321724274409,0.12164079138459605
2019Q1,CA13,LA23,0.20685750545381415,0.2019400974164304
2019Q2,CA13,LA23,0.2549337222610155,0.24887344839231426
2019Q3,CA13,LA23,0.26661790062315804,0.2602798709511941
2019Q4,CA13,LA23,0.29741596092614914,0.2903458010424363
2020Q1,CA13,LA23,0.1982224266035318,0.1935102913023181
2020Q2,CA13,LA23,0.03070281528921246,0.029972949237979468
2020Q3,CA13,LA23,0.2739732449531599,0.2674603643409474
2020Q4,CA13,LA23,0.2894822586547808,0.2826006984123033
2021Q2,CA13,LA23,0.2473688537133001,0.24148841158585801
2021Q3,CA13,LA23,0.329342445047127,0.321513330107481
2021Q4,CA13,LA23,0.31833579497895564,0.31076832966807777
2022Q1,CA13,LA23,0.2754060676876553,0.2688591260728445
2022Q2,CA13,LA23,0.23940315622734984,0.2337120743300567
2022Q3,CA13,LA23,0.24341448219256284,0.2376280432208497
2022Q4,CA13,LA23,0.30904355515879944,0.30169698458740274
2023Q1,CA13,LA23,0.23456462065179984,0.2289885602214638
2023Q2,CA13,LA23,0.2254156186672952,0.2200570479325539
2023Q3,CA13,LA23,0.2274334650128617,0.2220269261185116
2019Q1,CA14,LA23,0.1509193010751687,0.3955365731488333
2019Q2,CA14,LA23,0.1631427517565646,0.4275723814260332
2019Q3,CA14,LA23,0.15696174067265867,0.41137288987454895
2019Q4,CA14,LA23,0.15751348857795794,0.412818937359194
2020Q1,CA14,LA23,0.1447355312517363,0.3793298513599259
2020Q2,CA14,LA23,0.010825707712901174,0.028372536184348606
2020Q3,CA14,LA23,0.19433957146841635,0.5093345090933344
2020Q4,CA14,LA23,0.1572792991795537,0.4122051625043364
2021Q2,CA14,LA23,0.1220333395276867,0.3198308538590965
2021Q3,CA14,LA23,0.12513835603954904,0.3279686306836848
2021Q4,CA14,LA23,0.14746317978376916,0.3864786040073912
2022Q1,CA14,LA23,0.11801140075940275,0.3092899630221509
2022Q2,CA14,LA23,0.11548983006999915,0.3026813091102005
2022Q3,CA14,LA23,0.0871896868609687,0.2285109307372856
2022Q4,CA14,LA23,0.11742533413439385,0.307753971383961
2023Q1,CA14,LA23,0.13897936605491085,0.3642438163716184
2023Q2,CA14,LA23,0.10524078168032157,0.2758201094544287
2023Q3,CA14,LA23,0.12307948114352946,0.3225726321923577
2019Q1,CA15,LA23,0.19570929110903684,0.03032629094085248
2019Q2,CA15,LA23,0.13874490051937582,0.0214993278850824
2019Q3,CA15,LA23,0.11446070514374175,0.01773635081816492
2019Q4,CA15,LA23,0.07313114630826932,0.011332095718169094
2020Q1,CA15,LA23,0.2478509044212927,0.03840593665655801
2020Q3,CA15,LA23,0.749768291448119,0.11618094989682184
2020Q4,CA15,LA23,0.6696619422064198,0.10376800598625484
2021Q2,CA15,LA23,0.5102000030728034,0.07905845268526053
2021Q3,CA15,LA23,0.834569569575775,0.12932140029691375
2021Q4,CA15,LA23,0.5620943184016011,0.08709977814262296
2022Q1,CA15,LA23,0.5234323115876964,0.0811088757161129
2022Q2,CA15,LA23,0.5441414180024676,0.08431787199166288
2022Q3,CA15,LA23,0.5281561696717184,0.08184086495284021
2022Q4,CA15,LA23,0.5175993453778627,0.08020502373583555
2023Q1,CA15,LA23,0.3254721422292205,0.05043379812196405
2023Q2,CA15,LA23,0.4745046388604607,0.07352724875411913
2023Q3,CA15,LA23,0.6595460548830699,0.10220049051289964
2019Q3,CA16,LA23,0.1468925902117074,0.005341410198781742
2019Q4,CA16,LA23,0.11919662820701205,0.004334310428100724
2020Q3,CA16,LA23,0.06262560264914092,0.002277235578818963
2020Q4,CA16,LA23,0.12012121879730447,0.00436793103211872
2021Q2,CA16,LA23,0.09384892746497343,0.003412599761387994
2023Q1,CA16,LA23,0.3519926319077605,0.012799400100838387
2019Q1,CA17,LA23,0.2584603117685492,0.04264813385988685
2019Q2,CA17,LA23,0.19640351146316629,0.03240823780687013
2019Q3,CA17,LA23,0.2223000202599157,0.03668138042637037
2019Q4,CA17,LA23,0.23195824680257915,0.03827506935919764
2020Q1,CA17,LA23,0.2174047427472292,0.03587361830144766
2020Q3,CA17,LA23,0.30349099335656193,0.050078576557361004
2020Q4,CA17,LA23,0.17679348194268907,0.029172417350479988
2021Q1,CA17,LA23,0.05410394612929447,0.00892760796070137
2021Q2,CA17,LA23,0.16982257521611105,0.02802215887881912
2021Q3,CA17,LA23,0.3669205921266107,0.06054499594884736
2021Q4,CA17,LA23,0.30928803251632225,0.05103513696845368
2022Q1,CA17,LA23,0.25152840250873,0.04150431029953264
2022Q2,CA17,LA23,0.28681804270893985,0.04732739891544964
2022Q3,CA17,LA23,0.5361739795975571,0.08847323404353878
2022Q4,CA17,LA23,0.3336496185483974,0.055055004371018346
2023Q1,CA17,LA23,0.17870786320413978,0.029488306423500688
2023Q2,CA17,LA23,0.3760473138695168,0.06205098210173091
2023Q3,CA17,LA23,0.300408440787483,0.04956992935463712
2019Q1,CA19,LA23,0.6376927488351528,0.005371343381713894
2020Q3,CA19,LA23,1.9699632895331949,0.016593177979178805
2020Q4,CA19,LA23,0.7333423692453036,0.006177008737783862
2021Q2,CA19,LA23,1.3640650479222367,0.011489642591621168
2021Q3,CA19,LA23,1.1457782448144438,0.009650993214895036
2022Q1,CA19,LA23,1.5605317545494943,0.01314449933304892
2022Q2,CA19,LA23,1.2699175978048056,0.010696630151041844
2022Q3,CA19,LA23,0.7956180576663433,0.00670156246283884
2019Q1,CA2,LA23,0.11066938100078286,0.1942443050055239
2019Q2,CA2,LA23,0.09350310506351517,0.16411445961546045
2019Q3,CA2,LA23,0.14776879613092989,0.2593603293557084
2019Q4,CA2,LA23,0.12792138121388436,0.22452461163636467
2020Q1,CA2,LA23,0.08171624370221192,0.14342643667163812
2020Q2,CA2,LA23,0.008039709498283412,0.014111109774159875
2020Q3,CA2,LA23,0.2145922903290996,0.3766473609735352
2020Q4,CA2,LA23,0.19255464282108514,0.3379673983186369
2021Q2,CA2,LA23,0.12483069357945037,0.21909990910246735
2021Q3,CA2,LA23,0.1900600293199116,0.3335889111398803
2021Q4,CA2,LA23,0.16430554857790833,0.2883852498627545
2022Q1,CA2,LA23,0.1303743066001402,0.22882992881239825
2022Q2,CA2,LA23,0.15868568585295695,0.2785213984581198
2022Q3,CA2,LA23,0.20075245408325607,0.3523560046051002
2022Q4,CA2,LA23,0.12948715715066575,0.2272728248809325
2023Q1,CA2,LA23,0.13027173406442366,0.22864989590055995
2023Q2,CA2,LA23,0.10527666083082783,0.18477912889240572
2023Q3,CA2,LA23,0.12007124553462405,0.2107462373884216
2019Q1,CA20,LA23,0.2104576596221572,0.018252806677305892
2019Q2,CA20,LA23,0.2012682534323816,0.01745581760614379
2019Q3,CA20,LA23,0.2002620288772642,0.017368548640445458
2019Q4,CA20,LA23,0.2522130608584168,0.02187421569547662
2020Q1,CA20,LA23,0.20678123022027836,0.01793395320694166
2020Q2,CA20,LA23,0.034476737946508164,0.002990136988748954
2020Q3,CA20,LA23,0.2255860415622695,0.01956487786249854
2020Q4,CA20,LA23,0.13730755207175807,0.011908562547922828
2021Q2,CA20,LA23,0.2969321143676196,0.025752659654043004
2021Q3,CA20,LA23,0.5930547473408573,0.05143511370270649
2021Q4,CA20,LA23,0.3236991881171719,0.028074144285892104
2022Q1,CA20,LA23,0.285145865187628,0.024730448687147445
2022Q2,CA20,LA23,0.16699742887867708,0.0144835393038302
2022Q3,CA20,LA23,0.3525220611649177,0.03057392657259794
2022Q4,CA20,LA23,0.25146360280120844,0.021809215861041824
2023Q1,CA20,LA23,0.0916764773005019,0.007951019791946361
2023Q2,CA20,LA23,0.1833804652972083,0.015904425562242388
2023Q3,CA20,LA23,0.21346799671290195,0.01851389055065854
2019Q1,CA22,LA23,0.3026433428176746,0.08670471796981792
2019Q2,CA22,LA23,0.3014342291653279,0.08635831729487123
2019Q3,CA22,LA23,0.192083514773222,0.05503027695903092
2019Q4,CA22,LA23,0.37713948231971794,0.10804722200519057
2020Q1,CA22,LA23,0.1911101164519736,0.05475140670161713
2020Q2,CA22,LA23,0.013784551803626251,0.003949155680565526
2020Q3,CA22,LA23,0.3311949301336696,0.09488450247383516
2020Q4,CA22,LA23,0.3253361170593162,0.09320600285603343
2021Q2,CA22,LA23,0.28415129843270376,0.08140690610269824
2021Q3,CA22,LA23,0.3163433500432302,0.09062965235501566
2021Q4,CA22,LA23,0.4228425146215469,0.1211407481644058
2022Q1,CA22,LA23,0.26722799762172306,0.07655852579380623
2022Q2,CA22,LA23,0.25284810056535506,0.07243880881242683
2022Q3,CA22,LA23,0.18266752012303356,0.05233267537642565
2022Q4,CA22,LA23,0.15082651779040604,0.043210501726665296
2023Q1,CA22,LA23,0.15661390962418045,0.04486853977255927
2023Q2,CA22,LA23,0.14985640030353053,0.04293257140011652
2023Q3,CA22,LA23,0.10717754017787992,0.030705444591326406
2019Q2,CA23,LA23,0.2688480849289103,0.011239042562532187
2019Q3,CA23,LA23,0.15612888367398495,0.006526879926693722
2019Q4,CA23,LA23,0.306187087827236,0.012799978519832243
2020Q1,CA23,LA23,0.09476486390314806,0.0039615916889334715
2021Q2,CA23,LA23,0.07258180534675704,0.003034241437030627
2021Q3,CA23,LA23,0.1806779506589697,0.007553139826546286
2022Q2,CA23,LA23,0.13365007406401969,0.005587165968797162
2023Q1,CA23,LA23,0.35481824644945675,0.014832976678494666
2023Q2,CA23,LA23,0.4235985265578737,0.017708297496962806
2023Q3,CA23,LA23,0.3397505085620968,0.0142030783941833
2019Q1,CA24,LA23,0.18182479319347533,0.007686248497507859
2019Q2,CA24,LA23,0.2191691123313152,0.00926489853649482
2019Q4,CA24,LA23,0.29880928509009674,0.0126315139878711
2020Q1,CA24,LA23,0.19451235201753395,0.008222587509562694
2020Q3,CA24,LA23,0.39238216938578596,0.016587104579743297
2020Q4,CA24,LA23,0.1531708874264958,0.0064749668219949656
2021Q2,CA24,LA23,0.15991318412162106,0.006759982781218497
2021Q3,CA24,LA23,0.25984353082618417,0.010984321298111971
2021Q4,CA24,LA23,0.1310181155352573,0.005538506470938857
2022Q1,CA24,LA23,0.2587146835865132,0.010936601731118684
2019Q1,CA25,LA23,0.252306147281786,0.030447614324814187
2019Q2,CA25,LA23,0.2159672079304571,0.02606233072287973
2019Q3,CA25,LA23,0.26213381367662625,0.0316335901693458
2019Q4,CA25,LA23,0.17985414373799266,0.02170430511603083
2020Q1,CA25,LA23,0.2834044234644466,0.03420046905933916
2020Q2,CA25,LA23,0.07088226106043778,0.008553876988294866
2020Q3,CA25,LA23,0.6824473420538898,0.08235587476449653
2020Q4,CA25,LA23,0.6543525464319397,0.07896547183199784
2021Q2,CA25,LA23,0.5427252825764337,0.06549459958166454
2021Q3,CA25,LA23,0.7796383673076964,0.09408462130770376
2021Q4,CA25,LA23,0.5004404942156313,0.06039178721784923
2022Q1,CA25,LA23,0.45013983383772416,0.05432164138918063
2022Q2,CA25,LA23,0.44432160129731735,0.05361951303301125
2022Q3,CA25,LA23,0.38841600163246703,0.04687297849339995
2022Q4,CA25,LA23,0.2987908954930933,0.03605726633199759
2023Q1,CA25,LA23,0.18212367981698155,0.021978186509622598
2023Q2,CA25,LA23,0.2315825508097304,0.02794674750249488
2023Q3,CA25,LA23,0.04650751546869943,0.005612399497404217
2020Q3,CA26,LA23,0.39600060891522204,0.004593008323103717
2020Q4,CA26,LA23,0.4446614629599638,0.005157400656360664
2021Q3,CA26,LA23,0.3320670041134193,0.0038514751729777546
2021Q4,CA26,LA23,0.5185753428483193,0.00601468990763246
2022Q2,CA26,LA23,0.1836408018580641,0.0021299556425078687
2022Q3,CA26,LA23,0.625821222041983,0.007258579953924099
2022Q4,CA26,LA23,0.5552673473201808,0.006440261682363486
2023Q1,CA26,LA23,0.7212291609549695,0.008365167791548694
2023Q2,CA26,LA23,0.7981975909947373,0.009257885206194291
2023Q3,CA26,LA23,1.1384620103104155,0.013204438001287457
2019Q1,CA28,LA23,0.20028110200800767,0.4710478713542596
2019Q2,CA28,LA23,0.19052320342718915,0.4480979409349556
2019Q3,CA28,LA23,0.1957238643157796,0.4603295504909482
2019Q4,CA28,LA23,0.1992641060126872,0.4686559642099084
2020Q1,CA28,LA23,0.1414841496292567,0.33276133816441805
2020Q3,CA28,LA23,0.25246893305074664,0.5937901894102839
2020Q4,CA28,LA23,0.17314518214109126,0.4072259872004582
2021Q2,CA28,LA23,0.16653855088051664,0.3916876285589537
2021Q3,CA28,LA23,0.18511675778578227,0.4353823392858524
2021Q4,CA28,LA23,0.17012748738597844,0.4001285692386978
2022Q1,CA28,LA23,0.15294301566721433,0.3597118312523667
2022Q2,CA28,LA23,0.1395926760303184,0.3283127176826561
2022Q3,CA28,LA23,0.10162892442796362,0.2390244912767713
2022Q4,CA28,LA23,0.108639685709531,0.25551333692993305
2023Q1,CA28,LA23,0.1147389871559839,0.2698584894894827
2023Q2,CA28,LA23,0.12344084781795685,0.29032468874916045
2023Q3,CA28,LA23,0.16401140098657693,0.3857439395828173
2019Q1,CA3,LA23,0.0806288872314354,0.2313949278406616
2019Q2,CA3,LA23,0.08201203838979639,0.2353644004883864
2019Q3,CA3,LA23,0.13285139037183172,0.3812670488727306
2019Q4,CA3,LA23,0.08285143713106287,0.2377733709930565
2020Q1,CA3,LA23,0.06271921992284106,0.1799963991393166
2020Q2,CA3,LA23,0.006604086369024247,0.01895291056699677
2020Q3,CA3,LA23,0.09215740590620768,0.2644803496845909
2020Q4,CA3,LA23,0.05416069342682149,0.15543448728650452
2021Q1,CA3,LA23,0.00468862066584605,0.013455761054118758
2021Q2,CA3,LA23,0.04387945708840256,0.12592861138606534
2021Q3,CA3,LA23,0.05750470906775206,0.16503139832547384
2021Q4,CA3,LA23,0.0691203218492702,0.1983667694771241
2022Q1,CA3,LA23,0.050031520760512135,0.14358427275458713
2022Q2,CA3,LA23,0.0559716310857739,0.16063165424869294
2022Q3,CA3,LA23,0.05358363513494596,0.15377840140471485
2022Q4,CA3,LA23,0.0733504198819735,0.2105066273202159
2023Q1,CA3,LA23,0.05483653563323288,0.1573740707776589
2023Q2,CA3,LA23,0.06463090659332853,0.18548270329605976
2023Q3,CA3,LA23,0.07101429745321372,0.20380224506478206
2019Q1,CA4,LA23,0.048615596911552386,0.005070348597785036
2019Q2,CA4,LA23,0.13276445540991913,0.013846627689218304
2019Q3,CA4,LA23,0.15070509214718245,0.015717740831974716
2019Q4,CA4,LA23,0.04959862650672374,0.005172873364446366
2020Q1,CA4,LA23,0.04220233401667922,0.004401479333762485
2020Q2,CA4,LA23,0.013841444920445124,0.001443589203921115
2020Q3,CA4,LA23,0.2789183562367208,0.029089703434358294
2020Q4,CA4,LA23,0.2787589085590837,0.02907307388828488
2021Q2,CA4,LA23,0.2739935027500513,0.02857606736781239
2021Q3,CA4,LA23,0.35964948842747485,0.03750953182082657
2021Q4,CA4,LA23,0.7381443058501106,0.07698453138278262
2022Q1,CA4,LA23,0.5600052008893062,0.058405568695315074
2022Q2,CA4,LA23,0.4040625991571311,0.0421415834260157
2022Q3,CA4,LA23,0.2189785079590725,0.022838295553489447
2022Q4,CA4,LA23,0.18416484067394207,0.01920741492429429
2023Q1,CA4,LA23,0.11542833334613213,0.012038562216792415
2023Q3,CA4,LA23,0.13393119645975932,0.01396831258505118
2019Q1,CA5,LA23,0.16328960543233706,0.008462703694387999
2019Q2,CA5,LA23,0.09828403108784704,0.005093702264662052
2019Q3,CA5,LA23,0.18277760586194866,0.009472695560038307
2019Q4,CA5,LA23,0.18764228175127892,0.009724813938986164
2020Q1,CA5,LA23,0.12335657341163392,0.0063931205343640595
2020Q2,CA5,LA23,0.0281012808829312,0.001456386724160223
2020Q3,CA5,LA23,0.4082268037591559,0.021156903840718458
2020Q4,CA5,LA23,0.4968972754683464,0.025752370444546074
2021Q2,CA5,LA23,0.3431654258483989,0.017785010316023225
2021Q4,CA5,LA23,0.4735030254000411,0.024539931931045464
2022Q1,CA5,LA23,0.372978481126572,0.01933011205336642
2022Q2,CA5,LA23,0.4594865646429141,0.023813509977134044
2022Q3,CA5,LA23,0.3542814962487958,0.018361115633905797
2022Q4,CA5,LA23,0.07097934611337801,0.0036786001961884437
2023Q2,CA5,LA23,0.4728905812602602,0.024508191188757508
2023Q3,CA5,LA23,0.3527455030872952,0.01828151071987609
2019Q1,CA6,LA23,0.08346051362146477,0.018182890281423298
2019Q2,CA6,LA23,0.0407183788939192,0.008870995201677518
2019Q3,CA6,LA23,0.04285430748447664,0.009336333282236282
2019Q4,CA6,LA23,0.06481262246182795,0.01412021987331314
2020Q3,CA6,LA23,0.06477877151151147,0.014112845031141453
2020Q4,CA6,LA23,0.036073829387261135,0.007859123474297172
2021Q2,CA6,LA23,0.007958955789115681,0.0017339555388378328
2021Q3,CA6,LA23,0.05561943447440849,0.01211737180470557
2021Q4,CA6,LA23,0.055525846552945284,0.012096982535172073
2022Q1,CA6,LA23,0.02776474857281324,0.006048888930644314
2022Q2,CA6,LA23,0.0572761398075444,0.012478305256872962
2022Q3,CA6,LA23,0.013683748857343749,0.002981171494344155
2023Q1,CA6,LA23,0.035368269383605884,0.007705408626679407
2023Q2,CA6,LA23,0.08026989561810564,0.01748777525555444
2023Q3,CA6,LA23,0.08429218500865199,0.01836408003124932
2019Q1,CA7,LA23,0.10798796867470237,0.06334931583581943
2019Q2,CA7,LA23,0.16765575466051974,0.0983524135515108
2019Q3,CA7,LA23,0.119828077921179,0.0702951157188148
2019Q4,CA7,LA23,0.12211140255112332,0.0716345895038415
2020Q1,CA7,LA23,0.14192996028053276,0.08326081128038737
2020Q2,CA7,LA23,0.02680435282955204,0.01572432034802985
2020Q3,CA7,LA23,0.1791658011109805,0.10510458767631224
2020Q4,CA7,LA23,0.33728449111290754,0.19786224350973147
2021Q2,CA7,LA23,0.1723016535013785,0.10107785154819547
2021Q3,CA7,LA23,0.18502472386460567,0.10854162564019072
2021Q4,CA7,LA23,0.18750167383157051,0.10999468645513626
2022Q1,CA7,LA23,0.19865700753859075,0.11653877434689724
2022Q2,CA7,LA23,0.19892951270737014,0.11669863489632475
2022Q3,CA7,LA23,0.2123430280979615,0.12456744688876906
2022Q4,CA7,LA23,0.1421107676448925,0.08336687886338609
2023Q1,CA7,LA23,0.17452889950093173,0.1023844277529465
2023Q2,CA7,LA23,0.18880368405454,0.11075848873652576
2023Q3,CA7,LA23,0.15927390978798275,0.09343534598709814
2019Q1,CA8,LA23,0.06635704674740879,0.0028324455105484155
2019Q4,CA8,LA23,0.050448294148770285,0.0021533816117591184
2020Q3,CA8,LA23,0.33826764389409136,0.0144389287389289
2020Q4,CA8,LA23,0.7106767717509338,0.03033518413288305
2021Q2,CA8,LA23,0.4192190062707452,0.017894331505862386
2021Q3,CA8,LA23,0.7285216087001093,0.031096889645419807
2021Q4,CA8,LA23,0.6751209129564256,0.028817484995373868
2022Q1,CA8,LA23,0.7118573936164844,0.030385578887722926
2022Q2,CA8,LA23,0.7143727787963159,0.03049294791345782
2022Q3,CA8,LA23,0.7400737480445209,0.03158999183768375
2022Q4,CA8,LA23,0.7754924040110384,0.033101834482880114
2023Q1,CA8,LA23,0.2200445404420072,0.009392584529388973
2023Q2,CA8,LA23,0.191679126151462,0.008181808970495703
2019Q1,CA9,LA23,0.09301400504189114,0.00863044520260682
2019Q4,CA9,LA23,0.18418979788019146,0.01709032910439976
2020Q4,CA9,LA23,0.08743702973833051,0.0081129771102266
2021Q2,CA9,LA23,0.16575468795541334,0.015379799534813178
2021Q3,CA9,LA23,0.2470233040423556,0.022920431050617283
2021Q4,CA9,LA23,0.09159034514534158,0.008498348764884499
2022Q1,CA9,LA23,0.15648102816951498,0.014519328979075163
2022Q2,CA9,LA23,0.10531031219435533,0.009771376667991731
2022Q3,CA9,LA23,0.11987574776430847,0.01112285264714096
2022Q4,CA9,LA23,0.20546677296244967,0.01906454543281136
2023Q1,CA9,LA23,0.038780900783513206,0.003598344560790645
2023Q2,CA9,LA23,0.13019358065440853,0.01208020838435019
2023Q3,CA9,LA23,0.04213706015649568,0.0039097508866089495
2019Q1,CB1,LA23,0.004838244935665143,0.028085495758646568
2019Q2,CB1,LA23,0.01610169209952856,0.09346860507924498
2019Q3,CB1,LA23,0.020736776708389047,0.1203747768117893
2019Q4,CB1,LA23,0.0067513971763122505,0.03919114044072025
2020Q1,CB1,LA23,0.007884989700568595,0.04577152412434584
2020Q3,CB1,LA23,0.02286972971460061,0.13275634149193952
2020Q4,CB1,LA23,0.007276455331940369,0.042239047026480785
2021Q2,CB1,LA23,0.00932745168617629,0.05414486208418278
2021Q3,CB1,LA23,0.01652475283524353,0.0959244275224176
2021Q4,CB1,LA23,0.010763511586812022,0.062481036623664325
2022Q1,CB1,LA23,0.007560638154353158,0.0438886979969638
2022Q2,CB1,LA23,0.011512530617694541,0.06682901220049496
2022Q3,CB1,LA23,0.014692772555223357,0.08528997741321549
2022Q4,CB1,LA23,0.008695314299995807,0.0504753719871476
2023Q1,CB1,LA23,0.005382584078718531,0.03124532641971861
2023Q2,CB1,LA23,0.0156653165217221,0.09093549139801807
2023Q3,CB1,LA23,0.013979961425145276,0.08115218483827802
2019Q1,CB10,LA23,0.00850645974960072,0.010401058045180404
2019Q2,CB10,LA23,0.004753931608697298,0.005812749376401785
2019Q3,CB10,LA23,0.029929457230973237,0.036595485205782464
2019Q4,CB10,LA23,0.032324724445022636,0.03952423747880823
2020Q1,CB10,LA23,0.006286046391722946,0.007686103892759396
2020Q3,CB10,LA23,0.02111296746178921,0.025815345812502364
2021Q3,CB10,LA23,0.04492171187623595,0.0549268845638788
2022Q1,CB10,LA23,0.00536837409076675,0.006564043347049099
2022Q2,CB10,LA23,0.019461701336123783,0.02379630201206677
2022Q3,CB10,LA23,0.020404800474467133,0.02494945257869693
2022Q4,CB10,LA23,0.0057859064135357225,0.0070745704115030205
2023Q1,CB10,LA23,0.0040685896428436785,0.004974764859049999
2023Q2,CB10,LA23,0.007492579391833145,0.009161361536594234
2023Q3,CB10,LA23,0.013871285909569259,0.01696076324977557
2019Q2,CB11,LA23,0.00873722801722954,0.007282728946917671
2019Q3,CB11,LA23,0.009067543569218205,0.007558056387994078
2019Q4,CB11,LA23,0.008723522697582952,0.007271305171788973
2020Q3,CB11,LA23,0.031153839664754292,0.025967614612635484
2021Q2,CB11,LA23,0.0064742021674836815,0.005396432305572485
2021Q3,CB11,LA23,0.08287797623856731,0.06908115885545534
2021Q4,CB11,LA23,0.01269095250768208,0.01057827116442365
2022Q1,CB11,LA23,0.012660245652271371,0.01055267612394543
2022Q2,CB11,LA23,0.01971250003573521,0.016430931451401638
2022Q3,CB11,LA23,0.035444905852077616,0.029544340763530682
2022Q4,CB11,LA23,0.016494005224551557,0.013748224157888213
2023Q1,CB11,LA23,0.006673016044888622,0.005562149347312803
2023Q2,CB11,LA23,0.023587982764661026,0.01966125692735013
2023Q3,CB11,LA23,0.016319999710557528,0.013603185595178315
2019Q1,CB2,LA23,0.012668735345239712,0.028417869772992224
2019Q2,CB2,LA23,0.016412381740975705,0.03681542902819696
2019Q3,CB2,LA23,0.0190283410834488,0.042683417418512185
2019Q4,CB2,LA23,0.019828674632083047,0.04447868537069897
2020Q1,CB2,LA23,0.006323602009903632,0.014184785893502541
2020Q3,CB2,LA23,0.032339502846643775,0.0725423458123274
2020Q4,CB2,LA23,0.003938524230413507,0.008834699409812928
2021Q2,CB2,LA23,0.020578725444677447,0.046161161619083436
2021Q3,CB2,LA23,0.04736198595891802,0.10624002416125547
2021Q4,CB2,LA23,0.0126215146988946,0.028311946794741975
2022Q1,CB2,LA23,0.006077377765923889,0.013632468056742378
2022Q2,CB2,LA23,0.03136408223251693,0.07035433136331103
2022Q3,CB2,LA23,0.03188563668883794,0.07152425608076307
2022Q4,CB2,LA23,0.008980109866439628,0.02014373067060193
2023Q1,CB2,LA23,0.004886386037287745,0.01096089532886072
2023Q3,CB2,LA23,0.02045234172159268,0.04587766400971879
2019Q3,CB21,LA23,0.022575452938399757,0.007439697401375884
2020Q3,CB21,LA23,0.007684434329158784,0.002532390657484576
2021Q4,CB21,LA23,0.009448179299097612,0.003113629443937638
2022Q2,CB21,LA23,0.018385818164677662,0.006059011263036829
2022Q3,CB21,LA23,0.030524920719938942,0.01005942932693302
2022Q4,CB21,LA23,0.013337676851912084,0.004395405934326975
2023Q3,CB21,LA23,0.019182234913138658,0.006321468881499898
2019Q2,CB22,LA23,0.03590302421023897,0.026148009036344948
2019Q3,CB22,LA23,0.03307067540499708,0.024085222299498842
2019Q4,CB22,LA23,0.0111165471369003,0.008096130657030489
2020Q3,CB22,LA23,0.030715249265734237,0.022369776168464462
2021Q2,CB22,LA23,0.01420036245191007,0.010342059307806888
2021Q3,CB22,LA23,0.023411800105018157,0.017050707403320486
2021Q4,CB22,LA23,0.023673094954488768,0.017241007252299774
2022Q1,CB22,LA23,0.016999453744016447,0.012380624749285193
2022Q2,CB22,LA23,0.016683358454991203,0.012150413989729708
2022Q3,CB22,LA23,0.018819682112194158,0.013706288780833506
2023Q1,CB22,LA23,0.005163452285644437,0.003760518786193584
2023Q2,CB22,LA23,0.014657529162325031,0.0106750117411464
2023Q3,CB22,LA23,0.02094091579328786,0.015251173611054002
2019Q1,CB23,LA23,0.018846828305520952,0.02644076134961133
2019Q2,CB23,LA23,0.02498588382895608,0.03505342016815702
2019Q3,CB23,LA23,0.026853781145875003,0.037673947419830704
2019Q4,CB23,LA23,0.011243201930297885,0.01577341366013355
2020Q1,CB23,LA23,0.003588708800527885,0.005034703527288536
2020Q3,CB23,LA23,0.019895858486678797,0.02791247617710879
2020Q4,CB23,LA23,0.0075113756248289375,0.010537926439602054
2021Q2,CB23,LA23,0.016071111453298887,0.022546627775836547
2021Q3,CB23,LA23,0.025283044626035717,0.035470315657980166
2021Q4,CB23,LA23,0.027858180517065637,0.03908304839124304
2022Q1,CB23,LA23,0.00897202968498003,0.0125871203300925
2022Q2,CB23,LA23,0.015589243008502729,0.021870600576765008
2022Q3,CB23,LA23,0.02266642166569448,0.031799379513460346
2022Q4,CB23,LA23,0.008457177731663065,0.011864819611512315
2023Q1,CB23,LA23,0.008873852210398568,0.012449384307180062
2023Q2,CB23,LA23,0.01008120323245628,0.014143212028318997
2023Q3,CB23,LA23,0.028854540158054314,0.040480870192275135
2019Q2,CB24,LA23,0.0086884646304152,0.007289886881966663
2019Q3,CB24,LA23,0.013932479771692529,0.011689775563496036
2019Q4,CB24,LA23,0.008926131731339427,0.007489296830099209
2020Q1,CB24,LA23,0.006148408261001677,0.0051587020990968456
2020Q3,CB24,LA23,0.06495386717082678,0.05449827608943002
2020Q4,CB24,LA23,0.02571044436669633,0.021571847166437348
2021Q2,CB24,LA23,0.054255573028136106,0.04552208093324458
2021Q3,CB24,LA23,0.07371540711001058,0.06184947538474564
2021Q4,CB24,LA23,0.03072084257156845,0.02577572411142309
2022Q1,CB24,LA23,0.02543382674741904,0.021339756545151824
2022Q2,CB24,LA23,0.0390811577022304,0.032790283552313344
2022Q3,CB24,LA23,0.0512236371039454,0.04297819419825708
2022Q4,CB24,LA23,0.014055708181526336,0.011793167958648156
2023Q1,CB24,LA23,0.012630653486825854,0.010597503595969428
2023Q2,CB24,LA23,0.012752503117248936,0.01069973915313383
2023Q3,CB24,LA23,0.02025564832300397,0.016995106877535887
2019Q2,CB25,LA23,0.019558853787557832,0.004489254416080436
2019Q3,CB25,LA23,0.02512599218323362,0.0057670542758870005
2020Q3,CB25,LA23,0.036253968812308635,0.008321207948015486
2021Q2,CB25,LA23,0.05418486066760525,0.01243680369406365
2021Q3,CB25,LA23,0.14405604552640175,0.03306452645777627
2022Q1,CB25,LA23,0.011537802185164772,0.002648219061004641
2022Q2,CB25,LA23,0.0588567460037829,0.013509120206302159
2022Q3,CB25,LA23,0.11834571329201787,0.027163351277688444
2022Q4,CB25,LA23,0.030054609132180787,0.006898297223124793
2023Q2,CB25,LA23,0.02672906847450245,0.006135001058354924
2023Q3,CB25,LA23,0.08507266626086013,0.019526340697032747
2019Q1,CB3,LA23,0.006319390402018999,0.00983420743119956
2019Q2,CB3,LA23,0.020519260185271337,0.031931982067802296
2019Q3,CB3,LA23,0.03290515386687292,0.051206855107255284
2019Q4,CB3,LA23,0.01856464669254672,0.028890221183851518
2020Q1,CB3,LA23,0.004811545707631435,0.007487706177866099
2020Q3,CB3,LA23,0.031471925508813274,0.048976471466938815
2020Q4,CB3,LA23,0.008376264515078464,0.013035105840835523
2021Q2,CB3,LA23,0.02767624916220927,0.04306965670166087
2021Q3,CB3,LA23,0.051561793302837625,0.08024023499208664
2021Q4,CB3,LA23,0.019920424594405458,0.031000076766322826
2022Q1,CB3,LA23,0.00918682279875029,0.01429649306169137
2022Q2,CB3,LA23,0.033288968035244636,0.051804145020787895
2022Q3,CB3,LA23,0.07484292653481718,0.11647023169612508
2022Q4,CB3,LA23,0.01391376305902609,0.021652536616080537
2023Q1,CB3,LA23,0.0167390553455149,0.026049243993143692
2023Q2,CB3,LA23,0.024031663927522075,0.037397969257386206
2023Q3,CB3,LA23,0.028974043759125764,0.045089278921090326
2019Q1,CB4,LA23,0.006646361885852168,0.01614251728058919
2019Q2,CB4,LA23,0.02440548823721032,0.059275438559703277
2019Q3,CB4,LA23,0.027225036035586243,0.06612348563273665
2019Q4,CB4,LA23,0.02132447868752904,0.05179235973378804
2020Q1,CB4,LA23,0.003222114946605727,0.007825792079776102
2020Q3,CB4,LA23,0.02243221559152809,0.05448280338134432
2020Q4,CB4,LA23,0.007979569734219523,0.019380579110580533
2021Q2,CB4,LA23,0.019687417930636827,0.04781630757000812
2021Q3,CB4,LA23,0.04456950899585566,0.10824930714116973
2021Q4,CB4,LA23,0.01821917757584557,0.04425028217049929
2022Q1,CB4,LA23,0.013504709326872895,0.03279989976808624
2022Q2,CB4,LA23,0.023636880590967232,0.0574086635594008
2022Q3,CB4,LA23,0.05792141368086924,0.1406780788223218
2022Q4,CB4,LA23,0.006772225518383086,0.016448211718843142
2023Q1,CB4,LA23,0.0059045761726531565,0.014340886719469969
2023Q2,CB4,LA23,0.015503374990187306,0.0376542088716653
2023Q3,CB4,LA23,0.016738791440053226,0.0406547574023037
2019Q1,CB5,LA23,0.007171021731127409,0.010032243634221694
2019Q2,CB5,LA23,0.0179923629909982,0.02517127626284148
2019Q3,CB5,LA23,0.017530071529959716,0.024524531525333997
2019Q4,CB5,LA23,0.0066036616797824615,0.009238508169900048
2020Q1,CB5,LA23,0.006384118457145067,0.008931367684161447
2020Q3,CB5,LA23,0.016985813131279295,0.023763115222294164
2020Q4,CB5,LA23,0.0022054584469934635,0.0030854315179870604
2021Q2,CB5,LA23,0.007716727213196209,0.010795684403740027
2021Q3,CB5,LA23,0.018329378375842482,0.025642760045209986
2021Q4,CB5,LA23,0.009537623249727135,0.013343113955064913
2022Q1,CB5,LA23,0.0053334325540805045,0.007461460416019794
2022Q2,CB5,LA23,0.009507699632517377,0.013301250880384438
2022Q3,CB5,LA23,0.015966032794866608,0.0223364447739434
2022Q4,CB5,LA23,0.005276789575735263,0.007382217013861245
2023Q1,CB5,LA23,0.00907254098501105,0.012692464889348887
2023Q2,CB5,LA23,0.00920892859436606,0.012883270854947795
2023Q3,CB5,LA23,0.014090819449721771,0.019713025427300416
2019Q2,CB6,LA23,0.015948684001089956,0.01487809336001559
2019Q3,CB6,LA23,0.02049892936021828,0.019122893448816788
2019Q4,CB6,LA23,0.010626953140509323,0.00991359543810657
2020Q3,CB6,LA23,0.035186140785294806,0.03282419336582827
2020Q4,CB6,LA23,0.006350533205997335,0.005924239637467914
2021Q2,CB6,LA23,0.015721206610416604,0.014665885891643938
2021Q3,CB6,LA23,0.04228692310261003,0.03944831998586437
2021Q4,CB6,LA23,0.0074483925718876205,0.006948402768467743
2022Q2,CB6,LA23,0.023411182496351525,0.021839655160593604
2022Q3,CB6,LA23,0.018799630624097948,0.0175376638937747
2022Q4,CB6,LA23,0.0059509170471176796,0.005551448595926429
2023Q2,CB6,LA23,0.016915404782646568,0.01577992087381445
2023Q3,CB6,LA23,0.02893465906320906,0.026992356162629173
2019Q1,CB7,LA23,0.003584159063999737,0.010289929295985434
2019Q2,CB7,LA23,0.0063248251086305725,0.0181582351718101
2019Q3,CB7,LA23,0.008330441120230028,0.023916251650918072
2019Q4,CB7,LA23,0.007530617431634294,0.021620000547676026
2020Q1,CB7,LA23,0.004592205374759567,0.013183976429379728
2020Q3,CB7,LA23,0.01510497974651714,0.043365590319393466
2020Q4,CB7,LA23,0.010819265580240527,0.031061533784420236
2021Q2,CB7,LA23,0.011343901969321616,0.032567736844426466
2021Q3,CB7,LA23,0.028594572016804043,0.08209348944840769
2021Q4,CB7,LA23,0.009781653067446269,0.02808260366367728
2022Q1,CB7,LA23,0.0037114146167083945,0.010655273192980996
2022Q2,CB7,LA23,0.011663085993669432,0.03348409713544602
2022Q3,CB7,LA23,0.02145544232846206,0.061597429308172
2022Q4,CB7,LA23,0.012737694035244421,0.03656923944393615
2023Q1,CB7,LA23,0.006587571433864975,0.018912565842175173
2023Q2,CB7,LA23,0.00907440634535697,0.026052136088112986
2023Q3,CB7,LA23,0.0073497699897184295,0.021100797198314238
2019Q1,CB8,LA23,0.001773606627249053,0.005110259508361238
2019Q2,CB8,LA23,0.009037918347785836,0.02604078461535852
2019Q3,CB8,LA23,0.018971636146321358,0.054662619386059916
2019Q4,CB8,LA23,0.005620339805668617,0.016193779663919855
2020Q1,CB8,LA23,0.004379299477463221,0.01261799344388967
2020Q3,CB8,LA23,0.010174242134224793,0.029314853027717525
2020Q4,CB8,LA23,0.005039141669111573,0.0145191843743267
2021Q2,CB8,LA23,0.011286500940181115,0.0325195834631878
2021Q3,CB8,LA23,0.021306717161786108,0.061390644517867764
2021Q4,CB8,LA23,0.008756792199353191,0.02523078111683462
2022Q1,CB8,LA23,0.004554730424860583,0.013123459342147334
2022Q2,CB8,LA23,0.005894389494772691,0.016983393892910262
2022Q3,CB8,LA23,0.008407787247786529,0.02422519969601248
2022Q4,CB8,LA23,0.003583172709171317,0.010324128318997287
2023Q1,CB8,LA23,0.005323153607695945,0.015337502645887312
2023Q2,CB8,LA23,0.02562456185593133,0.07383156944726266
2023Q3,CB8,LA23,0.008928534354121826,0.02572561856608014
2019Q1,CB9,LA23,0.0028912348041609547,0.007045360252313191
2019Q2,CB9,LA23,0.00974426507839967,0.02374482272161341
2019Q3,CB9,LA23,0.01220684241906183,0.029745630573393283
2019Q4,CB9,LA23,0.00808010565739482,0.01968959945804917
2020Q1,CB9,LA23,0.0022141120814845477,0.005395347769959001
2020Q3,CB9,LA23,0.010966059017068838,0.026722089887749014
2020Q4,CB9,LA23,0.004230822757510695,0.010309667844150841
2021Q2,CB9,LA23,0.009571015896606257,0.02332264915847129
2021Q3,CB9,LA23,0.016472855025794476,0.040141049033383565
2021Q4,CB9,LA23,0.012039379089374887,0.02933755597322645
2022Q1,CB9,LA23,0.003790652931871832,0.0092370621224154
2022Q2,CB9,LA23,0.008420818168875176,0.0205198476213581
2022Q3,CB9,LA23,0.01218070223595513,0.029681932181694664
2022Q4,CB9,LA23,0.008468618208585606,0.020636326746246256
2023Q1,CB9,LA23,0.003496701973826384,0.008520762500896496
2023Q2,CB9,LA23,0.005320313544678435,0.012964538723584848
2023Q3,CB9,LA23,0.007520035173487898,0.018324819842041203
2019Q2,CF10,LA23,0.010016094055701587,0.01412397959677322
2019Q3,CF10,LA23,0.012604231922100945,0.017773586540894528
2019Q4,CF10,LA23,0.004554737067337358,0.006422764507799281
2020Q1,CF10,LA23,0.0031097442715914397,0.004385138997185996
2020Q3,CF10,LA23,0.004122039096884593,0.005812604771653318
2021Q2,CF10,LA23,0.000952458525788666,0.0013430889037382866
2021Q3,CF10,LA23,0.01720506396223568,0.0242613508831286
2021Q4,CF10,LA23,0.0035490565373621813,0.005004625739607919
2022Q3,CF10,LA23,0.009367534199290043,0.01320942686510948
2023Q1,CF10,LA23,0.0024968708457327013,0.0035209087179879045
2023Q2,CF10,LA23,0.006447451000421058,0.009091734350208578
2023Q3,CF10,LA23,0.0032716150492569664,0.004613397592637212
2019Q1,CF11,LA23,0.002016203072947784,0.006911962371854688
2019Q2,CF11,LA23,0.006128710677776129,0.021010491532898155
2019Q3,CF11,LA23,0.006570681760818597,0.0225256600873092
2019Q4,CF11,LA23,0.005016232595683934,0.0171966858968954
2020Q1,CF11,LA23,0.0018199566076056316,0.006239188779623597
2020Q3,CF11,LA23,0.00684517372711931,0.023466675487941936
2021Q2,CF11,LA23,0.002209517968307932,0.007574685934067498
2021Q3,CF11,LA23,0.0065068832054548135,0.02230694540525664
2021Q4,CF11,LA23,0.004013066220186943,0.013757623466538405
2022Q1,CF11,LA23,0.001720262137785926,0.005897415456627749
2022Q2,CF11,LA23,0.002211943367933332,0.007583000707104206
2022Q3,CF11,LA23,0.0027788963481942407,0.009526633131215566
2022Q4,CF11,LA23,0.0007451882170805252,0.002554659788748109
2023Q1,CF11,LA23,0.0029080752412862,0.0099694851733881
2023Q2,CF11,LA23,0.0037076978621333133,0.012710757390029649
2023Q3,CF11,LA23,0.0024274453972580085,0.008321786367009342
2019Q1,CF14,LA23,0.0017571460930171983,0.007809451743199614
2019Q2,CF14,LA23,0.008498238582261095,0.03776953115856574
2019Q3,CF14,LA23,0.006529573167124765,0.029020003945598408
2019Q4,CF14,LA23,0.0034961693953221443,0.015538358641504503
2020Q1,CF14,LA23,0.0022826094143868323,0.010144818430901308
2020Q3,CF14,LA23,0.0075281486962984765,0.03345806828072241
2021Q2,CF14,LA23,0.017745319336223912,0.0788672129054162
2021Q3,CF14,LA23,0.02215075176430121,0.09844669584750966
2021Q4,CF14,LA23,0.004605498927340575,0.02046865754040167
2022Q1,CF14,LA23,0.002561283925069861,0.01138335810149976
2022Q2,CF14,LA23,0.009741260299264531,0.043294010968903535
2022Q3,CF14,LA23,0.007138020649556519,0.031724185044258814
2023Q1,CF14,LA23,0.002532619331501648,0.011255961318102534
2023Q2,CF14,LA23,0.0090271670332732,0.0401202982519789
2023Q3,CF14,LA23,0.003979921015267885,0.017688342041674705
2020Q3,CF15,LA23,0.010252857510020705,0.0059734052519458455
2021Q3,CF15,LA23,0.013724957046621637,0.00799628107821575
2022Q2,CF15,LA23,0.0030439508697457885,0.0017734326351686413
2023Q3,CF15,LA23,0.006126497170039968,0.0035693513087235135
2019Q1,CF23,LA23,0.0016433674493058954,0.0050303653848346
2019Q2,CF23,LA23,0.012678593807445735,0.03880931160239974
2019Q3,CF23,LA23,0.004202640498610143,0.012864327632898949
2019Q4,CF23,LA23,0.0017107565218454893,0.005236644058519211
2020Q1,CF23,LA23,0.003451794428547537,0.01056597976080417
2020Q3,CF23,LA23,0.0029560489485401763,0.009048497530417692
2021Q2,CF23,LA23,0.002465145655658864,0.00754583728674883
2021Q3,CF23,LA23,0.012979659744560937,0.039730877664364006
2022Q1,CF23,LA23,0.0011705337815534965,0.0035830164574534094
2022Q2,CF23,LA23,0.003572636522873707,0.010935878707376362
2022Q3,CF23,LA23,0.0072769805355759375,0.022274915453471756
2023Q1,CF23,LA23,0.0021827162338726998,0.0066813177980538105
2023Q2,CF23,LA23,0.00661645897073289,0.020253051860441098
2023Q3,CF23,LA23,0.007522821919029176,0.02302743856448101
2019Q1,CF24,LA23,0.0035331254485916953,0.016230003153410208
2019Q2,CF24,LA23,0.006729046233789731,0.030911000241268687
2019Q3,CF24,LA23,0.006269812642311164,0.02880143386829432
2019Q4,CF24,LA23,0.00419174798125169,0.019255496003158738
2020Q1,CF24,LA23,0.0015650489404352695,0.007189314279409602
2020Q3,CF24,LA23,0.007043397033700961,0.032355023259435185
2020Q4,CF24,LA23,0.0012112862437196278,0.005564246116165538
2021Q2,CF24,LA23,0.006398074442254916,0.02939062591591292
2021Q3,CF24,LA23,0.01996307010595881,0.09170370412423574
2021Q4,CF24,LA23,0.00532949892869727,0.0244819454269112
2022Q1,CF24,LA23,0.0022248519412503475,0.010220229807225546
2022Q2,CF24,LA23,0.0048922692636294745,0.022473457773113516
2022Q3,CF24,LA23,0.00742067465606588,0.034088111169782234
2022Q4,CF24,LA23,0.0023845928919963453,0.010954026603308657
2023Q1,CF24,LA23,0.0013607649913040933,0.006250901764249222
2023Q2,CF24,LA23,0.003513466718915693,0.016139697487994133
2023Q3,CF24,LA23,0.005082891261312475,0.0233491118274403
2019Q2,CF3,LA23,0.003208059454225747,0.0058113756312913704
2019Q3,CF3,LA23,0.0034577561291739443,0.00626369928448833
2019Q4,CF3,LA23,0.0018333706948642067,0.003321137257984197
2023Q2,CF3,LA23,0.0029116244790274963,0.005274385897868446
2023Q3,CF3,LA23,0.0036902502358832226,0.00668486061439119
2019Q1,CF31,LA23,0.0011516560485104875,0.0056507197557473104
2019Q2,CF31,LA23,0.004952692754822829,0.024300900281833644
2019Q3,CF31,LA23,0.0034411312973912354,0.016884267337837846
2019Q4,CF31,LA23,0.0019211115323638046,0.009426132831032738
2020Q1,CF31,LA23,0.0009628177003560502,0.00472416482996102
2020Q3,CF31,LA23,0.003042662489553223,0.014929138836223559
2020Q4,CF31,LA23,0.001023749933646616,0.005023135147411375
2021Q2,CF31,LA23,0.0028360086468284594,0.013915170339990478
2021Q3,CF31,LA23,0.00941732347849286,0.04620707362672092
2021Q4,CF31,LA23,0.0036750315002984047,0.018031922924026358
2022Q1,CF31,LA23,0.0017657085499497042,0.008663631992379423
2022Q2,CF31,LA23,0.0048950760602240115,0.024018197998585542
2022Q3,CF31,LA23,0.0034218422300690225,0.01678962352996783
2022Q4,CF31,LA23,0.00043452713307671077,0.0021320524113606046
2023Q1,CF31,LA23,0.0015824108353423652,0.007764262759304456
2023Q2,CF31,LA23,0.0018367200208631832,0.009012057133804638
2023Q3,CF31,LA23,0.0022527832873587388,0.01105351467025223
2019Q2,CF32,LA23,0.00540871657266619,0.0043484816934502455
2019Q3,CF32,LA23,0.0034116201702719287,0.002742862868874657
2021Q2,CF32,LA23,0.002992721848015321,0.002406078409700834
2022Q2,CF32,LA23,0.013547916369968513,0.01089220807334008
2022Q3,CF32,LA23,0.017070151597427138,0.013724002862520408
2023Q2,CF32,LA23,0.00629273772075173,0.005059214032153268
2023Q3,CF32,LA23,0.008343522894804901,0.00670799737414551
2021Q3,CF33,LA23,0.01570475871337989,0.0064589156949154064
2021Q4,CF33,LA23,0.03605139770558575,0.014826903279059157
2022Q3,CF33,LA23,0.01708076223339091,0.007024826378031232
2019Q3,CF34,LA23,0.002973046352984165,0.003087383682091331
2021Q3,CF34,LA23,0.009190536325619137,0.009543985701031306
2022Q3,CF34,LA23,0.001944201455720705,0.0020189714980613643
2019Q3,CF35,LA23,0.0035475941179656024,0.0028490750566218326
2020Q3,CF35,LA23,0.006005386769163697,0.004822929873162274
2021Q3,CF35,LA23,0.008150958727528275,0.0065460400558652685
2022Q2,CF35,LA23,0.005311442968598316,0.004265623172580086
2022Q3,CF35,LA23,0.0049378224740022686,0.003965568319516246
2023Q2,CF35,LA23,0.013666767605218887,0.010975789617952564
2023Q3,CF35,LA23,0.0075952995244808535,0.006099789802103818
2021Q3,CF36,LA23,0.02963140863426252,0.007841987811604126
2019Q2,CF37,LA23,0.0017494579033352975,0.004042353440950897
2019Q3,CF37,LA23,0.002292609994878593,0.005297378052874301
2019Q4,CF37,LA23,0.0014785076809206534,0.0034162871824738386
2020Q3,CF37,LA23,0.007178788437018739,0.01658753839398869
2021Q2,CF37,LA23,0.002269955189355068,0.005245031133930152
2021Q3,CF37,LA23,0.005542135193783313,0.012805835012145056
2021Q4,CF37,LA23,0.001459201030357097,0.0033716766175725396
2022Q1,CF37,LA23,0.0007671968533505309,0.0017727096114263192
2022Q2,CF37,LA23,0.00522086877346559,0.012063506535902541
2022Q3,CF37,LA23,0.004191201604187813,0.009684324609416105
2023Q2,CF37,LA23,0.0013674866173882412,0.003159758358697814
2019Q2,CF38,LA23,0.004652019815666815,0.0070904046314598825
2019Q3,CF38,LA23,0.010422429482802649,0.015885410037819306
2020Q3,CF38,LA23,0.003566504250211879,0.005435909401903294
2021Q2,CF38,LA23,0.0025728753976130463,0.003921463871234572
2021Q3,CF38,LA23,0.004941816371597602,0.0075320998356447014
2022Q2,CF38,LA23,0.002851713858205806,0.004346457226971742
2022Q3,CF38,LA23,0.0041424921012696,0.006313804829831279
2023Q3,CF38,LA23,0.0036427839787986703,0.005552171619668753
2019Q3,CF39,LA23,0.0033691200026471396,0.00377837747262895
2021Q2,CF39,LA23,0.0026096528659181545,0.0029266555041730377
2021Q3,CF39,LA23,0.006904445971210011,0.007743150466028641
2022Q2,CF39,LA23,0.0019998226752288963,0.00224274734631018
2022Q3,CF39,LA23,0.005417747144981625,0.006075857716232943
2023Q2,CF39,LA23,0.004983148845432381,0.005588467411533342
2021Q3,CF42,LA23,0.017329008842708882,0.002676995405949077
2019Q2,CF44,LA23,0.0019674181838786556,0.005050465444871166
2019Q3,CF44,LA23,0.0032698765111577703,0.008393944136493128
2019Q4,CF44,LA23,0.0014852244126480176,0.0038126487980150365
2020Q3,CF44,LA23,0.003975789039683092,0.010206058541876024
2021Q2,CF44,LA23,0.0037538447104017,0.009636315832925891
2021Q3,CF44,LA23,0.008770518855785697,0.022514380916928964
2021Q4,CF44,LA23,0.0019967666599079977,0.005125804518821171
2022Q2,CF44,LA23,0.004543634169460014,0.011663746708772429
2022Q3,CF44,LA23,0.002769684970078044,0.007109926272502591
2022Q4,CF44,LA23,0.0020265376187976465,0.005202228128384659
2023Q2,CF44,LA23,0.002935777065226822,0.007536293373350172
2023Q3,CF44,LA23,0.00235801767099469,0.006053154770724017
2021Q3,CF46,LA23,0.007850569974546206,0.002758190972211894
2022Q2,CF46,LA23,0.007241424354208134,0.002544175944484433
2019Q2,CF47,LA23,0.0017851073470317106,0.004093471219533098
2019Q3,CF47,LA23,0.0017334925963059275,0.003975112232914903
2023Q3,CF47,LA23,0.0025358386938740345,0.005814990750002983
2021Q3,CF48,LA23,0.012546466824943555,0.007601799324404592
2019Q1,CF5,LA23,0.0018437439096597613,0.0056740011202500934
2019Q2,CF5,LA23,0.003687158898187772,0.011346990007260938
2019Q3,CF5,LA23,0.012902542246435968,0.03970672867137043
2019Q4,CF5,LA23,0.0016755712338691428,0.005156460725495645
2020Q1,CF5,LA23,0.0010728467543032688,0.0033016156169414896
2020Q3,CF5,LA23,0.0024655458148671525,0.007587555756680837
2021Q2,CF5,LA23,0.0065516860458680395,0.02016238468315385
2021Q3,CF5,LA23,0.007892814971846789,0.024289621111453413
2021Q4,CF5,LA23,0.0055276605852631385,0.017011013399866985
2022Q1,CF5,LA23,0.0017456784236650645,0.005372211010204681
2022Q2,CF5,LA23,0.0034699064906666983,0.01067840995273532
2022Q3,CF5,LA23,0.002806777994691537,0.008637675440030045
2022Q4,CF5,LA23,0.0023658122288471506,0.007280632178064935
2023Q2,CF5,LA23,0.006206342351896778,0.019099612084314
2023Q3,CF5,LA23,0.005471086150602086,0.01683690928271572
2020Q3,CF61,LA23,0.016311417391508518,0.0034783226195651096
2021Q2,CF61,LA23,0.0207035787968798,0.004414927575369683
2021Q3,CF61,LA23,0.03085566284810928,0.00657980526463173
2019Q2,CF62,LA23,0.0032954849723267486,0.006919843330646004
2019Q3,CF62,LA23,0.00627762908924926,0.013181735055778528
2019Q4,CF62,LA23,0.002357907153447408,0.0049511219826760535
2020Q3,CF62,LA23,0.0017490273351932167,0.0036725990991271673
2021Q2,CF62,LA23,0.0084393710939892,0.01772095041245345
2021Q3,CF62,LA23,0.01000373392286012,0.021005791878573057
2021Q4,CF62,LA23,0.004262503058389675,0.008950383208584529
2022Q1,CF62,LA23,0.002385419169213121,0.005008891579687621
2022Q2,CF62,LA23,0.008551175243164757,0.01795571622158557
2022Q3,CF62,LA23,0.01076398147741728,0.02260215599924692
2023Q2,CF62,LA23,0.00227526780696717,0.004777596284518652
2023Q3,CF62,LA23,0.0033450685802148923,0.007023958749540446
2021Q3,CF63,LA23,0.004072847331520209,0.00513448080372904
2023Q2,CF63,LA23,0.0036893295729673093,0.004650994827237982
2023Q3,CF63,LA23,0.003725863267030147,0.004697051439623925
2019Q1,CF64,LA23,0.003797792329191253,0.0076279004815024325
2019Q2,CF64,LA23,0.0059809649489871025,0.012012822571565732
2019Q3,CF64,LA23,0.006003175734457348,0.012057433136467031
2019Q4,CF64,LA23,0.0021099526236103027,0.0042378590608749015
2020Q3,CF64,LA23,0.007584065288284486,0.01523266420325055
2021Q2,CF64,LA23,0.004299136914676055,0.008634855647434988
2021Q3,CF64,LA23,0.0185456818853718,0.03724917097121623
2021Q4,CF64,LA23,0.005746581765523933,0.01154206181293955
2022Q2,CF64,LA23,0.007125594358383256,0.014311821165028603
2022Q3,CF64,LA23,0.005765696720280336,0.011580454373656877
2022Q4,CF64,LA23,0.003036289969648961,0.0060984160569934045
2023Q1,CF64,LA23,0.0025337214510912447,0.005089002610336955
2023Q2,CF64,LA23,0.007579961512687066,0.015224421732588068
2023Q3,CF64,LA23,0.002980493020736673,0.005986347376933417
2020Q3,CF71,LA23,0.012041338278499241,0.0061819976016058865
2021Q3,CF71,LA23,0.032372134258698365,0.016619785252896275
2022Q2,CF71,LA23,0.015026393670783282,0.00771451872583267
2019Q2,CF72,LA23,0.004175939561076725,0.008076030596993923
2019Q3,CF72,LA23,0.005949792310046335,0.011506561347191515
2019Q4,CF72,LA23,0.002691716024623557,0.005205626339973576
2020Q3,CF72,LA23,0.006316212332232165,0.012215196917041805
2021Q2,CF72,LA23,0.007194296921669838,0.013913362780634672
2021Q3,CF72,LA23,0.021819917899042585,0.04219848539453648
2021Q4,CF72,LA23,0.0102119813345638,0.01974939352153924
2022Q1,CF72,LA23,0.008737216451881986,0.016897281765199654
2022Q2,CF72,LA23,0.0067537778806112045,0.013061423905056062
2022Q3,CF72,LA23,0.007018694958175617,0.013573758528865791
2022Q4,CF72,LA23,0.005832138620645374,0.011279025775482622
2023Q2,CF72,LA23,0.003817594911280664,0.0073830123399778015
2023Q3,CF72,LA23,0.004050023569369564,0.007832516200579703
2020Q3,CF82,LA23,0.005117677112032845,0.00544154898709341
2021Q3,CF82,LA23,0.017282844605115585,0.018376588341991497
2022Q2,CF82,LA23,0.012877797622022086,0.013692768236852077
2022Q3,CF82,LA23,0.005631613993189675,0.0059880103315407595
2022Q4,CF82,LA23,0.00388573817634638,0.004131646873127727
2019Q2,CF83,LA23,0.002310074098037993,0.008081887089306735
2019Q3,CF83,LA23,0.003566635038007987,0.012478016047376032
2019Q4,CF83,LA23,0.001477712524105696,0.005169836664728611
2020Q3,CF83,LA23,0.00527889099995651,0.018468412357266456
2021Q2,CF83,LA23,0.0020208059246759323,0.0070698707571779235
2021Q3,CF83,LA23,0.012340303860942129,0.04317304909681298
2022Q2,CF83,LA23,0.0064654753710186,0.022619725476185355
2022Q3,CF83,LA23,0.0055702671502909865,0.01948780353156696
2023Q1,CF83,LA23,0.001062441060539414,0.0037169927569057687
2023Q2,CF83,LA23,0.003920568504965096,0.013716266508477556
2023Q3,CF83,LA23,0.003849310616721017,0.013466967922124757
2019Q1,CH1,LA23,0.02270771538269201,0.07110266093661483
2019Q2,CH1,LA23,0.03404410483689204,0.10659929465881554
2019Q3,CH1,LA23,0.03190681464491458,0.09990698689987842
2019Q4,CH1,LA23,0.02843953698018954,0.08905020698991215
2020Q1,CH1,LA23,0.020074179474251854,0.06285650285305243
2020Q2,CH1,LA23,0.0008539924423087098,0.0026740310086055545
2020Q3,CH1,LA23,0.028918072005454674,0.09054860139350132
2020Q4,CH1,LA23,0.006726137208525418,0.021060958590112262
2021Q2,CH1,LA23,0.01486894498595966,0.04655781244412156
2021Q3,CH1,LA23,0.03176667620309186,0.0994681837906629
2021Q4,CH1,LA23,0.01130244588697654,0.035390349232079316
2022Q1,CH1,LA23,0.010619718368543118,0.033252584933154354
2022Q2,CH1,LA23,0.011372965379698008,0.0356111606829846
2022Q3,CH1,LA23,0.01983387287282673,0.062104052044417386
2022Q4,CH1,LA23,0.016681508384832327,0.05223333191423054
2023Q1,CH1,LA23,0.012654877677643344,0.03962509929086222
2023Q2,CH1,LA23,0.013937921427829464,0.04364258071507722
2023Q3,CH1,LA23,0.02157247624053147,0.06754798700986045
2019Q1,CH2,LA23,0.038204832991102666,0.1114311900263826
2019Q2,CH2,LA23,0.05345736113123697,0.15591790096062136
2019Q3,CH2,LA23,0.048600643350404434,0.14175241980103884
2019Q4,CH2,LA23,0.04330515512898014,0.12630718661754547
2020Q1,CH2,LA23,0.025805750493659647,0.07526706078526976
2020Q2,CH2,LA23,0.0014371343233257742,0.004191657843740494
2020Q3,CH2,LA23,0.07010520406174346,0.2044742956332708
2020Q4,CH2,LA23,0.03689509083129108,0.10761109408382163
2021Q2,CH2,LA23,0.04099893307250712,0.1195806798355965
2021Q3,CH2,LA23,0.06680369199454961,0.19484484852589695
2021Q4,CH2,LA23,0.04830830324837627,0.1408997579017179
2022Q1,CH2,LA23,0.05792694456344119,0.16895423594181885
2022Q2,CH2,LA23,0.05509690001091482,0.16069990768996814
2022Q3,CH2,LA23,0.044458055448248,0.12966982543833894
2022Q4,CH2,LA23,0.029001883287240193,0.08458915049978229
2023Q1,CH2,LA23,0.02709945398256373,0.07904037709170245
2023Q2,CH2,LA23,0.04027875460696635,0.11748015125940114
2023Q3,CH2,LA23,0.03277917620563617,0.0956062970757957
2019Q1,CH3,LA23,0.055870773566852966,0.061142791978999626
2019Q2,CH3,LA23,0.03708463276947388,0.04058397337793033
2019Q3,CH3,LA23,0.0641524129449024,0.07020589458901222
2019Q4,CH3,LA23,0.06278757763360007,0.06871227214212237
2020Q1,CH3,LA23,0.059257095276640935,0.06484865017027361
2020Q2,CH3,LA23,0.005780234124819842,0.0063256624192053685
2020Q3,CH3,LA23,0.10444537989736358,0.11430094356203488
2020Q4,CH3,LA23,0.07025017047499471,0.07687904221877777
2021Q2,CH3,LA23,0.07890370732459613,0.08634913489334373
2021Q3,CH3,LA23,0.11786031432731815,0.12898172374277064
2021Q4,CH3,LA23,0.12280326711318287,0.1343910981733307
2022Q1,CH3,LA23,0.08079609660824567,0.08842009179847808
2022Q2,CH3,LA23,0.0876772899560078,0.09595060098188968
2022Q3,CH3,LA23,0.0871891786538536,0.0954164310410618
2022Q4,CH3,LA23,0.10563288836310797,0.11560050643648535
2023Q1,CH3,LA23,0.0850489678360432,0.09307426793018228
2023Q2,CH3,LA23,0.11391049758557655,0.12465919860166977
2023Q3,CH3,LA23,0.09303224356486033,0.10181085301816203
2019Q1,CH4,LA23,0.024560578846917317,0.06161745706583434
2019Q2,CH4,LA23,0.04919003644852578,0.12340771680608376
2019Q3,CH4,LA23,0.0339169651337369,0.0850907120698314
2019Q4,CH4,LA23,0.04054313015458762,0.10171440165093623
2020Q1,CH4,LA23,0.02787675946032565,0.06993707436161671
2020Q3,CH4,LA23,0.04478764651950689,0.11236302302548784
2020Q4,CH4,LA23,0.01700927704600784,0.04267278896950005
2021Q2,CH4,LA23,0.02542542510194935,0.06378717901416996
2021Q3,CH4,LA23,0.03275775586597878,0.0821824936710876
2021Q4,CH4,LA23,0.023821299426274117,0.05976275656202865
2022Q1,CH4,LA23,0.03036238909823436,0.07617300953439986
2022Q2,CH4,LA23,0.03751085105266986,0.09410703504371573
2022Q3,CH4,LA23,0.020917267378070002,0.05247713552014169
2022Q4,CH4,LA23,0.014419061215306587,0.03617446848062806
2023Q1,CH4,LA23,0.016961926504603004,0.042553996168636456
2023Q2,CH4,LA23,0.01527099630627936,0.03831179896530762
2023Q3,CH4,LA23,0.02548943335055564,0.06394776258733978
2019Q1,CH41,LA23,0.017065740103468403,0.025555852591382815
2019Q2,CH41,LA23,0.035624656421479585,0.05334772840827221
2019Q3,CH41,LA23,0.04383896032616751,0.06564860363877924
2019Q4,CH41,LA23,0.029002169325213743,0.04343059015382826
2020Q1,CH41,LA23,0.027588369095172944,0.0413134320315595
2020Q2,CH41,LA23,0.0017689160244520477,0.0026489420847469643
2020Q3,CH41,LA23,0.03382034952315896,0.05064578868321301
2020Q4,CH41,LA23,0.009621730880498636,0.014408489439377125
2021Q2,CH41,LA23,0.02537443576588222,0.037998078963513884
2021Q3,CH41,LA23,0.03712116410982447,0.05558874049760082
2021Q4,CH41,LA23,0.02246098950261052,0.033635209097591434
2022Q1,CH41,LA23,0.03031588049450478,0.04539786545431357
2022Q2,CH41,LA23,0.023774266131840416,0.03560183367670864
2022Q3,CH41,LA23,0.03634155095790626,0.054421274060872674
2022Q4,CH41,LA23,0.020973076051030458,0.031407066830876164
2023Q1,CH41,LA23,0.028747528849384387,0.043049267432127385
2023Q2,CH41,LA23,0.04358552690606355,0.06526908847643415
2023Q3,CH41,LA23,0.030107494394072568,0.045085808407127184
2019Q1,CH42,LA23,0.027168416764027963,0.041594543662574486
2019Q2,CH42,LA23,0.028943970080251825,0.04431289602658442
2019Q3,CH42,LA23,0.037300315160601706,0.05710636733273576
2019Q4,CH42,LA23,0.033923708342060606,0.05193681987750408
2020Q1,CH42,LA23,0.02173705692701241,0.033279192206871824
2020Q3,CH42,LA23,0.05403827119422165,0.0827319917152527
2021Q2,CH42,LA23,0.017273875895111774,0.02644611172530452
2021Q3,CH42,LA23,0.06243655290102596,0.09558966752972227
2021Q4,CH42,LA23,0.044778588511596856,0.06855552059478688
2022Q1,CH42,LA23,0.02995569119346468,0.045861829789761915
2022Q2,CH42,LA23,0.04321885769863503,0.06616759008101833
2022Q3,CH42,LA23,0.04876781010307345,0.07466297444855931
2022Q4,CH42,LA23,0.01851341489798242,0.0283438321417784
2023Q1,CH42,LA23,0.022491821751330573,0.03443472875185165
2023Q2,CH42,LA23,0.03348814358328909,0.051269975079960034
2023Q3,CH42,LA23,0.0413947088997292,0.06337483857392343
2019Q1,CH43,LA23,0.03136121608361346,0.09251370762275964
2019Q2,CH43,LA23,0.03597689736637709,0.10612969073817707
2019Q3,CH43,LA23,0.03808932155243034,0.11236121546613204
2019Q4,CH43,LA23,0.025843305384431973,0.07623620180947885
2020Q1,CH43,LA23,0.029570850372791276,0.08723223609221642
2020Q3,CH43,LA23,0.04127926908297243,0.12177136947245945
2020Q4,CH43,LA23,0.02223683869650201,0.06559734125544857
2021Q1,CH43,LA23,0.000531273935244182,0.001567226263858263
2021Q2,CH43,LA23,0.0297804089696882,0.08785042139190218
2021Q3,CH43,LA23,0.04889406476932616,0.144234560308432
2021Q4,CH43,LA23,0.04778494832174959,0.14096273326967418
2022Q1,CH43,LA23,0.02333534241045795,0.06883786136616381
2022Q2,CH43,LA23,0.040069662547995,0.11820310269934944
2022Q3,CH43,LA23,0.033493444169817914,0.09880365266909427
2022Q4,CH43,LA23,0.03359866464425984,0.09911404676167332
2023Q1,CH43,LA23,0.03147442674549263,0.0928476722893384
2023Q2,CH43,LA23,0.04217823869899412,0.12442327595454995
2023Q3,CH43,LA23,0.03628353919161421,0.10703426574219677
2019Q1,CH44,LA23,0.03993492591625879,0.07327339511818967
2019Q2,CH44,LA23,0.04836589520329521,0.08874270499230237
2019Q3,CH44,LA23,0.05891783727830585,0.10810361785709174
2019Q4,CH44,LA23,0.03735925067212311,0.06854749503124709
2020Q1,CH44,LA23,0.03700617553500493,0.06789966575812613
2020Q2,CH44,LA23,0.001255308210718392,0.002303264433542573
2020Q3,CH44,LA23,0.06304109286396413,0.11566904908725753
2020Q4,CH44,LA23,0.02365847734076876,0.043409044046307056
2021Q2,CH44,LA23,0.04469887889638185,0.08201439065099761
2021Q3,CH44,LA23,0.0576907435539911,0.10585212192349946
2021Q4,CH44,LA23,0.04131668704159909,0.07580867787064356
2022Q1,CH44,LA23,0.0339951460369762,0.062374969040665626
2022Q2,CH44,LA23,0.03068372683244615,0.056299111324432674
2022Q3,CH44,LA23,0.03207900411537925,0.05885919379124821
2022Q4,CH44,LA23,0.04092310283740976,0.07508652175681182
2023Q1,CH44,LA23,0.0221981018294295,0.04072951805725985
2023Q2,CH44,LA23,0.038040260105122715,0.06979702466272884
2023Q3,CH44,LA23,0.030987190184114364,0.056855911908395236
2019Q1,CH45,LA23,0.02396016074409897,0.02155449459662161
2019Q2,CH45,LA23,0.025074356924094158,0.02255682241060329
2019Q3,CH45,LA23,0.010085070811930724,0.0090725019186628
2019Q4,CH45,LA23,0.014480933602716019,0.013027007974921512
2020Q1,CH45,LA23,0.03610130648040659,0.032476635852893836
2020Q3,CH45,LA23,0.026725678767431173,0.02404234699157912
2020Q4,CH45,LA23,0.01243924525528634,0.01119031076229965
2021Q2,CH45,LA23,0.01662742695762703,0.014957987483542228
2021Q3,CH45,LA23,0.01792446929714678,0.016124803198902287
2021Q4,CH45,LA23,0.037089479461221764,0.033365593544079364
2022Q1,CH45,LA23,0.02238896972319976,0.02014105548275534
2022Q2,CH45,LA23,0.0160587954944902,0.014446448185849056
2022Q3,CH45,LA23,0.030684639701875575,0.027603817341511315
2022Q4,CH45,LA23,0.014452964168204132,0.013001846748688688
2023Q1,CH45,LA23,0.011981687810814538,0.010778693345795448
2023Q2,CH45,LA23,0.014286594256021341,0.01285218083402793
2023Q3,CH45,LA23,0.02271230603078979,0.020431927934291685
2019Q1,CH46,LA23,0.024034339074975115,0.016621086695632455
2019Q2,CH46,LA23,0.035367488204698615,0.024458591760034183
2019Q3,CH46,LA23,0.06503280246374164,0.044973812029441416
2019Q4,CH46,LA23,0.04115257054674043,0.028459299033427306
2020Q1,CH46,LA23,0.03894864999715444,0.02693516498461146
2020Q2,CH46,LA23,0.0023219578503678928,0.0016057634293240525
2020Q3,CH46,LA23,0.046812297066251236,0.03237331576011596
2021Q2,CH46,LA23,0.02921846623110515,0.0202061999219386
2021Q3,CH46,LA23,0.024534194110438612,0.016966764346836846
2022Q1,CH46,LA23,0.03234702972853452,0.022369776168464462
2022Q2,CH46,LA23,0.009312400724486405,0.006440044775240789
2022Q3,CH46,LA23,0.028005264425725842,0.019367203171347564
2022Q4,CH46,LA23,0.009276435417605115,0.006415172758504895
2023Q1,CH46,LA23,0.0030104216463367607,0.002081874563643423
2023Q2,CH46,LA23,0.003592766876943684,0.002484598788117058
2023Q3,CH46,LA23,0.006329894011106926,0.004377474945517378
2019Q1,CH47,LA23,0.028584141715393706,0.00443987189447981
2019Q2,CH47,LA23,0.037380443863288815,0.005806169860346649
2019Q3,CH47,LA23,0.03239973618574858,0.005032534456061568
2019Q4,CH47,LA23,0.04935834759772479,0.007666654554090919
2020Q1,CH47,LA23,0.0692485942389672,0.010756135005034986
2020Q3,CH47,LA23,0.03555387405705817,0.005522455343859298
2023Q2,CH47,LA23,0.08292692088424941,0.012880740271849671
2023Q3,CH47,LA23,0.08929617538441602,0.013870053658469552
2019Q1,CH48,LA23,0.05521465157364065,0.04471186052759798
2019Q2,CH48,LA23,0.06873043356075165,0.055656704729379135
2019Q3,CH48,LA23,0.10736830567169647,0.08694497875939171
2019Q4,CH48,LA23,0.07319759879420436,0.059274137116967086
2020Q1,CH48,LA23,0.05167659813702415,0.04184680664627082
2020Q2,CH48,LA23,0.002827603449356689,0.002289743889561143
2020Q3,CH48,LA23,0.1183127354930295,0.09580758688565827
2020Q4,CH48,LA23,0.08793633333573256,0.07120930693860739
2021Q2,CH48,LA23,0.06949972312845687,0.056279661985764215
2021Q3,CH48,LA23,0.13628407551259486,0.1103604641663772
2021Q4,CH48,LA23,0.07584395133566392,0.06141710718683676
2022Q1,CH48,LA23,0.08392640253545282,0.06796213500946277
2022Q2,CH48,LA23,0.09604324894377952,0.07777414561177305
2022Q3,CH48,LA23,0.050910612157295365,0.041226524577732335
2022Q4,CH48,LA23,0.07360590441086129,0.059604775874331176
2023Q1,CH48,LA23,0.07286750785504392,0.059006835239430476
2023Q2,CH48,LA23,0.06781185753097548,0.05491285790327774
2023Q3,CH48,LA23,0.07213134345326473,0.05841070216388556
2019Q1,CH49,LA23,0.04618120547845075,0.07924347446092084
2019Q2,CH49,LA23,0.09461294208398034,0.16234869103196042
2019Q3,CH49,LA23,0.06751808275336008,0.11585595072464787
2019Q4,CH49,LA23,0.0833157907291614,0.1429636291741775
2020Q1,CH49,LA23,0.03617341872059897,0.06207086525464477
2020Q2,CH49,LA23,0.001357877892217757,0.0023300163120085066
2020Q3,CH49,LA23,0.08216071387632938,0.1409816041893488
2020Q4,CH49,LA23,0.057128880036954474,0.09802886042682148
2021Q2,CH49,LA23,0.08092014288077685,0.1388528776872029
2021Q3,CH49,LA23,0.1264548542085326,0.2169870168202783
2021Q4,CH49,LA23,0.09591288284153046,0.16457929157939954
2022Q1,CH49,LA23,0.0910309523980922,0.1562022661984768
2022Q2,CH49,LA23,0.13290479526461593,0.22805463045350585
2022Q3,CH49,LA23,0.0771721369690047,0.13242158149924418
2022Q4,CH49,LA23,0.051130553678593184,0.08773618364061522
2023Q1,CH49,LA23,0.026267980544643688,0.045073878515378855
2023Q2,CH49,LA23,0.0299333575683553,0.0513633897474681
2023Q3,CH49,LA23,0.03451945046815611,0.05923278015890625
2019Q1,CH5,LA23,0.015449836296956768,0.04271284448482472
2019Q2,CH5,LA23,0.02791616286183121,0.07717743411723428
2019Q3,CH5,LA23,0.031855818419693066,0.08806906377158051
2019Q4,CH5,LA23,0.0159578279960799,0.044117245801911946
2020Q1,CH5,LA23,0.0168303372148889,0.04652939761104829
2020Q3,CH5,LA23,0.02259326034359448,0.0624616595873701
2020Q4,CH5,LA23,0.0015377053095831372,0.004251162697733636
2021Q2,CH5,LA23,0.015475910623770284,0.04278492995193427
2021Q3,CH5,LA23,0.014615876283486913,0.040407266375306714
2021Q4,CH5,LA23,0.01413040213239431,0.03906511740243344
2022Q1,CH5,LA23,0.016056423996167118,0.04438982575276753
2022Q2,CH5,LA23,0.017295647568616183,0.047815801453388485
2022Q3,CH5,LA23,0.020731443567411616,0.05731445356577618
2022Q4,CH5,LA23,0.0105473398003121,0.029159330620743957
2023Q1,CH5,LA23,0.012110413311509192,0.03348062662148288
2023Q2,CH5,LA23,0.016188050963922822,0.04475372360227845
2023Q3,CH5,LA23,0.013015953497986666,0.03598409632927455
2019Q1,CH6,LA23,0.007494706485945963,0.008394161043615825
2019Q2,CH6,LA23,0.011906718017427785,0.01333566681051899
2019Q3,CH6,LA23,0.03445965310614663,0.038595224272298036
2019Q4,CH6,LA23,0.03123274227983627,0.03498104549155053
2020Q1,CH6,LA23,0.011047361846426455,0.01237317760473927
2020Q3,CH6,LA23,0.02080614132135669,0.023303127517428586
2020Q4,CH6,LA23,0.0032455672215492013,0.003635074166900629
2021Q2,CH6,LA23,0.01798263469521064,0.020140766273258413
2021Q3,CH6,LA23,0.05318809172590493,0.05957129987506165
2021Q4,CH6,LA23,0.026024961253167143,0.02914826835748642
2022Q1,CH6,LA23,0.024010006012372027,0.026891494350575185
2022Q2,CH6,LA23,0.02664527025610823,0.02984302187148412
2022Q3,CH6,LA23,0.038802526231743364,0.04345929419639847
2022Q4,CH6,LA23,0.02430476414614547,0.02722162699131964
2023Q1,CH6,LA23,0.011452250811609771,0.012826658095923944
2023Q2,CH6,LA23,0.023145420886303752,0.02592314865248265
2023Q3,CH6,LA23,0.021030469949228508,0.02355437826788566
2019Q1,CH60,LA23,0.04463613879080695,0.015297230223439947
2019Q2,CH60,LA23,0.056705679157882515,0.01943357675089277
2019Q3,CH60,LA23,0.0263110452516054,0.009017045997626665
2019Q4,CH60,LA23,0.040341788353431315,0.013825515395942487
2020Q1,CH60,LA23,0.03354804368212843,0.011497234340915556
2023Q1,CH60,LA23,0.03229170092336784,0.011066673702362502
2019Q1,CH61,LA23,0.043840066610285104,0.06206826236917243
2019Q2,CH61,LA23,0.0692232677463305,0.09800550675994447
2019Q3,CH61,LA23,0.062247191242408136,0.08812885783507057
2019Q4,CH61,LA23,0.06581852242403285,0.09318510746988032
2020Q1,CH61,LA23,0.07254456693308542,0.10270776397051312
2020Q2,CH61,LA23,0.0009178053537173148,0.0012994182697020071
2020Q3,CH61,LA23,0.08238145681948553,0.11663471959750345
2020Q4,CH61,LA23,0.0376703637172684,0.053333267933425764
2021Q2,CH61,LA23,0.045909775901151736,0.06499853299205707
2021Q3,CH61,LA23,0.07416466803709877,0.10500148449065703
2021Q4,CH61,LA23,0.07476829920118394,0.10585609855408223
2022Q1,CH61,LA23,0.04176254381957878,0.059126929483030236
2022Q2,CH61,LA23,0.01930925191753459,0.027337816906710864
2022Q3,CH61,LA23,0.028531990502810488,0.04039526418118415
2022Q4,CH61,LA23,0.024513196016641432,0.034705501143351435
2023Q1,CH61,LA23,0.02397146002775687,0.03393851755749572
2023Q2,CH61,LA23,0.003997601006211757,0.00565975755252634
2023Q3,CH61,LA23,0.008435413572018621,0.011942761570934685
2019Q1,CH62,LA23,0.0386884141026069,0.09088856715714136
2019Q2,CH62,LA23,0.03658915564317952,0.08595689451313378
2019Q3,CH62,LA23,0.041071742927829336,0.0964875907153126
2019Q4,CH62,LA23,0.03957521838429907,0.0929718877682694
2020Q1,CH62,LA23,0.026790974733618852,0.06293856604780602
2020Q2,CH62,LA23,0.0006991270237703617,0.0016424207330598035
2020Q3,CH62,LA23,0.05942699731780101,0.13960858210267835
2020Q4,CH62,LA23,0.015576719977839756,0.03659353304167818
2021Q2,CH62,LA23,0.03314421000346795,0.07786387285819528
2021Q3,CH62,LA23,0.05899298211753645,0.13858897402125514
2021Q4,CH62,LA23,0.040350118023517685,0.09479231694668902
2022Q1,CH62,LA23,0.03994441752926954,0.09383922704955948
2022Q2,CH62,LA23,0.04192875521449555,0.09850092262818384
2022Q3,CH62,LA23,0.037306718002714914,0.0876426243683587
2022Q4,CH62,LA23,0.03914101852290832,0.09195184587260084
2023Q1,CH62,LA23,0.02464351972025484,0.05789366788575074
2023Q2,CH62,LA23,0.03740086440021946,0.08786379733113514
2023Q3,CH62,LA23,0.03720958625033688,0.08741443807528171
2019Q1,CH63,LA23,0.060215030638994325,0.06317976676824481
2019Q2,CH63,LA23,0.04430595034210034,0.04648738993161936
2019Q3,CH63,LA23,0.053314152057408436,0.055939117803130316
2019Q4,CH63,LA23,0.04595860822497075,0.04822141777283142
2020Q1,CH63,LA23,0.04857434606326778,0.05096594359631342
2020Q3,CH63,LA23,0.15065592876001052,0.1580735962483559
2020Q4,CH63,LA23,0.07624332446786371,0.07999722671229205
2021Q2,CH63,LA23,0.10573806156014054,0.11094416123355418
2021Q3,CH63,LA23,0.16417005743620813,0.1722531040685395
2021Q4,CH63,LA23,0.10484692318123548,0.1100091469299827
2022Q1,CH63,LA23,0.10195141254535456,0.10697107346711776
2022Q2,CH63,LA23,0.09092133554583262,0.09539792163325836
2022Q3,CH63,LA23,0.08104721634913564,0.08503764212714494
2022Q4,CH63,LA23,0.10780445241756599,0.11311229252965667
2023Q1,CH63,LA23,0.07463435524353225,0.07830903857634322
2023Q2,CH63,LA23,0.12159166966441015,0.12757833465892265
2023Q3,CH63,LA23,0.13908780594681006,0.14593590747649107
2019Q1,CH64,LA23,0.04058762917721495,0.03988452020960753
2019Q2,CH64,LA23,0.0581050537739118,0.057098486373944435
2019Q3,CH64,LA23,0.06195077458900632,0.06087758687031573
2019Q4,CH64,LA23,0.05514233011772807,0.05418708667073442
2020Q1,CH64,LA23,0.04116616485428483,0.040453033778195716
2020Q3,CH64,LA23,0.06790808072728903,0.06673169320477836
2020Q4,CH64,LA23,0.049713600897170175,0.04885240059275627
2021Q2,CH64,LA23,0.04008796800679888,0.03939351478619632
2021Q3,CH64,LA23,0.05331114660877282,0.05238762518084216
2021Q4,CH64,LA23,0.04776535643664197,0.0469379060254605
2022Q1,CH64,LA23,0.038267011696001184,0.03760410332632235
2022Q2,CH64,LA23,0.054012335086767976,0.05307666680727551
2022Q3,CH64,LA23,0.02434006942225141,0.02391842072214504
2022Q4,CH64,LA23,0.037604156816855486,0.036952731236863996
2023Q1,CH64,LA23,0.05587420019019583,0.05490627838722261
2023Q2,CH64,LA23,0.05265976973619243,0.05174753226176405
2023Q3,CH64,LA23,0.02995112236248107,0.029432272083470695
2019Q1,CH65,LA23,0.022769734432308668,0.07505601015488582
2019Q2,CH65,LA23,0.030467336326378564,0.10042966076320337
2019Q3,CH65,LA23,0.0464891171614782,0.15324235160215693
2019Q4,CH65,LA23,0.029285841800211324,0.0965350933751832
2020Q1,CH65,LA23,0.014957086798152509,0.04930313359372012
2020Q2,CH65,LA23,0.0008923557376415357,0.002941477490890649
2020Q3,CH65,LA23,0.04067762930826218,0.13408590985169638
2020Q4,CH65,LA23,0.013733434424045182,0.04526960104242556
2021Q2,CH65,LA23,0.02078724079527957,0.06852110466465232
2021Q3,CH65,LA23,0.036228484813818025,0.11942016856480092
2021Q4,CH65,LA23,0.028596313128075562,0.09426219593881817
2022Q1,CH65,LA23,0.023876016023727402,0.07870265270166361
2022Q2,CH65,LA23,0.02448936664909108,0.08072444399232002
2022Q3,CH65,LA23,0.017637685443708934,0.058139206748643465
2022Q4,CH65,LA23,0.016764763552724486,0.05526178916132258
2023Q1,CH65,LA23,0.01914644068333416,0.0631125255602088
2023Q2,CH65,LA23,0.02237653902014727,0.0737599177943985
2023Q3,CH65,LA23,0.023082847480875215,0.0760881265470512
2019Q1,CH66,LA23,0.02739289621291742,0.013903601960113315
2019Q2,CH66,LA23,0.05486727396300002,0.027848560878287482
2019Q3,CH66,LA23,0.046428949108011465,0.023565585135891656
2019Q4,CH66,LA23,0.02104075511978897,0.0106794944883488
2020Q1,CH66,LA23,0.031738483228233534,0.016109258188442353
2020Q2,CH66,LA23,0.004170373220363032,0.002116724308023367
2020Q3,CH66,LA23,0.04530231016143914,0.022993745658088788
2020Q4,CH66,LA23,0.023023377557315025,0.011685798932913265
2021Q2,CH66,LA23,0.04895544656109107,0.024847940045274845
2021Q3,CH66,LA23,0.0735306770307792,0.037321401043074263
2021Q4,CH66,LA23,0.07256130314894525,0.03682938338642379
2022Q1,CH66,LA23,0.06789121448736643,0.034459022349593686
2022Q2,CH66,LA23,0.06705104297303041,0.03403258294637187
2022Q3,CH66,LA23,0.0717687100147022,0.03642709297619555
2022Q4,CH66,LA23,0.05022937905561582,0.02549454017803387
2023Q1,CH66,LA23,0.031974238375101306,0.016228918617796732
2023Q2,CH66,LA23,0.04453592787131914,0.02260475888471928
2023Q3,CH66,LA23,0.05515943940482829,0.02799685304783783
2019Q1,CH7,LA23,0.02204734751819283,0.0630647336908413
2019Q2,CH7,LA23,0.020417245755082556,0.058401953576603466
2019Q3,CH7,LA23,0.03930458703948728,0.11242773365042573
2019Q4,CH7,LA23,0.027844332141416756,0.07964656019726564
2020Q1,CH7,LA23,0.018044940889627617,0.05161615884778405
2020Q3,CH7,LA23,0.031044225188388105,0.08879960696082316
2020Q4,CH7,LA23,0.004386664761652551,0.012547715536135923
2021Q2,CH7,LA23,0.02171612014179653,0.062117283378901884
2021Q3,CH7,LA23,0.05407711570152077,0.1546834102229799
2021Q4,CH7,LA23,0.030454719322063745,0.08711337098897863
2022Q1,CH7,LA23,0.028972714414746043,0.08287421048536754
2022Q2,CH7,LA23,0.045649522446099405,0.13057693102545678
2022Q3,CH7,LA23,0.036276980759725734,0.1037674998696352
2022Q4,CH7,LA23,0.03506553887415298,0.10030226397980614
2023Q1,CH7,LA23,0.01753412174664893,0.050155000166924486
2023Q2,CH7,LA23,0.030965108759196988,0.08857330052947622
2023Q3,CH7,LA23,0.033890343940484416,0.09694070969462612
2019Q1,CH8,LA23,0.011084399869120269,0.007527689390816534
2019Q2,CH8,LA23,0.025379223677896308,0.017235656876606584
2019Q3,CH8,LA23,0.015655221656593037,0.010631847223729748
2019Q4,CH8,LA23,0.02355762349194007,0.015998563253492776
2020Q1,CH8,LA23,0.016790128610555254,0.01140259053304554
2020Q3,CH8,LA23,0.01697729244029874,0.011529698106945836
2023Q1,CH8,LA23,0.01000421544558362,0.006794109501856121
2023Q2,CH8,LA23,0.008826297008563175,0.0059941560333505
2019Q1,CM1,LA23,0.005311186593809997,0.014947503639278553
2019Q2,CM1,LA23,0.017919397281083292,0.05043133984124016
2019Q3,CM1,LA23,0.013160431663948598,0.037037975736083834
2019Q4,CM1,LA23,0.008961882347590606,0.025221815622429818
2020Q1,CM1,LA23,0.005769713692749324,0.01623795641457576
2020Q3,CM1,LA23,0.03265777565861058,0.09191019970504304
2020Q4,CM1,LA23,0.010678378850758034,0.030052626454383405
2021Q2,CM1,LA23,0.012296993896789713,0.03460796524051213
2021Q3,CM1,LA23,0.04883056696992195,0.13742599033172942
2021Q4,CM1,LA23,0.012885824079874056,0.0362651356579153
2022Q1,CM1,LA23,0.004567929786357414,0.01285572365036531
2022Q2,CM1,LA23,0.012270044382738423,0.034532120049942494
2022Q3,CM1,LA23,0.02130537635918759,0.059960648160302325
2022Q4,CM1,LA23,0.008512501127585748,0.02395710249235929
2023Q1,CM1,LA23,0.0006885099872015898,0.0019377036294243148
2023Q2,CM1,LA23,0.009200728517404529,0.02589401079566705
2023Q3,CM1,LA23,0.015979957133552602,0.044973089005699095
2019Q1,CM11,LA23,0.003482591571728592,0.004035484715398833
2019Q2,CM11,LA23,0.014851024878680863,0.017208760393392187
2019Q3,CM11,LA23,0.008988635361172927,0.01041566312477532
2019Q4,CM11,LA23,0.005984374441052738,0.006934448410240919
2020Q3,CM11,LA23,0.034572898395048485,0.04006166102647655
2020Q4,CM11,LA23,0.0028647426137027106,0.0033195466057510874
2021Q2,CM11,LA23,0.004258927335792215,0.0049350708555964936
2021Q3,CM11,LA23,0.059789272370499434,0.06928136412970443
2021Q4,CM11,LA23,0.01427622942308256,0.016542710921964694
2022Q1,CM11,LA23,0.002390654915956736,0.002770193166334448
2022Q2,CM11,LA23,0.02651322034422593,0.030722435649270977
2022Q3,CM11,LA23,0.014280160395043337,0.016547265971541332
2022Q4,CM11,LA23,0.009436204597278728,0.010934288055143251
2023Q2,CM11,LA23,0.018998200297302374,0.022014337696738717
2023Q3,CM11,LA23,0.017573129366949606,0.02036302377164835
2019Q1,CM12,LA23,0.003686918506984953,0.0047819344269725865
2019Q2,CM12,LA23,0.008360594165564159,0.010843693180230242
2019Q3,CM12,LA23,0.012579662481549665,0.01631582607162389
2019Q4,CM12,LA23,0.006417740075548743,0.008323810833487846
2020Q3,CM12,LA23,0.031082097706350162,0.04031349019592748
2020Q4,CM12,LA23,0.0073748961849704345,0.009565242599055588
2021Q2,CM12,LA23,0.012540919121267308,0.01626557592153248
2021Q3,CM12,LA23,0.024668594314803515,0.03199517434288128
2021Q4,CM12,LA23,0.023353717136415084,0.030289778241865187
2022Q1,CM12,LA23,0.006509609223383743,0.008442965146222595
2022Q2,CM12,LA23,0.00933709408220596,0.012110213869656574
2022Q4,CM12,LA23,0.02292207708078013,0.029729940958184882
2023Q2,CM12,LA23,0.00844070094070912,0.010947591692001988
2023Q3,CM12,LA23,0.02695149804182955,0.034956101172440406
2019Q2,CM13,LA23,0.01270779703776832,0.00794096976192808
2019Q3,CM13,LA23,0.004618681982642592,0.0028861661746029782
2020Q3,CM13,LA23,0.01697265544450728,0.010606035276128837
2021Q2,CM13,LA23,0.006671853779375713,0.004169171805354264
2021Q3,CM13,LA23,0.034678412974340066,0.02167017839539321
2022Q2,CM13,LA23,0.025410271680346458,0.015878613614641473
2022Q3,CM13,LA23,0.012105093634602198,0.007564346694552284
2023Q2,CM13,LA23,0.014155835642226762,0.008845833975444695
2023Q3,CM13,LA23,0.014443244982496418,0.009025433073037605
2019Q1,CM14,LA23,0.0052061352820098605,0.006843202813959818
2019Q2,CM14,LA23,0.012663988567805956,0.016646175619491048
2019Q3,CM14,LA23,0.010874869460146413,0.014294468595212863
2020Q3,CM14,LA23,0.01257223886997726,0.01652557525927165
2021Q2,CM14,LA23,0.007417258995030161,0.009749613653347826
2021Q3,CM14,LA23,0.023183520469215336,0.03047357087716357
2021Q4,CM14,LA23,0.007392011326383056,0.009716426863575224
2022Q2,CM14,LA23,0.013086213196422895,0.017201168644097802
2022Q3,CM14,LA23,0.0047763198510545725,0.006278232061709014
2022Q4,CM14,LA23,0.0038817052914107563,0.005102306247195689
2023Q2,CM14,LA23,0.0052908442356406704,0.006954548470277484
2023Q3,CM14,LA23,0.00737539957054117,0.009694591546557085
2019Q1,CM15,LA23,0.0016259762922844324,0.0033723996413148626
2019Q2,CM15,LA23,0.010148939430952896,0.021049679419732032
2019Q3,CM15,LA23,0.018531068055957382,0.03843485760625091
2019Q4,CM15,LA23,0.007865258987852041,0.016313150883777296
2020Q1,CM15,LA23,0.0018493942125993976,0.003835785557769357
2020Q3,CM15,LA23,0.03394770633833709,0.07041014879621832
2020Q4,CM15,LA23,0.010542509148593084,0.021865973224814143
2021Q2,CM15,LA23,0.026352821728697382,0.05465777512698637
2021Q3,CM15,LA23,0.041163069821674864,0.08537536651718378
2021Q4,CM15,LA23,0.010621013931952313,0.02202879817158517
2022Q1,CM15,LA23,0.002963834452035991,0.006147220159600174
2022Q2,CM15,LA23,0.022165923189557228,0.04597382616744768
2022Q3,CM15,LA23,0.01632432369494969,0.03385790041022675
2022Q4,CM15,LA23,0.003080092645865045,0.0063883485776647314
2023Q1,CM15,LA23,0.003279666306935911,0.006802279670144365
2023Q2,CM15,LA23,0.012518933303715144,0.025965228634285815
2023Q3,CM15,LA23,0.01290793635766969,0.026772050828343504
2019Q1,CM16,LA23,0.005413557132656463,0.007596521251085638
2019Q2,CM16,LA23,0.016460323750362306,0.023097788774609
2019Q3,CM16,LA23,0.021388254933850756,0.030012860148555674
2019Q4,CM16,LA23,0.013186045533727807,0.01850318979927217
2020Q1,CM16,LA23,0.00904160805666365,0.012687548327901095
2020Q2,CM16,LA23,0.0035647263307416726,0.005002167458884023
2020Q3,CM16,LA23,0.037415044812987616,0.052502296746374515
2020Q4,CM16,LA23,0.020391034284492886,0.028613519997664694
2021Q2,CM16,LA23,0.014923839314904444,0.020941731975003285
2021Q3,CM16,LA23,0.04508664667735117,0.06326739724581429
2021Q4,CM16,LA23,0.02604588439539379,0.03654863326727996
2022Q1,CM16,LA23,0.007515583257034025,0.01054616891026453
2022Q2,CM16,LA23,0.022891402500437343,0.03212213731203312
2022Q3,CM16,LA23,0.010617715447549652,0.014899205653291406
2022Q4,CM16,LA23,0.0045402548289483705,0.006371068310223223
2023Q1,CM16,LA23,0.006171133613358573,0.008659583059422417
2023Q2,CM16,LA23,0.01296943317401403,0.018199230617999787
2023Q3,CM16,LA23,0.011586751758000894,0.016258996405477344
2020Q3,CM17,LA23,0.035523620776821606,0.0152269523156862
2021Q3,CM17,LA23,0.04972153155609914,0.021312787759563197
2022Q2,CM17,LA23,0.0143591663358164,0.006154956513643025
2022Q3,CM17,LA23,0.01672604705689731,0.007169503428869965
2023Q3,CM17,LA23,0.023595263881676317,0.010113945317104136
2019Q2,CM18,LA23,0.009790777395380472,0.009056306186834777
2019Q4,CM18,LA23,0.003808175927105617,0.003522499370221015
2020Q3,CM18,LA23,0.03095597807959489,0.028633764662449726
2020Q4,CM18,LA23,0.005136765722319275,0.004751422825046578
2021Q2,CM18,LA23,0.009497185392625722,0.008784738469218442
2021Q4,CM18,LA23,0.01522277660928779,0.014080815079356563
2022Q1,CM18,LA23,0.003226541717175346,0.0029844974035588387
2022Q2,CM18,LA23,0.01306335896602295,0.01208338968881641
2022Q3,CM18,LA23,0.006957802167520933,0.006435851237535319
2023Q2,CM18,LA23,0.010665143780581388,0.00986508054499673
2023Q3,CM18,LA23,0.02092077518032355,0.0193513689513907
2019Q2,CM19,LA23,0.008717096884546641,0.0035498296676808056
2019Q3,CM19,LA23,0.016423587918087332,0.006688114221231641
2020Q3,CM19,LA23,0.016879532370895355,0.006873786718260061
2021Q3,CM19,LA23,0.04945523660724778,0.02013946483052223
2021Q4,CM19,LA23,0.010728188324171462,0.004368798660609507
2022Q2,CM19,LA23,0.057975964891792214,0.02360932807230217
2022Q3,CM19,LA23,0.02737459956323779,0.011147652361502622
2023Q3,CM19,LA23,0.018243282114672014,0.007429141254737977
2019Q1,CM2,LA23,0.002488032981313229,0.016741759358226083
2019Q2,CM2,LA23,0.009457710155619541,0.06364011598498155
2019Q3,CM2,LA23,0.008807141622907275,0.0592624964347157
2019Q4,CM2,LA23,0.004844793941945558,0.032600200610456764
2020Q1,CM2,LA23,0.003343036437940925,0.022495003880634717
2020Q3,CM2,LA23,0.013894923653227871,0.09349774293606056
2020Q4,CM2,LA23,0.005851098153521911,0.03937153486442972
2021Q2,CM2,LA23,0.008746496678590093,0.05885442183454888
2021Q3,CM2,LA23,0.02141942040581513,0.14412943265629827
2021Q4,CM2,LA23,0.006267468031674064,0.042173251865929434
2022Q1,CM2,LA23,0.004110113321332,0.027656598074700858
2022Q2,CM2,LA23,0.010854220099456423,0.0730371109591987
2022Q3,CM2,LA23,0.007341294006200306,0.04939893423957785
2022Q4,CM2,LA23,0.0022709941382475425,0.015281323701108853
2023Q1,CM2,LA23,0.0027459136800397238,0.01847701633980009
2023Q2,CM2,LA23,0.014529138251629234,0.09776531827274493
2023Q3,CM2,LA23,0.009774398398684792,0.06577108386072866
2019Q1,CM20,LA23,0.005232825599274927,0.02431196254509118
2019Q2,CM20,LA23,0.0064129323960541934,0.0297947961878712
2019Q3,CM20,LA23,0.00935028282716622,0.043441869324208494
2019Q4,CM20,LA23,0.004827198902655404,0.02242740116072757
2020Q1,CM20,LA23,0.0019299676207428862,0.008966723545161016
2020Q3,CM20,LA23,0.007978824184554085,0.037070005687868716
2020Q4,CM20,LA23,0.0052650547528793395,0.024461700762126167
2021Q2,CM20,LA23,0.00713008164064723,0.033126706499616
2021Q3,CM20,LA23,0.021618525682068748,0.1004407230264609
2021Q4,CM20,LA23,0.010667149547593765,0.04956009623174154
2022Q1,CM20,LA23,0.0035476501495592828,0.016482555346603464
2022Q2,CM20,LA23,0.008069240110407121,0.037490082482158085
2022Q3,CM20,LA23,0.006234870601973221,0.028967512421905792
2022Q4,CM20,LA23,0.003048961966433536,0.014165625764330994
2023Q1,CM20,LA23,0.002976209048470893,0.013827612164795222
2023Q2,CM20,LA23,0.0070388253602337685,0.03270272537711809
2023Q3,CM20,LA23,0.007673152994260563,0.03564984245319885
2020Q3,CM21,LA23,0.2039232917315925,0.05841366656122907
2020Q4,CM21,LA23,0.03162634929643607,0.009059342886552529
2021Q2,CM21,LA23,0.06972598111977919,0.01997295246266536
2021Q3,CM21,LA23,0.12296536024275626,0.03522333074760281
2021Q4,CM21,LA23,0.046176721461533315,0.013227285551544845
2022Q1,CM21,LA23,0.03701679699372325,0.010603432390656474
2022Q2,CM21,LA23,0.042074821970588656,0.012052299667896544
2022Q3,CM21,LA23,0.10028135881200148,0.02872551637535045
2022Q4,CM21,LA23,0.030014717504565937,0.008597692227079609
2023Q2,CM21,LA23,0.040085838647184326,0.011482556958946408
2023Q3,CM21,LA23,0.06501552340640715,0.0186236455547431
2020Q3,CM22,LA23,0.04919589703994192,0.008027009587264456
2021Q3,CM22,LA23,0.03474155579020435,0.0056685784421826755
2022Q1,CM22,LA23,0.02473265895683047,0.004035484715398833
2022Q2,CM22,LA23,0.1078840054876716,0.017602808332957954
2022Q3,CM22,LA23,0.0706152996270404,0.011521889450528752
2023Q2,CM22,LA23,0.0427492936339153,0.006975154646933676
2023Q3,CM22,LA23,0.03209697721396247,0.005237077872764604
2019Q1,CM23,LA23,0.004105193641800207,0.01792657836476997
2019Q2,CM23,LA23,0.01228975157995191,0.0536669433905076
2019Q3,CM23,LA23,0.017643661616015573,0.07704642221512545
2019Q4,CM23,LA23,0.010259184210410466,0.04479985251703863
2020Q1,CM23,LA23,0.0038042155382318134,0.01661226580597612
2020Q3,CM23,LA23,0.0023368934721995373,0.010204757099139844
2023Q1,CM23,LA23,0.0008998877725240533,0.003929634039522818
2023Q2,CM23,LA23,0.0026003196812309577,0.01135508787317495
2019Q1,CM3,LA23,0.0025799660256622978,0.005945568837866427
2019Q2,CM3,LA23,0.01051520008469722,0.024232429933435704
2019Q3,CM3,LA23,0.02334974043166564,0.053809812881990535
2019Q4,CM3,LA23,0.012184717208488051,0.02807985617345645
2020Q1,CM3,LA23,0.008326470759346343,0.01918847170224544
2020Q3,CM3,LA23,0.018780804829720856,0.043280635029670576
2020Q4,CM3,LA23,0.004845970089815663,0.011167607816790723
2021Q2,CM3,LA23,0.008409957596517852,0.01938086832007746
2021Q3,CM3,LA23,0.02745907487700561,0.06327983325418224
2021Q4,CM3,LA23,0.00517351709472755,0.011922444603775421
2022Q1,CM3,LA23,0.0026096460512031643,0.006013966883890136
2022Q2,CM3,LA23,0.008982474621961542,0.02070024204506756
2022Q3,CM3,LA23,0.012201031810265273,0.028117453408057217
2022Q4,CM3,LA23,0.0034628369756834216,0.007980157648761959
2023Q2,CM3,LA23,0.003618327680314008,0.008338488215456992
2023Q3,CM3,LA23,0.003132811406270764,0.007219608974212916
2020Q3,CM4,LA23,0.011653412956723728,0.003788065990776071
2020Q4,CM4,LA23,0.013765360506427729,0.004474577034111291
2021Q2,CM4,LA23,0.018216798769958648,0.005921564449621321
2021Q3,CM4,LA23,0.010580868345383795,0.003439423942228159
2023Q3,CM4,LA23,0.013986230850488396,0.004546373291723914
2019Q3,CM5,LA23,0.0049539262229444285,0.002325533564806107
2020Q3,CM5,LA23,0.01648130777697471,0.007736860159470434
2021Q3,CM5,LA23,0.026537636310381238,0.012457626777842538
2022Q2,CM5,LA23,0.01957019567652546,0.009186884274698218
2023Q2,CM5,LA23,0.014804636938056255,0.006949776513578156
2023Q3,CM5,LA23,0.00801293407998644,0.0037615310194328354
2019Q1,CM6,LA23,0.0019888319527057133,0.003371098198578682
2019Q2,CM6,LA23,0.008475729951798933,0.014366481759948188
2019Q3,CM6,LA23,0.015059968744802596,0.02552685933931569
2019Q4,CM6,LA23,0.00685301370204385,0.01161595483940491
2020Q3,CM6,LA23,0.016175847433977538,0.02741828944923136
2020Q4,CM6,LA23,0.00812646333456023,0.01377446991973452
2021Q2,CM6,LA23,0.013621867287354436,0.02308925709444959
2021Q3,CM6,LA23,0.02839932591906813,0.04813725780922508
2021Q4,CM6,LA23,0.004683619268784715,0.00793880069070111
2022Q1,CM6,LA23,0.004569727980554704,0.007745753351501001
2022Q2,CM6,LA23,0.010949815573008243,0.01856009176779295
2022Q3,CM6,LA23,0.008009543476493394,0.01357628911196392
2022Q4,CM6,LA23,0.0032339580588607755,0.005481604502418076
2023Q1,CM6,LA23,0.002988729213904097,0.005065938152956868
2023Q3,CM6,LA23,0.01233485307444212,0.020907749859114127
2019Q1,CM7,LA23,0.004005667817975753,0.012939666706848952
2019Q2,CM7,LA23,0.005966915443503089,0.019275162248949908
2019Q3,CM7,LA23,0.010867807470074757,0.03510670701796618
2020Q1,CM7,LA23,0.003996312023311325,0.012909444314419871
2020Q3,CM7,LA23,0.015745600979675874,0.050863635736774784
2020Q4,CM7,LA23,0.003509743553909457,0.011337663000984977
2021Q2,CM7,LA23,0.016911852263849652,0.054631023248520434
2021Q3,CM7,LA23,0.01275376109260895,0.04119897737314985
2021Q4,CM7,LA23,0.005034894760198281,0.016264419083544764
2022Q1,CM7,LA23,0.0031300728723480283,0.010111197826883309
2022Q2,CM7,LA23,0.007617340292702916,0.0246065947200876
2022Q3,CM7,LA23,0.010121313537902571,0.03269527823257217
2023Q1,CM7,LA23,0.004283320049583931,0.013836577659200022
2023Q2,CM7,LA23,0.007143686401103378,0.023076531876584712
2023Q3,CM7,LA23,0.00795768530147631,0.025706024622663203
2019Q2,CM77,LA23,0.008185308357849785,0.010259779205930587
2019Q3,CM77,LA23,0.005682663637843085,0.007122868397490162
2019Q4,CM77,LA23,0.005448008248524243,0.006828742339113368
2020Q3,CM77,LA23,0.01619052966421151,0.020293830399508085
2021Q3,CM77,LA23,0.010701220221303716,0.013413319560444429
2022Q2,CM77,LA23,0.004943337648438072,0.006196168866955408
2022Q3,CM77,LA23,0.005194086659590728,0.006510467287743001
2023Q2,CM77,LA23,0.004253042406555433,0.005330926354518066
2023Q3,CM77,LA23,0.014922306117121038,0.018704190399637825
2019Q2,CM8,LA23,0.010440597447768615,0.02271248942232533
2019Q3,CM8,LA23,0.007368629164045986,0.016029725576786873
2019Q4,CM8,LA23,0.003264240501246925,0.007101033080472024
2020Q1,CM8,LA23,0.0019631043263737963,0.004270539734027879
2020Q3,CM8,LA23,0.020161295806241437,0.043858909418780116
2020Q4,CM8,LA23,0.005714257184877575,0.012430802597002374
2021Q2,CM8,LA23,0.017177902364299658,0.03736883140057061
2021Q3,CM8,LA23,0.03217437089541185,0.06999216877078167
2021Q4,CM8,LA23,0.011084451794852564,0.024113131015952492
2022Q2,CM8,LA23,0.021790241986549674,0.04740252108227695
2022Q3,CM8,LA23,0.01779776007507374,0.03871727068000208
2023Q1,CM8,LA23,0.007791794224291328,0.01695027940551189
2023Q2,CM8,LA23,0.016555020146733056,0.036013812605083996
2023Q3,CM8,LA23,0.012745404569020074,0.027726369865834974
2019Q1,CM9,LA23,0.004571383548193872,0.013651628185913924
2019Q2,CM9,LA23,0.010632262455650271,0.03175137073697013
2019Q3,CM9,LA23,0.012256154016848169,0.03660083558147564
2019Q4,CM9,LA23,0.005595903397067475,0.01671117545392584
2020Q1,CM9,LA23,0.0024311403749124236,0.007260170606157208
2020Q3,CM9,LA23,0.013793079057175622,0.04119059029773891
2020Q4,CM9,LA23,0.002642649151728753,0.007891804147450148
2021Q2,CM9,LA23,0.01263491355262137,0.03773193392396497
2021Q3,CM9,LA23,0.03533765456616784,0.10552965333442364
2021Q4,CM9,LA23,0.0056009635314945155,0.016726286650140382
2022Q1,CM9,LA23,0.001797655124752251,0.005368378984370372
2022Q2,CM9,LA23,0.010381918962944128,0.03100376418740866
2022Q3,CM9,LA23,0.014614273504526385,0.04364294222694838
2022Q4,CM9,LA23,0.0027339494719410217,0.008164456400679965
2023Q1,CM9,LA23,0.003224976200719866,0.009630820852484241
2023Q2,CM9,LA23,0.0083081596611299,0.02481084892729371
2023Q3,CM9,LA23,0.008018376173296262,0.023945461810107902
2019Q1,CO1,LA23,0.0009498680848233584,0.003477816502945484
2019Q2,CO1,LA23,0.004596535300723036,0.016829606742918266
2019Q3,CO1,LA23,0.01412025580991078,0.0516994511828996
2019Q4,CO1,LA23,0.001675919515660564,0.0061361578963426405
2020Q1,CO1,LA23,0.0025198824729625053,0.009226216766280564
2020Q3,CO1,LA23,0.007311798219648042,0.026771183199852718
2020Q4,CO1,LA23,0.0033666298089667637,0.012326470270985235
2021Q2,CO1,LA23,0.0046847072929630355,0.017152436843865266
2021Q3,CO1,LA23,0.010961585519483645,0.0401343972149542
2021Q4,CO1,LA23,0.004937157628639671,0.018076750396050355
2022Q2,CO1,LA23,0.007644580842991491,0.0279896228104146
2022Q3,CO1,LA23,0.002113323687691029,0.00773765548558699
2023Q1,CO1,LA23,0.0011758569491446516,0.00430524487365936
2023Q2,CO1,LA23,0.004182610747678765,0.015314076676636059
2023Q3,CO1,LA23,0.001429294653155441,0.005233173544556063
2019Q2,CO10,LA23,0.010802547346466271,0.036103612153880464
2019Q3,CO10,LA23,0.02018212535676381,0.0674514633402604
2019Q4,CO10,LA23,0.008853168486200704,0.029588517514186587
2020Q1,CO10,LA23,0.003336090342393024,0.011149676827981124
2020Q3,CO10,LA23,0.018527482178752608,0.061921416247106724
2020Q4,CO10,LA23,0.002746683878577696,0.00917979864202346
2021Q2,CO10,LA23,0.012512442648117942,0.041818319510823314
2021Q3,CO10,LA23,0.0355485759967642,0.11880827357167335
2021Q4,CO10,LA23,0.010963436165383306,0.036641324911045714
2022Q1,CO10,LA23,0.0030420469342015053,0.010166942957416377
2022Q2,CO10,LA23,0.012784225118476244,0.04272665423830308
2022Q3,CO10,LA23,0.01893161879650024,0.0632720969001394
2022Q4,CO10,LA23,0.0036561372950699904,0.012219318152373041
2023Q1,CO10,LA23,0.006382074585326934,0.02132977881750777
2023Q2,CO10,LA23,0.014720645473628016,0.04919843975583182
2023Q3,CO10,LA23,0.011534259397324258,0.038549095357537866
2019Q2,CO12,LA23,0.00767513158873383,0.008930066241425266
2019Q3,CO12,LA23,0.006935892941016418,0.008069957197558415
2019Q4,CO12,LA23,0.006148929404139038,0.007154319930281193
2020Q3,CO12,LA23,0.01630643878880154,0.018972649115162173
2021Q2,CO12,LA23,0.012541765305612546,0.014592426679423969
2021Q3,CO12,LA23,0.006240899242624392,0.007261327444144924
2021Q4,CO12,LA23,0.004501612884944275,0.005237656291758461
2022Q2,CO12,LA23,0.010348781791998937,0.012040875892767849
2022Q3,CO12,LA23,0.004675174884194001,0.005439596822989138
2023Q2,CO12,LA23,0.008835567240001061,0.010280240777838312
2023Q3,CO12,LA23,0.0032671042286266795,0.0038012973252605727
2019Q2,CO13,LA23,0.01719713121793991,0.006870966925665003
2020Q3,CO13,LA23,0.011948288303771405,0.0047738365610585755
2019Q1,CO15,LA23,0.0012528997566600454,0.003529946514766937
2019Q2,CO15,LA23,0.009600971194562416,0.027049981154892273
2019Q3,CO15,LA23,0.002171800694489841,0.0061188776289011326
2019Q4,CO15,LA23,0.0012193330678371517,0.003435375009271153
2020Q3,CO15,LA23,0.00693188051841352,0.019530028118118596
2021Q2,CO15,LA23,0.0016249818829927234,0.004578258638760337
2021Q3,CO15,LA23,0.004990453039186004,0.014060208902700372
2022Q2,CO15,LA23,0.0020184409602347826,0.005686798640489203
2022Q3,CO15,LA23,0.0009648626654152716,0.0027184246663841567
2023Q2,CO15,LA23,0.0008251297750172142,0.002324738238689552
2019Q2,CO16,LA23,0.012090220461684623,0.017686462179944663
2019Q3,CO16,LA23,0.018313161486749528,0.02678983721240464
2019Q4,CO16,LA23,0.0052645921923867465,0.007701431996096631
2020Q3,CO16,LA23,0.016010554193463818,0.023421414201672548
2020Q4,CO16,LA23,0.0018912932661816547,0.0027667226523713
2021Q2,CO16,LA23,0.00461183752332123,0.006746534539611299
2021Q3,CO16,LA23,0.02057968860221909,0.03010547948994718
2021Q4,CO16,LA23,0.006136892272218453,0.008977496598921624
2022Q2,CO16,LA23,0.012567071907671158,0.018384035486537418
2022Q3,CO16,LA23,0.012517301032245324,0.018311226995685544
2022Q4,CO16,LA23,0.0021622405741105683,0.003163084267912497
2023Q2,CO16,LA23,0.015681384352017894,0.02293988038928576
2023Q3,CO16,LA23,0.01099353133077717,0.01608214479810526
2019Q2,CO2,LA23,0.0060359090931056975,0.008591040408650243
2019Q3,CO2,LA23,0.009767504064284628,0.013902300517377135
2019Q4,CO2,LA23,0.005468440880592054,0.0077833505861017735
2020Q3,CO2,LA23,0.015942600598289742,0.022691449431423743
2020Q4,CO2,LA23,0.004822387642139943,0.00686380899061601
2021Q2,CO2,LA23,0.01200654232432974,0.01708917226641205
2021Q3,CO2,LA23,0.03465589484219149,0.049326487260597136
2021Q4,CO2,LA23,0.023652772050739925,0.03366550379239474
2022Q1,CO2,LA23,0.00892145777662777,0.012698104474539005
2022Q2,CO2,LA23,0.028344303179099983,0.04034306186698847
2022Q3,CO2,LA23,0.028321901112882224,0.04031117651995205
2022Q4,CO2,LA23,0.013545376319645808,0.019279428089029608
2023Q1,CO2,LA23,0.005761902868211008,0.008201041402041484
2023Q2,CO2,LA23,0.023773062510612127,0.033836715814576715
2023Q3,CO2,LA23,0.005915771028241786,0.00842004529359097
2019Q1,CO3,LA23,0.0018325699054695878,0.006849565422892256
2019Q2,CO3,LA23,0.007058319941707381,0.026381762612237816
2019Q3,CO3,LA23,0.015823414654084447,0.05914290830773556
2019Q4,CO3,LA23,0.005882503937758857,0.0219869350969047
2020Q1,CO3,LA23,0.0013621390453744287,0.0050912439839381545
2020Q3,CO3,LA23,0.014251816940462543,0.0532687742156106
2020Q4,CO3,LA23,0.007242012176069962,0.027068345957947267
2021Q2,CO3,LA23,0.012061631371907336,0.045082554800286716
2021Q3,CO3,LA23,0.03580408479330606,0.13382431986172408
2021Q4,CO3,LA23,0.008361188451478721,0.03125147212152835
2022Q1,CO3,LA23,0.0022098392448517954,0.008259678627543841
2022Q2,CO3,LA23,0.01104256117409192,0.04127359342335754
2022Q3,CO3,LA23,0.007100277445533459,0.02653858646194757
2022Q4,CO3,LA23,0.0068815916083947715,0.025721208121251973
2023Q1,CO3,LA23,0.0007777323380947357,0.0029069169560076336
2023Q2,CO3,LA23,0.004708777104125325,0.017599916237988664
2023Q3,CO3,LA23,0.005158451670257652,0.01928065722939156
2019Q1,CO4,LA23,0.003367411109665684,0.008931946103155303
2019Q2,CO4,LA23,0.009449636601107966,0.025064847167971603
2019Q3,CO4,LA23,0.014156150791441932,0.03754871970766045
2019Q4,CO4,LA23,0.006611967975457007,0.017538025405645856
2020Q1,CO4,LA23,0.0043069857562388816,0.011424136640566749
2020Q3,CO4,LA23,0.01695718393811194,0.04497836707901805
2020Q4,CO4,LA23,0.006607470316207113,0.017526095513897534
2021Q2,CO4,LA23,0.00892275626388863,0.02366731457643643
2021Q3,CO4,LA23,0.01987804563061548,0.05272585568750063
2021Q4,CO4,LA23,0.009116728040993128,0.02418181827147313
2022Q1,CO4,LA23,0.002076528387864445,0.0055079225666386155
2022Q2,CO4,LA23,0.011137321902913442,0.02954137636618716
2022Q3,CO4,LA23,0.016465957772400848,0.043675405992978665
2022Q4,CO4,LA23,0.003601916337101038,0.009553963428675356
2023Q1,CO4,LA23,0.002366968141243929,0.0062783043640832455
2023Q2,CO4,LA23,0.007327531932844602,0.01943603503161666
2023Q3,CO4,LA23,0.020722188125468204,0.054964915612724964
2019Q2,CO5,LA23,0.009413246374720474,0.015449137511701903
2019Q3,CO5,LA23,0.011762306733925832,0.019304444710513968
2019Q4,CO5,LA23,0.005393340731325076,0.008851618165383275
2020Q1,CO5,LA23,0.0014823812315160913,0.0024329025905409987
2020Q3,CO5,LA23,0.005918202985546084,0.009713028651986307
2021Q3,CO5,LA23,0.0033109407065833557,0.005433957237799022
2023Q1,CO5,LA23,0.002784756825064494,0.0045703776799690225
2023Q2,CO5,LA23,0.0034641613646478747,0.00568542489537879
2023Q3,CO5,LA23,0.009332186567118777,0.015316101143114562
2019Q2,CO6,LA23,0.04583808242042913,0.022617845614455317
2019Q3,CO6,LA23,0.02604446158846854,0.012851096298414444
2020Q3,CO6,LA23,0.028944591461480217,0.014282104889219147
2020Q4,CO6,LA23,0.010027955132853044,0.004948085282958299
2021Q2,CO6,LA23,0.04866670545340293,0.02401357064663468
2021Q3,CO6,LA23,0.06833885257554508,0.03372038129443702
2021Q4,CO6,LA23,0.026304992657295072,0.012979649919799387
2022Q1,CO6,LA23,0.027070027927454433,0.01335714061566597
2022Q2,CO6,LA23,0.06747798641730217,0.033295604845822536
2022Q3,CO6,LA23,0.04732038404711598,0.023349256432188763
2022Q4,CO6,LA23,0.014912692877735697,0.0073583572303646035
2023Q2,CO6,LA23,0.030430702878824833,0.015015395568682638
2023Q3,CO6,LA23,0.054392674281600065,0.026838930524508336
2019Q2,CO7,LA23,0.006088399372652942,0.005414580201504779
2019Q3,CO7,LA23,0.011572495351745777,0.010291736855341242
2020Q3,CO7,LA23,0.009526823080958823,0.008472464514909352
2021Q2,CO7,LA23,0.020131197241999133,0.017903224697892954
2021Q3,CO7,LA23,0.028992660579530545,0.02578396658208557
2021Q4,CO7,LA23,0.01439702225865621,0.01280366594091809
2022Q2,CO7,LA23,0.01162615339557057,0.010339456422334529
2022Q3,CO7,LA23,0.008119600231620479,0.0072209827193233265
2023Q2,CO7,LA23,0.014707100711910382,0.013079427196239892
2023Q3,CO7,LA23,0.016392207188208018,0.014578038506951753
2019Q2,CO9,LA23,0.015466741403036943,0.015755627276072416
2019Q3,CO9,LA23,0.006511045796292988,0.006632658300195504
2019Q4,CO9,LA23,0.01424388417270684,0.014509929670424969
2020Q3,CO9,LA23,0.01451082746850297,0.014781858899912462
2020Q4,CO9,LA23,0.007584355160565541,0.007726014803335597
2021Q2,CO9,LA23,0.011548970586404464,0.01176468082320065
2021Q3,CO9,LA23,0.02207970971269426,0.02249211178566543
2021Q4,CO9,LA23,0.007201010108559453,0.007335509680107212
2022Q2,CO9,LA23,0.012583171799657695,0.012818198718138772
2022Q3,CO9,LA23,0.0044196469252669995,0.004502196541068011
2023Q2,CO9,LA23,0.007081201471679934,0.007213463272403174
2023Q3,CO9,LA23,0.00693122774553869,0.007060688355650428
2019Q1,CR0,LA23,0.0020418202453967443,0.01873491890868653
2019Q2,CR0,LA23,0.005610669784419928,0.051481242617466665
2019Q3,CR0,LA23,0.009550707790825508,0.08763344196683119
2019Q4,CR0,LA23,0.004024588854599294,0.03692800382487657
2020Q1,CR0,LA23,0.0010282108087050332,0.009434447604069446
2020Q3,CR0,LA23,0.007245794934106142,0.06648449138727829
2020Q4,CR0,LA23,0.003789359411889251,0.034769633349295434
2021Q2,CR0,LA23,0.006436943539382155,0.05906279727708622
2021Q3,CR0,LA23,0.01565375033846857,0.14363249843820006
2021Q4,CR0,LA23,0.004984040045285842,0.045731540911395405
2022Q1,CR0,LA23,0.0018213734113736915,0.016712187687165092
2022Q2,CR0,LA23,0.007140535825982039,0.06551867627228387
2022Q3,CR0,LA23,0.007898845828318842,0.07247662295415028
2022Q4,CR0,LA23,0.003936295075101572,0.03611785572160422
2023Q1,CR0,LA23,0.001096686751929952,0.010062755236147705
2023Q2,CR0,LA23,0.004914886434498514,0.045097015275133184
2023Q3,CR0,LA23,0.004547228142324951,0.041723531098204834
2019Q1,CR2,LA23,0.003977527584478295,0.008148622180723103
2019Q2,CR2,LA23,0.015168686942634303,0.031075560445021286
2019Q3,CR2,LA23,0.0077921100139678925,0.015963424299615902
2019Q4,CR2,LA23,0.009922502332732844,0.02032788481777148
2020Q3,CR2,LA23,0.011701876130484677,0.023973225921813085
2020Q4,CR2,LA23,0.005173764541017592,0.010599311155325235
2021Q2,CR2,LA23,0.009037474034779284,0.018514758179149327
2021Q3,CR2,LA23,0.031824985154042404,0.06519873826630618
2021Q4,CR2,LA23,0.007056651039566876,0.014456715122990037
2022Q2,CR2,LA23,0.01159063438724786,0.02374532883823303
2022Q3,CR2,LA23,0.00982661279708106,0.02013143926698245
2022Q4,CR2,LA23,0.003483151207809097,0.0071358105224777375
2023Q2,CR2,LA23,0.009778615090608322,0.02003310803802659
2023Q3,CR2,LA23,0.004838804076214096,0.009913089321486943
2019Q2,CR3,LA23,0.011521130471163814,0.023605785255964788
2019Q3,CR3,LA23,0.015715235963539412,0.03219913934059046
2019Q4,CR3,LA23,0.004989747979621128,0.010223555716440229
2020Q1,CR3,LA23,0.003609380428568514,0.0073953037435972825
2020Q3,CR3,LA23,0.016814815504168797,0.03445208132166739
2020Q4,CR3,LA23,0.0033691385315016073,0.006903069179824122
2021Q2,CR3,LA23,0.01610534674087118,0.032998442087727994
2021Q3,CR3,LA23,0.03274220397728022,0.06708590253614215
2021Q4,CR3,LA23,0.009114476919465365,0.0186747633333253
2022Q1,CR3,LA23,0.0030841159400489915,0.0063190829031502345
2022Q2,CR3,LA23,0.013069575600907627,0.026778413437275942
2022Q3,CR3,LA23,0.00567850258405002,0.011634753456705295
2023Q2,CR3,LA23,0.004887976882214993,0.010015035669154418
2023Q3,CR3,LA23,0.010882343922881623,0.022296967677612592
2019Q2,CR4,LA23,0.006129824705764255,0.014836519494832046
2019Q3,CR4,LA23,0.009723252629266087,0.023533988998352164
2019Q4,CR4,LA23,0.002562594784547768,0.006202459173513614
2020Q3,CR4,LA23,0.0061153366429268635,0.014801452843329403
2020Q4,CR4,LA23,0.0021752407416354767,0.0052649142868440215
2021Q2,CR4,LA23,0.008416638467394905,0.020371483149433524
2021Q3,CR4,LA23,0.023027117967689182,0.055734429781678814
2021Q4,CR4,LA23,0.008814985514686907,0.021335635309820584
2022Q1,CR4,LA23,0.002121769334462422,0.005135493036968293
2022Q2,CR4,LA23,0.005199153370302511,0.01258393902562628
2022Q3,CR4,LA23,0.008071135509091245,0.019535233889063308
2022Q4,CR4,LA23,0.003945114446769081,0.009548685355356402
2023Q2,CR4,LA23,0.005613034010739757,0.013585688420614113
2023Q3,CR4,LA23,0.004450882265119354,0.010772836853482636
2019Q3,CR5,LA23,0.008646345570065467,0.006518709758405478
2020Q3,CR5,LA23,0.04121540762039326,0.031073391373794317
2021Q2,CR5,LA23,0.009631249672867987,0.007261255141770691
2021Q3,CR5,LA23,0.02006749302041215,0.015129416412846894
2021Q4,CR5,LA23,0.017492740795286343,0.01318824226945943
2022Q2,CR5,LA23,0.014017573319799012,0.010568221134405366
2022Q3,CR5,LA23,0.013006584122939795,0.00980600950524898
2023Q2,CR5,LA23,0.012861677589411596,0.009696760617784052
2019Q3,CR6,LA23,0.015312253172548463,0.011570259738890127
2020Q3,CR6,LA23,0.03922773328944975,0.02964129824737613
2021Q2,CR6,LA23,0.005565865187786978,0.00420568450434155
2021Q3,CR6,LA23,0.023792619250082445,0.0179782022599718
2021Q4,CR6,LA23,0.014265830711854638,0.010779560974286236
2022Q2,CR6,LA23,0.007284769090850609,0.005504524355049699
2022Q3,CR6,LA23,0.0062772908457294245,0.0047432526567583325
2022Q4,CR6,LA23,0.007416146014637425,0.005603795514870579
2023Q2,CR6,LA23,0.006841455698349284,0.005169547455231682
2023Q3,CR6,LA23,0.0055919874748909856,0.0042254230525069535
2019Q2,CR7,LA23,0.006354609115268311,0.014053918596142169
2019Q3,CR7,LA23,0.00718655987469637,0.015893869415604483
2019Q4,CR7,LA23,0.002707109186780884,0.00598707040067574
2020Q3,CR7,LA23,0.0037658456432441705,0.008328582790187175
2021Q2,CR7,LA23,0.002922616079509184,0.006463687651614735
2021Q3,CR7,LA23,0.014109359189542632,0.031204403275903164
2021Q4,CR7,LA23,0.002498402268823137,0.0055254920435770525
2022Q2,CR7,LA23,0.0028027992163645807,0.006198699450053536
2022Q3,CR7,LA23,0.0074118090389709455,0.016392032774064685
2023Q2,CR7,LA23,0.0020328328423450245,0.004495833932135571
2023Q3,CR7,LA23,0.0033803393812520412,0.007475993193240475
2019Q1,CR8,LA23,0.003186203245959925,0.006180334646998545
2019Q2,CR8,LA23,0.008742666768798915,0.01695830496905167
2019Q3,CR8,LA23,0.024295531266240143,0.04712647061745821
2019Q4,CR8,LA23,0.004958242019377195,0.009617589517999736
2020Q1,CR8,LA23,0.00539006930566325,0.01045521252348036
2020Q3,CR8,LA23,0.014919008390121903,0.028938663774587123
2020Q4,CR8,LA23,0.002432807207080878,0.004718959059016296
2021Q2,CR8,LA23,0.009645608864870855,0.01870975768245371
2021Q3,CR8,LA23,0.04656734505064666,0.09032750073309907
2021Q4,CR8,LA23,0.013107383895682985,0.02542462378215128
2022Q1,CR8,LA23,0.003765899228378633,0.0073047811710585065
2022Q2,CR8,LA23,0.009508288906072596,0.018443395735782096
2022Q3,CR8,LA23,0.012543865128823028,0.02433155648850812
2022Q4,CR8,LA23,0.0032829310671003927,0.006367959308131235
2023Q1,CR8,LA23,0.0054132541629847795,0.01050018460025282
2023Q2,CR8,LA23,0.007635049348687555,0.014809839918740348
2023Q3,CR8,LA23,0.008855385432046997,0.017176947348729998
2019Q1,CT1,LA23,0.0020398653556175524,0.008779749605396417
2019Q2,CT1,LA23,0.01131258382927017,0.04869029866972757
2019Q3,CT1,LA23,0.0054919348506286755,0.02363774290537544
2019Q4,CT1,LA23,0.0054512319513965075,0.0234625542526107
2020Q1,CT1,LA23,0.0019730407030605717,0.008492130760700524
2020Q3,CT1,LA23,0.00665373972631829,0.028638247409652123
2020Q4,CT1,LA23,0.0016936135359834474,0.007289453067721269
2021Q2,CT1,LA23,0.0017931449755008194,0.007717844635047353
2021Q3,CT1,LA23,0.005045042886834474,0.02171428284367488
2021Q4,CT1,LA23,0.0013132942464183332,0.0056525273151031155
2022Q1,CT1,LA23,0.0018705359192740735,0.008050941673135331
2022Q2,CT1,LA23,0.004114335734932283,0.01770844210171127
2022Q3,CT1,LA23,0.003435153349931969,0.014785184809127147
2022Q4,CT1,LA23,0.0013263971194687216,0.005708923167004272
2023Q1,CT1,LA23,0.0022213905430310075,0.009561049061350116
2023Q2,CT1,LA23,0.0059488555518729825,0.025604367484492657
2023Q3,CT1,LA23,0.003427526805874434,0.014752359531225709
2019Q2,CT10,LA23,0.00314276783674596,0.007209558944194631
2019Q3,CT10,LA23,0.0076309998629021155,0.01750563394198981
2019Q4,CT10,LA23,0.005702077802041159,0.013080656336601841
2020Q3,CT10,LA23,0.007599860257403341,0.017434199196248345
2020Q4,CT10,LA23,0.002644376559668881,0.006066241500460054
2021Q2,CT10,LA23,0.001614846991230078,0.0037044844461635897
2021Q3,CT10,LA23,0.005243651119875465,0.012029018303393757
2022Q2,CT10,LA23,0.0024633382054330788,0.005650936662870007
2022Q3,CT10,LA23,0.0026866419553914105,0.0061631989843055025
2023Q2,CT10,LA23,0.002528958305279691,0.0058014702060215535
2023Q3,CT10,LA23,0.003801301153842557,0.008720244751403275
2019Q2,CT11,LA23,0.004052461522551236,0.004876867444339532
2019Q3,CT11,LA23,0.005934049489568175,0.007141233200545155
2019Q4,CT11,LA23,0.0063340025867146005,0.007622550105809247
2020Q3,CT11,LA23,0.007830176836111844,0.009423096131314982
2021Q2,CT11,LA23,0.01266542172995958,0.015241991209526509
2021Q3,CT11,LA23,0.02456139786653561,0.02955800591226058
2022Q2,CT11,LA23,0.002754070898782059,0.003314340834806365
2022Q3,CT11,LA23,0.007858414474035656,0.00945707824720414
2023Q2,CT11,LA23,0.003238796989780612,0.003897676390112164
2023Q3,CT11,LA23,0.007341785860191265,0.008835350131181018
2019Q2,CT12,LA23,0.0057650893514690285,0.012088306250264205
2019Q3,CT12,LA23,0.007759669373398287,0.0162705647853545
2019Q4,CT12,LA23,0.0024459156471804857,0.005128624311416229
2020Q1,CT12,LA23,0.0020781300425560226,0.0043574471878550436
2020Q3,CT12,LA23,0.003717889712752136,0.007795714292095487
2021Q2,CT12,LA23,0.004726869140552288,0.00991135406450537
2021Q3,CT12,LA23,0.011397146932579802,0.02389766994074038
2021Q4,CT12,LA23,0.004277740366857029,0.008969615640130307
2022Q2,CT12,LA23,0.004909244732419791,0.010293761321819743
2022Q3,CT12,LA23,0.009382188015813392,0.019672680702478827
2023Q1,CT12,LA23,0.001737516297714428,0.0036432443351888727
2023Q2,CT12,LA23,0.004957243753762117,0.010394406226751036
2023Q3,CT12,LA23,0.003272657411335384,0.006862146036008668
2020Q3,CT13,LA23,0.02179787095183362,0.0058011809965246245
2021Q3,CT13,LA23,0.022810948296874904,0.006070796550036685
2019Q2,CT14,LA23,0.005097989050505796,0.008946768089872917
2019Q3,CT14,LA23,0.01005075209343906,0.01763867031057715
2019Q4,CT14,LA23,0.0037995243467714547,0.006668014161195075
2020Q3,CT14,LA23,0.010633839663701206,0.01866196581308619
2020Q4,CT14,LA23,0.00498016028975191,0.00873998329956868
2021Q2,CT14,LA23,0.0040831785487961065,0.00716581600778412
2021Q3,CT14,LA23,0.024899689079339846,0.043697964333739125
2021Q4,CT14,LA23,0.0041420929291730475,0.007269208402936237
2022Q2,CT14,LA23,0.010528576557503245,0.018477233246922797
2022Q3,CT14,LA23,0.006157871113147217,0.010806818969371794
2022Q4,CT14,LA23,0.0023257584622651604,0.00408161363015901
2023Q2,CT14,LA23,0.005053576671452409,0.008868826130450551
2023Q3,CT14,LA23,0.0058067331663271575,0.010190585833790322
2020Q3,CT15,LA23,0.012274100918018872,0.003934912112841772
2021Q4,CT15,LA23,0.02342054432744589,0.0075083123545222905
2023Q2,CT15,LA23,0.01687449249007019,0.005409735942431219
2019Q2,CT16,LA23,0.004367329366542068,0.0076417825373550265
2019Q3,CT16,LA23,0.007035031594751922,0.012309623817789122
2020Q3,CT16,LA23,0.005823987342825429,0.010190585833790322
2020Q4,CT16,LA23,0.0022365146081452657,0.0039133660053205606
2021Q2,CT16,LA23,0.002750014230046813,0.004811867609904739
2021Q3,CT16,LA23,0.010979478919728013,0.019211463857251296
2022Q2,CT16,LA23,0.0078009216319246235,0.013649748324183886
2022Q3,CT16,LA23,0.003947918313005358,0.006907913438897683
2022Q4,CT16,LA23,0.003555655344411861,0.006221547000310928
2023Q2,CT16,LA23,0.0047528156442212775,0.008316291386567691
2023Q3,CT16,LA23,0.004356048655446943,0.00762204398918962
2019Q2,CT17,LA23,0.003635118598518922,0.003272694667248589
2019Q3,CT17,LA23,0.007771768560765102,0.006996917661577583
2021Q3,CT17,LA23,0.01066579325624557,0.009602406019410963
2021Q4,CT17,LA23,0.0032268262921635355,0.0029051093966518267
2022Q2,CT17,LA23,0.0026612081344804146,0.002395883774934086
2022Q3,CT17,LA23,0.0047226666733939495,0.004251813419101726
2023Q3,CT17,LA23,0.008468371130656255,0.007624068455668123
2019Q2,CT18,LA23,0.0164779223282368,0.004349855438560658
2019Q3,CT18,LA23,0.023281138855464515,0.006145774112115529
2019Q4,CT18,LA23,0.017555963322285203,0.004634437583538796
2021Q3,CT18,LA23,0.028373348754180964,0.007490019853841531
2023Q2,CT18,LA23,0.014590528911065166,0.0038516197777262204
2019Q1,CT19,LA23,0.002172015222362101,0.006425584300394339
2019Q2,CT19,LA23,0.005052744169314409,0.014947792848775482
2019Q3,CT19,LA23,0.006840952221148729,0.020237940664226555
2019Q4,CT19,LA23,0.003245032925804008,0.00959994773868707
2020Q3,CT19,LA23,0.007125166025661438,0.0210787449741734
2020Q4,CT19,LA23,0.002970570717129341,0.008787992076058893
2021Q2,CT19,LA23,0.003911391974736761,0.01157127197212938
2021Q3,CT19,LA23,0.010381612473411222,0.030712457921626926
2021Q4,CT19,LA23,0.0023880900564576253,0.0070648095909816655
2022Q1,CT19,LA23,0.0019091376162619477,0.005647899963152252
2022Q2,CT19,LA23,0.0075940247087615985,0.02246579372144489
2022Q3,CT19,LA23,0.004203279967452839,0.012434779227585149
2022Q4,CT19,LA23,0.0015346910001350926,0.004540155287539942
2023Q1,CT19,LA23,0.004032737020691323,0.011930253260192505
2023Q2,CT19,LA23,0.003461865402683941,0.010241414402875595
2023Q3,CT19,LA23,0.0044879825737619405,0.013277029585016632
2019Q1,CT2,LA23,0.003207442818990979,0.0047800545652425495
2019Q2,CT2,LA23,0.0075397126248876,0.011236439677059827
2019Q3,CT2,LA23,0.01813545185025712,0.02702727820938335
2019Q4,CT2,LA23,0.004576447257917156,0.006820282961328194
2020Q3,CT2,LA23,0.010184378085754557,0.015177786701208269
2021Q2,CT2,LA23,0.005530840032832309,0.00824261526722503
2021Q3,CT2,LA23,0.030267621778594718,0.04510786063126801
2021Q4,CT2,LA23,0.008433364257356952,0.012568249410417882
2022Q1,CT2,LA23,0.002863857538798364,0.00426800915092975
2022Q2,CT2,LA23,0.017259459783163386,0.02572178654024583
2022Q3,CT2,LA23,0.01766548424093407,0.026326885110195538
2022Q4,CT2,LA23,0.007119036549689894,0.01060950579009198
2023Q3,CT2,LA23,0.0174786033458053,0.02604837636465291
2020Q3,CT20,LA23,0.002312386352511659,0.002283959699622563
2021Q3,CT20,LA23,0.017114177166506008,0.016903788978880552
2022Q3,CT20,LA23,0.004609107420290104,0.004552446691159424
2023Q3,CT20,LA23,0.006910733039830817,0.006825777941769846
2019Q1,CT21,LA23,0.006099101991695242,0.007413379337155346
2019Q2,CT21,LA23,0.010371798557303169,0.01260678657588367
2019Q3,CT21,LA23,0.014472228639262416,0.0175908061388354
2019Q4,CT21,LA23,0.002439153025557268,0.002964758855393434
2020Q3,CT21,LA23,0.011397248112420393,0.013853207205273438
2021Q2,CT21,LA23,0.005506341111322648,0.006692886177930971
2021Q4,CT21,LA23,0.006064482138973029,0.007371299355352177
2022Q2,CT21,LA23,0.011951582145956988,0.014526993030743781
2022Q3,CT21,LA23,0.008677091333839527,0.010546891934006855
2022Q4,CT21,LA23,0.005239732554791794,0.006368826936622022
2023Q2,CT21,LA23,0.0065465427686307795,0.007957237796130334
2023Q3,CT21,LA23,0.010054628360198634,0.012221270316477309
2020Q3,CT3,LA23,0.08203518912672683,0.01908681456407489
2021Q3,CT4,LA23,0.041214225099599135,0.0044154336919893095
2019Q1,CT5,LA23,0.002240702887236957,0.0058862808909959825
2019Q2,CT5,LA23,0.004961847350649518,0.01303467202659013
2019Q3,CT5,LA23,0.008692342978308641,0.0228346081324036
2019Q4,CT5,LA23,0.004116230543453179,0.010813253880678464
2020Q1,CT5,LA23,0.002122656718571904,0.00557617600791386
2020Q3,CT5,LA23,0.014803138174824943,0.03888754277131904
2020Q4,CT5,LA23,0.0017145731226761835,0.004504148705172279
2021Q2,CT5,LA23,0.010521604463033615,0.027640040831001668
2021Q3,CT5,LA23,0.02296492018475955,0.060328378035647535
2021Q4,CT5,LA23,0.010107988743122584,0.02655348075103941
2022Q1,CT5,LA23,0.003737954362028025,0.009819530049230413
2022Q2,CT5,LA23,0.007663147727420087,0.020130933150362827
2022Q3,CT5,LA23,0.009083444880087705,0.023862024870243883
2022Q4,CT5,LA23,0.005184756168560049,0.013620248955497127
2023Q1,CT5,LA23,0.002379281217670285,0.006250323345255364
2023Q2,CT5,LA23,0.0064559612028647385,0.016959678714162086
2023Q3,CT5,LA23,0.009208316754005479,0.02419006074213561
2019Q2,CT6,LA23,0.0035730460729026686,0.007079270065828118
2019Q3,CT6,LA23,0.010954733298439392,0.021704594325527758
2019Q4,CT6,LA23,0.0020070467456856553,0.003976558280399548
2020Q3,CT6,LA23,0.006576810354632839,0.013030623093633124
2020Q4,CT6,LA23,0.0025269907816232035,0.0050067225084606546
2021Q2,CT6,LA23,0.007750078230785852,0.015355216727574212
2021Q3,CT6,LA23,0.010879120998996482,0.021554783806118537
2021Q4,CT6,LA23,0.0027807590877650967,0.005509513218871724
2022Q2,CT6,LA23,0.006657166669002189,0.01318983292169254
2022Q3,CT6,LA23,0.01051051103921229,0.020824457523998568
2022Q4,CT6,LA23,0.0028663703109760392,0.005679134588820584
2023Q2,CT6,LA23,0.0006827367327593759,0.0013527051195111755
2023Q3,CT6,LA23,0.0053557738974128535,0.010611385651822021
2021Q3,CT7,LA23,0.017852739981979518,0.0047637142286660605
2022Q2,CT7,LA23,0.014596835485979372,0.0038949288998913383
2019Q2,CT9,LA23,0.005362029260143419,0.010331141649297815
2019Q3,CT9,LA23,0.004375355534309543,0.008430095323609254
2020Q3,CT9,LA23,0.008297320738283069,0.015986633361744457
2020Q4,CT9,LA23,0.001363022974546003,0.002626166836863805
2021Q2,CT9,LA23,0.01207270899884553,0.023260758326128488
2021Q3,CT9,LA23,0.015753981802655574,0.030353548935938036
2021Q4,CT9,LA23,0.008437555770932106,0.016256827334250375
2022Q1,CT9,LA23,0.002926247688236407,0.005638066840256665
2022Q2,CT9,LA23,0.009258476716672109,0.01783851407295509
2022Q3,CT9,LA23,0.008692620667082904,0.016748266571906985
2022Q4,CT9,LA23,0.0023369753527566453,0.004502702657687636
2023Q2,CT9,LA23,0.0027183906248585557,0.00523758398938423
2023Q3,CT9,LA23,0.006764454638832181,0.013033225979105485
2019Q1,CV1,LA23,0.00991761525035854,0.02853138450053685
2019Q2,CV1,LA23,0.0189772798256198,0.054594582851907374
2019Q3,CV1,LA23,0.01779006729990736,0.05117916329792432
2019Q4,CV1,LA23,0.007752569672063565,0.022302896472299636
2020Q1,CV1,LA23,0.009598481827023587,0.027613288952535738
2020Q3,CV1,LA23,0.01017673208722918,0.029276821978871364
2020Q4,CV1,LA23,0.0048715724611852855,0.014014730709308287
2021Q2,CV1,LA23,0.009926185458057173,0.02855603961015005
2021Q3,CV1,LA23,0.018453089731865102,0.05308657223254533
2021Q4,CV1,LA23,0.007314735102216485,0.0210433168107996
2022Q1,CV1,LA23,0.0052177987991804285,0.015010768216731769
2022Q2,CV1,LA23,0.014138806964255913,0.040675074369462966
2022Q3,CV1,LA23,0.011071150127049966,0.031849918873048694
2022Q4,CV1,LA23,0.005445173195220066,0.01566488779641094
2023Q1,CV1,LA23,0.006980094880787527,0.02008061069789718
2023Q2,CV1,LA23,0.013663600257025064,0.03930798107747957
2023Q3,CV1,LA23,0.01247472898143547,0.03588778956679719
2019Q1,CV10,LA23,0.0041477260464493695,0.006915071373946676
2019Q2,CV10,LA23,0.00959101746665715,0.015990103875707606
2019Q3,CV10,LA23,0.014876407249124613,0.02480188343288891
2019Q4,CV10,LA23,0.0054989754913032434,0.009167868750275138
2020Q1,CV10,LA23,0.003668556808494736,0.006116202441054539
2020Q3,CV10,LA23,0.021857689243576502,0.03644104733442237
2020Q4,CV10,LA23,0.010530837953191216,0.017556968627694704
2021Q2,CV10,LA23,0.01246126245215715,0.020775364211894874
2021Q3,CV10,LA23,0.037563372822519966,0.06262549676738037
2021Q4,CV10,LA23,0.013599186394114938,0.022672506209374898
2022Q1,CV10,LA23,0.010984376906085554,0.018313106857415586
2022Q2,CV10,LA23,0.016616274264918074,0.027702582384712567
2022Q3,CV10,LA23,0.0246914620298621,0.041165501373880316
2022Q4,CV10,LA23,0.015267887085400882,0.025454556965083436
2023Q1,CV10,LA23,0.018761845708357976,0.031279670047478926
2023Q2,CV10,LA23,0.013226658223780037,0.022051428814719862
2023Q3,CV10,LA23,0.025490597838332556,0.042497817223858
2019Q1,CV11,LA23,0.006323342713068266,0.023204579381350027
2019Q2,CV11,LA23,0.010713161701470228,0.03931376526741815
2019Q3,CV11,LA23,0.018766203785695112,0.06886577008261746
2019Q4,CV11,LA23,0.01164245889408867,0.04272397905045648
2020Q1,CV11,LA23,0.006116917604153721,0.02244706740651874
2020Q3,CV11,LA23,0.020875396716344245,0.0766058115465541
2020Q4,CV11,LA23,0.006702599840251245,0.02459632778294662
2021Q2,CV11,LA23,0.015947713926447754,0.058522843146319774
2021Q3,CV11,LA23,0.02509906289922207,0.09210527151072166
2021Q4,CV11,LA23,0.010140601458551772,0.03721265827222895
2022Q1,CV11,LA23,0.004376499968298284,0.01606030948108712
2022Q2,CV11,LA23,0.01834194570893107,0.0673088830582744
2022Q3,CV11,LA23,0.009605535439386716,0.03524914269520372
2022Q4,CV11,LA23,0.003971373205913929,0.014573628062123584
2023Q1,CV11,LA23,0.007460345689611222,0.027377004793544744
2023Q2,CV11,LA23,0.010081670705400734,0.03699640187090028
2023Q3,CV11,LA23,0.006584639820486868,0.02416345346841814
2019Q2,CV12,LA23,0.003359459247406661,0.0019740717236631368
2019Q3,CV12,LA23,0.007018775733429228,0.004124344333330268
2020Q3,CV12,LA23,0.015484175001699319,0.009098747680509106
2021Q2,CV12,LA23,0.011148487879373257,0.006551028919687294
2021Q3,CV12,LA23,0.028650700866521668,0.016835607839979543
2021Q4,CV12,LA23,0.014147183309126312,0.008313110082101472
2022Q1,CV12,LA23,0.005984717369322515,0.0035167151802824354
2022Q2,CV12,LA23,0.021817967047243963,0.012820584696488436
2022Q3,CV12,LA23,0.016730729652670896,0.009831243033856038
2022Q4,CV12,LA23,0.020455382287115718,0.012019908204240494
2023Q1,CV12,LA23,0.016773302736200275,0.009856259655340396
2023Q2,CV12,LA23,0.005170783994909628,0.003038434974736097
2023Q3,CV12,LA23,0.011649029219828529,0.006845154978064089
2019Q3,CV13,LA23,0.019975927097242045,0.0026034638913548787
2020Q3,CV13,LA23,0.05235026551130986,0.006822813544426324
2021Q3,CV13,LA23,0.04396390442685618,0.0057298185531573925
2021Q4,CV13,LA23,0.056270224988901295,0.007333702120751406
2022Q2,CV13,LA23,0.049817769754841576,0.0064927532060561
2022Q3,CV13,LA23,0.045581595034931005,0.005940652276418635
2023Q3,CV13,LA23,0.039384885812641685,0.005133034756244396
2019Q1,CV2,LA23,0.005619028339624769,0.02228973744018936
2019Q2,CV2,LA23,0.012650810743197884,0.05018363190712047
2019Q3,CV2,LA23,0.011510090667179214,0.04565858781579506
2019Q4,CV2,LA23,0.005472521860899227,0.02170857095611053
2020Q1,CV2,LA23,0.005581098508543922,0.02213927619941205
2020Q3,CV2,LA23,0.014666614490539276,0.05817998528771045
2020Q4,CV2,LA23,0.00663978005996149,0.02633888730431809
2021Q2,CV2,LA23,0.007562143876322038,0.02999774895234113
2021Q3,CV2,LA23,0.025834589381943617,0.10248145753916617
2021Q4,CV2,LA23,0.012469564111641927,0.049464657097754966
2022Q1,CV2,LA23,0.004644116852429965,0.018422428047254743
2022Q2,CV2,LA23,0.009982271238688152,0.03959798590052513
2022Q3,CV2,LA23,0.01327166794459477,0.05264646768059362
2022Q4,CV2,LA23,0.0063006899218413116,0.0249937739341013
2023Q1,CV2,LA23,0.00581183071981372,0.02305455195481811
2023Q2,CV2,LA23,0.011127948986044635,0.0441426962376417
2023Q3,CV2,LA23,0.011840468426992498,0.04696914065112884
2019Q1,CV21,LA23,0.006935833840718765,0.021121981793964285
2019Q2,CV21,LA23,0.012504914250790441,0.0380817328105006
2019Q3,CV21,LA23,0.016453415932265708,0.050106268366691964
2019Q4,CV21,LA23,0.008543496942892529,0.026017864762726897
2020Q1,CV21,LA23,0.006395419339556831,0.0194762351516898
2020Q3,CV21,LA23,0.01499254937084778,0.04565743097780735
2020Q4,CV21,LA23,0.007836128976649726,0.023863687824851224
2021Q2,CV21,LA23,0.003951018329270859,0.012032199607859976
2021Q3,CV21,LA23,0.009746739492707431,0.02968214908881736
2021Q4,CV21,LA23,0.00882664356185647,0.026880142877820718
2022Q1,CV21,LA23,0.0037451755331600616,0.011405338023266364
2022Q2,CV21,LA23,0.0017849680619610112,0.005435837099529061
2022Q3,CV21,LA23,0.006853093108948738,0.02087000801976489
2022Q4,CV21,LA23,0.004690366716085893,0.01428376784382649
2023Q1,CV21,LA23,0.007837126138983828,0.02386672452456898
2023Q2,CV21,LA23,0.009719768625766042,0.029600013591689518
2023Q3,CV21,LA23,0.013509650270238286,0.04114149698563521
2019Q1,CV22,LA23,0.010793952370219987,0.02988943999574122
2019Q2,CV22,LA23,0.02058808126855361,0.0570102774773811
2019Q3,CV22,LA23,0.026949122588436517,0.07462458188784198
2019Q4,CV22,LA23,0.01786512110483426,0.04947015207819662
2020Q1,CV22,LA23,0.010115810324575135,0.028011602732181208
2020Q3,CV22,LA23,0.0319980326816218,0.08860547508600958
2020Q4,CV22,LA23,0.015539876159013503,0.043031336443317775
2021Q2,CV22,LA23,0.020332616083947527,0.056302871047892764
2021Q3,CV22,LA23,0.05673992980854045,0.15711804807050248
2021Q4,CV22,LA23,0.01924895177929643,0.05330210561013166
2022Q1,CV22,LA23,0.00670951212464096,0.018579251896964497
2022Q2,CV22,LA23,0.027428798682712724,0.07595284880486265
2022Q3,CV22,LA23,0.035645330846183335,0.09870517683538996
2022Q4,CV22,LA23,0.012473066749987785,0.03453906107786879
2023Q1,CV22,LA23,0.013039377501104031,0.036107227272592066
2023Q2,CV22,LA23,0.018028520647481942,0.04992262033614204
2023Q3,CV22,LA23,0.01143326809436962,0.031659763628817866
2019Q2,CV23,LA23,0.02008267644391729,0.004623230715532797
2019Q3,CV23,LA23,0.044851300255697286,0.010325212854610771
2019Q4,CV23,LA23,0.0099321983620168,0.0022864902827206914
2020Q3,CV23,LA23,0.07440009289716032,0.017127637129503603
2021Q2,CV23,LA23,0.017168720701354934,0.003952409287405975
2021Q3,CV23,LA23,0.12640688503503028,0.02910011497624774
2021Q4,CV23,LA23,0.0457442056422143,0.010530768504553062
2022Q1,CV23,LA23,0.016085802033500327,0.003703110701053176
2022Q2,CV23,LA23,0.031735986841851485,0.007305938009046222
2022Q3,CV23,LA23,0.0507423401202416,0.011681388488085096
2023Q2,CV23,LA23,0.024469313634730868,0.005633077976434641
2019Q1,CV3,LA23,0.004611508902582783,0.009484770056535093
2019Q2,CV3,LA23,0.00993431410446623,0.020432506353285543
2019Q3,CV3,LA23,0.02028734177130126,0.04172620628605142
2019Q4,CV3,LA23,0.012127542142094409,0.024943451481635653
2020Q1,CV3,LA23,0.0032799990711796325,0.0067461730277401395
2020Q3,CV3,LA23,0.008745843941040467,0.017988107685241617
2020Q4,CV3,LA23,0.006563654108313958,0.01349986550240043
2021Q2,CV3,LA23,0.0059921281997427295,0.0123243735021325
2021Q3,CV3,LA23,0.017690234956235833,0.03638457918014698
2021Q4,CV3,LA23,0.011195059902534785,0.023025558702750974
2022Q1,CV3,LA23,0.005824691989721524,0.011979997293664292
2022Q2,CV3,LA23,0.0077170059064633895,0.015872034098586337
2022Q3,CV3,LA23,0.0071746925720109125,0.014756625371305409
2022Q4,CV3,LA23,0.00653180502028557,0.013434359551346012
2023Q1,CV3,LA23,0.012736190166513298,0.02619529478909284
2023Q2,CV3,LA23,0.019984845742069164,0.0411040443557829
2023Q3,CV3,LA23,0.015942894151005086,0.03279071736655874
2019Q1,CV31,LA23,0.011222956899201721,0.03496701883094948
2019Q2,CV31,LA23,0.016117786075276672,0.050217686325383856
2019Q3,CV31,LA23,0.01504666436948898,0.04688042563794586
2019Q4,CV31,LA23,0.011663802254074191,0.036340547034239536
2020Q1,CV31,LA23,0.016556705327898557,0.05158521343161265
2020Q3,CV31,LA23,0.01742113073554185,0.05427847687176398
2020Q4,CV31,LA23,0.008637709969991162,0.02691224513197984
2021Q2,CV31,LA23,0.009936367007911536,0.030958430598765043
2021Q3,CV31,LA23,0.016732514371879916,0.052132976218796166
2021Q4,CV31,LA23,0.007106829977593302,0.0221425298062525
2022Q2,CV31,LA23,0.010043811025022636,0.031293190591460365
2022Q3,CV31,LA23,0.00580292837209904,0.01808000400289081
2022Q4,CV31,LA23,0.0027818950071802026,0.00866746401821373
2023Q1,CV31,LA23,0.007629407044834087,0.023770706971588552
2023Q2,CV31,LA23,0.007402614306340184,0.02306409586821677
2023Q3,CV31,LA23,0.009707253664296443,0.030244589257970036
2019Q1,CV32,LA23,0.0067335803822865465,0.018596170652534844
2019Q2,CV32,LA23,0.02392031125888671,0.06606087177665153
2019Q3,CV32,LA23,0.0307822537897516,0.0850115409700471
2019Q4,CV32,LA23,0.014941767743703304,0.0412647725337012
2020Q1,CV32,LA23,0.006263146067009304,0.017296969289955534
2020Q3,CV32,LA23,0.017048263121382766,0.047082293866802315
2020Q4,CV32,LA23,0.0047380110546838645,0.013084994479055777
2021Q2,CV32,LA23,0.00785703062087395,0.021698810135589174
2021Q3,CV32,LA23,0.013129565433975952,0.03626000218934482
2021Q4,CV32,LA23,0.00909899920468146,0.025128762466792912
2022Q1,CV32,LA23,0.009496521306254706,0.026226601717135402
2022Q2,CV32,LA23,0.009425677338469064,0.02603095149246293
2022Q3,CV32,LA23,0.02258181580544665,0.06236434059165349
2022Q4,CV32,LA23,0.01000596431037179,0.02763353361732077
2023Q1,CV32,LA23,0.002323216133529261,0.006416040386995682
2023Q2,CV32,LA23,0.0061343126725255095,0.016941169306358632
2023Q3,CV32,LA23,0.014599433773723603,0.04031934668824029
2019Q3,CV33,LA23,0.01196546808696119,0.004297147007745348
2019Q4,CV33,LA23,0.0087629593652192,0.003147033140832938
2020Q3,CV33,LA23,0.03664332746184307,0.013159682831637692
2021Q2,CV33,LA23,0.023278032685859932,0.008359817415855507
2021Q3,CV33,LA23,0.06573286557058627,0.023606580582081343
2021Q4,CV33,LA23,0.050055531430770565,0.017976394700615992
2022Q1,CV33,LA23,0.02309099989510754,0.008292648510193745
2022Q2,CV33,LA23,0.07499451193547574,0.026932706703887564
2022Q3,CV33,LA23,0.024865697473667646,0.008929993939051034
2022Q4,CV33,LA23,0.01796581824367196,0.0064520469693633425
2023Q1,CV33,LA23,0.014077187077490625,0.005055526611067424
2023Q2,CV33,LA23,0.031785508077489484,0.011415098843787715
2023Q3,CV33,LA23,0.035362082380736265,0.012699550522023649
2019Q1,CV34,LA23,0.013237831785819302,0.030569805337266692
2019Q2,CV34,LA23,0.015477340854955387,0.03574144956135111
2019Q3,CV34,LA23,0.02332003724264733,0.053852398980413316
2019Q4,CV34,LA23,0.015486389313195244,0.035762344947504236
2020Q1,CV34,LA23,0.005511293806673593,0.012727097726606136
2020Q3,CV34,LA23,0.03171885375233339,0.07324758317058877
2020Q4,CV34,LA23,0.008818959281729695,0.020365409749998013
2021Q2,CV34,LA23,0.021588776002603158,0.04985443919724103
2021Q3,CV34,LA23,0.0599736195473743,0.13849563165612136
2021Q4,CV34,LA23,0.028288893198090883,0.06532685807344572
2022Q1,CV34,LA23,0.021030307664802846,0.04856478174806038
2022Q2,CV34,LA23,0.02851466632047009,0.06584823049403447
2022Q3,CV34,LA23,0.02514973568928702,0.05807767742817181
2022Q4,CV34,LA23,0.01888350615569517,0.04360722485407765
2023Q1,CV34,LA23,0.0225071162400882,0.05197514013584717
2023Q2,CV34,LA23,0.02664777213546034,0.06153705682568807
2023Q3,CV34,LA23,0.02770249674696894,0.0639727069064499
2019Q1,CV35,LA23,0.02272718462070109,0.017459938841475026
2019Q2,CV35,LA23,0.10259500156969206,0.07881761347669289
2019Q3,CV35,LA23,0.05460585267990865,0.04195041594854563
2019Q4,CV35,LA23,0.04227631855389848,0.03247837110987542
2020Q1,CV35,LA23,0.037505101494739256,0.028812929945797237
2020Q3,CV35,LA23,0.04089020357742505,0.031413501742182826
2020Q4,CV35,LA23,0.02674812271513691,0.020548985478173697
2021Q2,CV35,LA23,0.08042582045900665,0.061786355412040875
2021Q3,CV35,LA23,0.170025052981555,0.13062009554287346
2021Q4,CV35,LA23,0.07850739516837422,0.06031254381569068
2022Q1,CV35,LA23,0.02145777133969392,0.016484724417830433
2022Q2,CV35,LA23,0.0773662596381094,0.059435877528124625
2022Q3,CV35,LA23,0.08260776570714354,0.06346261365624138
2022Q4,CV35,LA23,0.03602044887701327,0.027672359992283492
2023Q1,CV35,LA23,0.038085221858331214,0.029258601780564837
2023Q2,CV35,LA23,0.047897105133197934,0.03679648580614812
2023Q3,CV35,LA23,0.038436738658788036,0.029528651148322288
2019Q1,CV36,LA23,0.01406115285392228,0.0064593495091608
2019Q2,CV36,LA23,0.026087689722008152,0.011984046226621298
2019Q3,CV36,LA23,0.014903676205990224,0.006846384118426039
2019Q4,CV36,LA23,0.009247453208929569,0.004248053695641649
2020Q1,CV36,LA23,0.020999024955389682,0.009646438165318405
2020Q3,CV36,LA23,0.01729179629209651,0.007943428042651976
2020Q4,CV36,LA23,0.019317598284337583,0.00887403190139527
2021Q2,CV36,LA23,0.02832864759362097,0.01301348743094008
2021Q3,CV36,LA23,0.06866998149396371,0.03154530897040822
2021Q4,CV36,LA23,0.06584021737163426,0.03024538458408659
2022Q1,CV36,LA23,0.038302940488679764,0.017595433490786263
2022Q2,CV36,LA23,0.0316474309677485,0.014538055294001316
2022Q3,CV36,LA23,0.04144811966752784,0.019040251835069327
2022Q4,CV36,LA23,0.020197266323700138,0.00927812987097932
2023Q2,CV36,LA23,0.028777846481497282,0.013219838406998924
2023Q3,CV36,LA23,0.025229269702920058,0.011589709077558605
2019Q1,CV37,LA23,0.011906129930715166,0.03362768965067126
2019Q2,CV37,LA23,0.024528704263192817,0.06927890584898054
2019Q3,CV37,LA23,0.01133201699977126,0.03200616430376459
2019Q4,CV37,LA23,0.012048717393387729,0.0340304138751449
2020Q1,CV37,LA23,0.004585479683785536,0.012951235086726113
2020Q3,CV37,LA23,0.012870963228404373,0.036352766135484785
2020Q4,CV37,LA23,0.008053836515943073,0.022747266864331043
2021Q2,CV37,LA23,0.012207381144490879,0.034478543990636386
2021Q3,CV37,LA23,0.02574218244866274,0.0727062552947119
2021Q4,CV37,LA23,0.01863124072852191,0.05262210178047735
2022Q1,CV37,LA23,0.009392315523716431,0.026527668803438497
2022Q2,CV37,LA23,0.013388809149841228,0.03781537086382899
2022Q3,CV37,LA23,0.014317445199376215,0.040438211791478114
2022Q4,CV37,LA23,0.012985621979806605,0.03667660846967105
2023Q1,CV37,LA23,0.008792884998412891,0.024834636408416117
2023Q2,CV37,LA23,0.017284749175718657,0.0488190691982352
2023Q3,CV37,LA23,0.02538192511254228,0.07168874398214144
2019Q1,CV4,LA23,0.017957527696993106,0.032339333644226795
2019Q2,CV4,LA23,0.019171735183014498,0.03452597434813275
2019Q3,CV4,LA23,0.023459341381545352,0.04224743410189172
2019Q4,CV4,LA23,0.011572329185706451,0.02084036404632967
2020Q1,CV4,LA23,0.007340850423787637,0.013219983011747387
2020Q3,CV4,LA23,0.014826797096442162,0.02670126680397013
2020Q4,CV4,LA23,0.009651670787935813,0.017381490765433032
2021Q2,CV4,LA23,0.013676907316753022,0.024630454503584243
2021Q3,CV4,LA23,0.01659625669143673,0.029887849343508105
2021Q4,CV4,LA23,0.013820678669047523,0.02488936930570993
2022Q1,CV4,LA23,0.007088116365509534,0.012764839565955371
2022Q2,CV4,LA23,0.007881247631797688,0.014193172968913481
2022Q3,CV4,LA23,0.013159715872950235,0.02369905531872439
2022Q4,CV4,LA23,0.0048365951600709296,0.008710122419010759
2023Q1,CV4,LA23,0.0023300514386382816,0.004196140590942894
2023Q2,CV4,LA23,0.01933004024922428,0.03481106260973051
2023Q3,CV4,LA23,0.00939837465232397,0.016925335086401764
2019Q3,CV47,LA23,0.013192008035831702,0.006707202048028955
2019Q4,CV47,LA23,0.011417829001971923,0.005805157627107397
2020Q1,CV47,LA23,0.00675527626205844,0.003434579683154598
2020Q3,CV47,LA23,0.054025714042609904,0.027468250389825845
2020Q4,CV47,LA23,0.03023228946339789,0.01537097864515684
2021Q2,CV47,LA23,0.025510436254013467,0.012970250611149195
2021Q3,CV47,LA23,0.05574443220574146,0.028342096884796827
2021Q4,CV47,LA23,0.027342635891096617,0.013901794400757509
2022Q1,CV47,LA23,0.04718937958487175,0.023992458353358864
2022Q2,CV47,LA23,0.03609293921840185,0.018350704092016355
2022Q3,CV47,LA23,0.05366109436941205,0.027282867102294352
2022Q4,CV47,LA23,0.038757051916408346,0.01970521677088333
2023Q2,CV47,LA23,0.029560644098143025,0.015029494531657922
2023Q3,CV47,LA23,0.019945577809560047,0.010140914102692768
2019Q1,CV5,LA23,0.007142916917578054,0.021795044595692304
2019Q2,CV5,LA23,0.02468255588157825,0.07531340660715262
2019Q3,CV5,LA23,0.02729738150982219,0.08329197360368149
2019Q4,CV5,LA23,0.015431025568616929,0.04708439063565505
2020Q1,CV5,LA23,0.007857722807035297,0.023976118016782372
2020Q3,CV5,LA23,0.028337743260688074,0.08646640934434845
2020Q4,CV5,LA23,0.012656917132280048,0.038619807079537015
2021Q2,CV5,LA23,0.0251453101153252,0.07672539967353426
2021Q3,CV5,LA23,0.06478440793724709,0.19767541417471532
2021Q4,CV5,LA23,0.021464389155497,0.06549387655792221
2022Q1,CV5,LA23,0.01661683181160933,0.05070261834935956
2022Q2,CV5,LA23,0.019513684214908632,0.059541728204000666
2022Q3,CV5,LA23,0.03305006897919841,0.10084503790316764
2022Q4,CV5,LA23,0.015731155894011924,0.04800017250768073
2023Q1,CV5,LA23,0.012899324619157578,0.03935946036793293
2023Q2,CV5,LA23,0.02650599096761928,0.08087721890907278
2023Q3,CV5,LA23,0.019834856363211476,0.06052171458434458
2019Q1,CV6,LA23,0.004409074863098925,0.021199417636767026
2019Q2,CV6,LA23,0.009983933149951687,0.04800407683588928
2019Q3,CV6,LA23,0.009499243935963507,0.045673626709635366
2019Q4,CV6,LA23,0.008628692062787664,0.041487897660581925
2020Q1,CV6,LA23,0.0026793845913506468,0.012882837040702404
2020Q3,CV6,LA23,0.015648836082292204,0.07524168265191425
2020Q4,CV6,LA23,0.004867959699722879,0.02340579688883838
2021Q2,CV6,LA23,0.01216016245773183,0.058467676434780576
2021Q3,CV6,LA23,0.02083953094925926,0.10019923309652518
2021Q4,CV6,LA23,0.010980905419689909,0.05279765194511325
2022Q1,CV6,LA23,0.009898459909311678,0.04759311014075316
2022Q2,CV6,LA23,0.01959394342837725,0.0942102828341194
2022Q3,CV6,LA23,0.012993691966647344,0.062475397038474226
2022Q4,CV6,LA23,0.007564291571545253,0.03637011870530053
2023Q1,CV6,LA23,0.00480611039663485,0.02310841722362113
2023Q2,CV6,LA23,0.009677949775471931,0.04653286812501144
2023Q3,CV6,LA23,0.01201473464101305,0.057768440173580474
2019Q1,CV7,LA23,0.013184438064272743,0.011367813091039826
2019Q2,CV7,LA23,0.009197308221613285,0.00793005210341901
2019Q3,CV7,LA23,0.009197559791418487,0.007930269010541705
2019Q4,CV7,LA23,0.012200380842921054,0.010519344729424366
2020Q1,CV7,LA23,0.0048646053232068885,0.004194333031587087
2020Q3,CV7,LA23,0.024208394641463685,0.02087282781235995
2020Q4,CV7,LA23,0.013333870528563215,0.011496655921921695
2021Q2,CV7,LA23,0.008952446944549206,0.0077189291706608355
2021Q3,CV7,LA23,0.03498816079440443,0.030167298019915762
2021Q4,CV7,LA23,0.013478690879758306,0.011621522122220793
2022Q1,CV7,LA23,0.018825220093132054,0.016231376898520618
2022Q2,CV7,LA23,0.009939019863952923,0.008569566603503265
2022Q3,CV7,LA23,0.018946225169434613,0.01633570922453776
2023Q1,CV7,LA23,0.0067626995034621475,0.005830897272334079
2023Q2,CV7,LA23,0.010266731463530462,0.0088521242820029
2023Q3,CV7,LA23,0.018812222319863247,0.016220170030514625
2019Q1,CV8,LA23,0.02714640895182746,0.04494879540795706
2019Q2,CV8,LA23,0.023110590246704067,0.03826632077191554
2019Q3,CV8,LA23,0.03385810156686561,0.0560619595369509
2019Q4,CV8,LA23,0.023618255228372947,0.039106908174739684
2020Q1,CV8,LA23,0.011350281611487646,0.018793700738937352
2020Q3,CV8,LA23,0.04515925853493527,0.07477432010487697
2020Q4,CV8,LA23,0.02664332893687759,0.0441157997544273
2021Q2,CV8,LA23,0.038573150341648335,0.06386909760417507
2021Q3,CV8,LA23,0.07577958760388379,0.12547520319725494
2021Q4,CV8,LA23,0.0254521109169286,0.04214339098537151
2022Q1,CV8,LA23,0.025397964643294548,0.042053736041323515
2022Q2,CV8,LA23,0.05372284104095718,0.08895382792506057
2022Q3,CV8,LA23,0.054307358798106636,0.08992166750653346
2022Q4,CV8,LA23,0.02242956985670683,0.03713869294338936
2023Q1,CV8,LA23,0.013221559361740371,0.021892146684286216
2023Q2,CV8,LA23,0.026647171575651617,0.04412216236335974
2023Q3,CV8,LA23,0.03207310852362972,0.05310638308308496
2019Q1,CV9,LA23,0.009819948124213657,0.007154030720784264
2019Q2,CV9,LA23,0.017644267148901428,0.012854205300506431
2019Q3,CV9,LA23,0.009209488874602371,0.006709298816881691
2019Q4,CV9,LA23,0.02554282182937025,0.018608462056154323
2020Q1,CV9,LA23,0.006804670458518639,0.0049573399868600284
2020Q3,CV9,LA23,0.017181584492148412,0.01251713163183568
2020Q4,CV9,LA23,0.011423061156073694,0.008321930971757806
2021Q2,CV9,LA23,0.012794435877440743,0.009321005178899043
2021Q3,CV9,LA23,0.04835857500960721,0.035230199473154866
2021Q4,CV9,LA23,0.04662872543706215,0.033969969090286746
2022Q1,CV9,LA23,0.020185845904111217,0.014705796802220138
2022Q2,CV9,LA23,0.02066361388129033,0.01505386043177419
2022Q3,CV9,LA23,0.03430838545222311,0.024994352353095158
2022Q4,CV9,LA23,0.006865706458926855,0.005001805947012861
2023Q1,CV9,LA23,0.014299395081002041,0.010417398381756893
2023Q2,CV9,LA23,0.014702927402400104,0.010711379835385223
2023Q3,CV9,LA23,0.03150847058471643,0.02295455777125491
2019Q1,CW1,LA23,0.01821939823035462,0.06284746505627338
2019Q2,CW1,LA23,0.018135682536215742,0.06255868937358977
2019Q3,CW1,LA23,0.03681960435532998,0.1270085196475983
2019Q4,CW1,LA23,0.02159835564273496,0.07450311389913179
2020Q1,CW1,LA23,0.0179691943643216,0.061984391615063014
2020Q3,CW1,LA23,0.027910736968593263,0.09627755231816792
2020Q4,CW1,LA23,0.014062895152031352,0.0485096873388954
2021Q2,CW1,LA23,0.014134852081920885,0.04875790138963472
2021Q3,CW1,LA23,0.021259258872635096,0.07333340608880247
2021Q4,CW1,LA23,0.020718649162262008,0.07146858325260425
2022Q1,CW1,LA23,0.015342860744992066,0.052924904123762016
2022Q2,CW1,LA23,0.018571155060359317,0.06406084350063901
2022Q3,CW1,LA23,0.025294611046571096,0.08725327608311803
2022Q4,CW1,LA23,0.014966664130469109,0.05162722111104158
2023Q1,CW1,LA23,0.019016772400718026,0.06559799197681666
2023Q2,CW1,LA23,0.01864424384990921,0.06431296187958686
2023Q3,CW1,LA23,0.020988367127254288,0.07239897020422484
2019Q1,CW10,LA23,0.06852272720073854,0.05356485243809166
2019Q2,CW10,LA23,0.04587543610916495,0.03586125459545395
2019Q3,CW10,LA23,0.052759387566445985,0.04124250340243767
2019Q4,CW10,LA23,0.051967095411944685,0.040623161264764215
2020Q1,CW10,LA23,0.023656293556371027,0.01849234444313733
2020Q3,CW10,LA23,0.06156894378260665,0.0481290153385626
2020Q4,CW10,LA23,0.02786748451999989,0.0217842715419317
2021Q2,CW10,LA23,0.03906011420811086,0.030533654150150576
2021Q3,CW10,LA23,0.11787320516570188,0.0921425795358255
2021Q4,CW10,LA23,0.05302363910571873,0.041449071285619206
2022Q1,CW10,LA23,0.034910338372965415,0.02728973582784642
2022Q2,CW10,LA23,0.055277500326929095,0.04321093554091069
2022Q3,CW10,LA23,0.09112090468805807,0.07123005772001205
2022Q4,CW10,LA23,0.04918898577470425,0.038451487152324326
2023Q1,CW10,LA23,0.037225799707985945,0.029099753464376574
2023Q2,CW10,LA23,0.044456691145600205,0.034752208477105466
2023Q3,CW10,LA23,0.05498059887748371,0.04297884491962516
2019Q1,CW11,LA23,0.044025445447024136,0.07026713469998694
2019Q2,CW11,LA23,0.06792378351075777,0.10841025222621073
2019Q3,CW11,LA23,0.06244037088460928,0.09965841133726797
2019Q4,CW11,LA23,0.05026818693797086,0.08023090798581069
2020Q1,CW11,LA23,0.03580016795565806,0.05713912030826297
2020Q3,CW11,LA23,0.07907430274627614,0.12620712013160806
2020Q4,CW11,LA23,0.04151547441660563,0.06626107705090062
2021Q2,CW11,LA23,0.042865885671804,0.06841641082676403
2021Q3,CW11,LA23,0.0716406987569512,0.11434266203196687
2021Q4,CW11,LA23,0.04715204841322798,0.07525737226712265
2022Q1,CW11,LA23,0.034637980744919576,0.05528420289733458
2022Q2,CW11,LA23,0.05017337275624895,0.08007957911654259
2022Q3,CW11,LA23,0.05560559569040233,0.08874971832260291
2022Q4,CW11,LA23,0.0417058275898476,0.06656489162742454
2023Q1,CW11,LA23,0.027048180244090985,0.043170446211340634
2023Q2,CW11,LA23,0.05505442313951341,0.08787001533531913
2023Q3,CW11,LA23,0.04353329959407296,0.06948164170632777
2019Q1,CW12,LA23,0.03698100110072405,0.08141008740716446
2019Q2,CW12,LA23,0.034368410577593086,0.07565872274648586
2019Q3,CW12,LA23,0.03995526721836282,0.0879576458128886
2019Q4,CW12,LA23,0.053451626222060206,0.1176685712466504
2020Q1,CW12,LA23,0.02643026844728341,0.058183672708796284
2020Q2,CW12,LA23,0.0010213427136223495,0.002248386931500296
2020Q3,CW12,LA23,0.039364243578409314,0.08665656458857926
2020Q4,CW12,LA23,0.024176627485755785,0.05322250069610196
2021Q2,CW12,LA23,0.03105621491110845,0.06836724521228607
2021Q3,CW12,LA23,0.048509394253775484,0.10678872687930403
2021Q4,CW12,LA23,0.04975798301156778,0.10953737393811727
2022Q1,CW12,LA23,0.03411433117338747,0.07509939157942518
2022Q2,CW12,LA23,0.0558535239610677,0.12295611617662912
2022Q3,CW12,LA23,0.04826336157320355,0.10624710979393023
2022Q4,CW12,LA23,0.02601968847934461,0.05727982072851893
2023Q1,CW12,LA23,0.02753578974324536,0.06061737062545385
2023Q2,CW12,LA23,0.037817827514859945,0.08325227960022798
2023Q3,CW12,LA23,0.04795807873167158,0.10557505922544147
2019Q1,CW2,LA23,0.026704906628962827,0.049691686552844234
2019Q2,CW2,LA23,0.03550376762717715,0.06606434229061467
2019Q3,CW2,LA23,0.06597472990947133,0.12276379186117133
2019Q4,CW2,LA23,0.028470064292464133,0.05297623880946691
2020Q1,CW2,LA23,0.02133762745367969,0.039704414995394996
2020Q2,CW2,LA23,0.0030615934617473444,0.005696920972881718
2020Q3,CW2,LA23,0.05975467457761378,0.1111897000964469
2020Q4,CW2,LA23,0.035599897768488716,0.06624321836446526
2021Q2,CW2,LA23,0.03484049296582364,0.06483014076247016
2021Q3,CW2,LA23,0.06678868876161154,0.12427838199658853
2021Q4,CW2,LA23,0.03418879744032738,0.06361748534184686
2022Q1,CW2,LA23,0.045359749330534035,0.08440405642174773
2022Q2,CW2,LA23,0.04586705536325995,0.08534803621972399
2022Q3,CW2,LA23,0.05267694721294683,0.098019678025294
2022Q4,CW2,LA23,0.03563813223051402,0.0663143639007098
2023Q1,CW2,LA23,0.02294825416649541,0.04270142070969602
2023Q2,CW2,LA23,0.04420300142962636,0.08225161474085363
2023Q3,CW2,LA23,0.04294736460000488,0.07991516351753845
2020Q3,CW3,LA23,0.04349282921693446,0.0025287755387729638
2021Q4,CW3,LA23,0.07730842621181933,0.004494894001270552
2022Q1,CW3,LA23,0.12548318543595202,0.0072958879790279395
2022Q2,CW3,LA23,0.046274629330109084,0.0026905159499305076
2023Q3,CW3,LA23,0.12786083488449468,0.007434130118560002
2019Q1,CW4,LA23,0.04716271567552848,0.01901588593495306
2019Q2,CW4,LA23,0.057344647562969815,0.023121214743860245
2019Q3,CW4,LA23,0.061279341988370276,0.024707673439264288
2019Q4,CW4,LA23,0.07677280650184212,0.030954598572930737
2020Q1,CW4,LA23,0.051737232802133416,0.02086031950161777
2020Q2,CW4,LA23,0.004419044513952391,0.0017817474082053504
2020Q3,CW4,LA23,0.1537459162428225,0.06198995889787887
2020Q4,CW4,LA23,0.08773927435278389,0.035376250269104015
2021Q2,CW4,LA23,0.13132056093961955,0.05294811318589057
2021Q3,CW4,LA23,0.14952251258285387,0.060287093379960924
2021Q4,CW4,LA23,0.12483805234978153,0.050334382357394715
2022Q1,CW4,LA23,0.1087298702859372,0.0438396046848601
2022Q2,CW4,LA23,0.10844367156645224,0.043724210095585435
2022Q3,CW4,LA23,0.1867606241669692,0.07530140441303007
2022Q4,CW4,LA23,0.07062760354568277,0.028476868510365738
2023Q1,CW4,LA23,0.036645450701973815,0.014775351686231562
2023Q2,CW4,LA23,0.07253828484650503,0.02924725030781037
2023Q3,CW4,LA23,0.04595049553535406,0.018527121885143043
2019Q1,CW5,LA23,0.03506527295483258,0.08478451151495782
2019Q2,CW5,LA23,0.05626128340138819,0.1360344588372555
2019Q3,CW5,LA23,0.04141898063520531,0.10014717538707796
2019Q4,CW5,LA23,0.052580476043485536,0.12713461498825934
2020Q1,CW5,LA23,0.03692726652518551,0.0892866357536516
2020Q2,CW5,LA23,0.003259565252398034,0.00788132030318647
2020Q3,CW5,LA23,0.06449253415838646,0.1559368441826702
2020Q4,CW5,LA23,0.05075349876514268,0.12271715682979152
2021Q1,CW5,LA23,0.002146639243831913,0.00519037053901057
2021Q2,CW5,LA23,0.03800981119072667,0.09190412630560754
2021Q3,CW5,LA23,0.08412241029432242,0.203400026956928
2021Q4,CW5,LA23,0.06926168734378584,0.16746820524422334
2022Q1,CW5,LA23,0.051789514523452686,0.12522214488744207
2022Q2,CW5,LA23,0.048134722685659985,0.11638520410402795
2022Q3,CW5,LA23,0.046531269559986065,0.1125082061929462
2022Q4,CW5,LA23,0.038599705633495865,0.09333043524208716
2023Q1,CW5,LA23,0.04221786642285786,0.10207880561706677
2023Q2,CW5,LA23,0.0478125189739533,0.11560614602167545
2023Q3,CW5,LA23,0.029629464590891306,0.07164124132227086
2019Q1,CW6,LA23,0.03938395479951777,0.017595071978915102
2019Q2,CW6,LA23,0.07683912283859333,0.034328444261730234
2019Q3,CW6,LA23,0.10987578641940468,0.049087817123256466
2019Q4,CW6,LA23,0.08053194514936446,0.03597823983696174
2020Q1,CW6,LA23,0.04083175865577855,0.018241889018796816
2020Q3,CW6,LA23,0.13339377890589071,0.059594653541938665
2020Q4,CW6,LA23,0.10724462220130856,0.04791232512298855
2021Q2,CW6,LA23,0.10331033740970344,0.04615465440540253
2021Q3,CW6,LA23,0.11005704511815406,0.0491687957823966
2021Q4,CW6,LA23,0.12596524718151936,0.05627590226230413
2022Q1,CW6,LA23,0.10932391841696233,0.048841266027124505
2022Q2,CW6,LA23,0.1118013364173692,0.049948070771871786
2022Q3,CW6,LA23,0.08995367520748361,0.04018746715764067
2022Q4,CW6,LA23,0.07526152480697808,0.03362364071771426
2023Q1,CW6,LA23,0.07177504610415827,0.03206603066962889
2023Q2,CW6,LA23,0.0645376452040932,0.028832668493962644
2023Q3,CW6,LA23,0.051983052743839464,0.02322381181289581
2019Q1,CW7,LA23,0.019183758828278854,0.03558780701610758
2019Q2,CW7,LA23,0.02958748546227868,0.05488776897941915
2019Q3,CW7,LA23,0.03847543916168461,0.07137581930646426
2019Q4,CW7,LA23,0.01990791251742942,0.0369311851293428
2020Q1,CW7,LA23,0.016571427010786618,0.030741668080816763
2020Q2,CW7,LA23,0.00045694175735205703,0.0008476730354989054
2020Q3,CW7,LA23,0.03871969487588841,0.07182893828577779
2020Q4,CW7,LA23,0.012830382015802435,0.02380165238775996
2021Q2,CW7,LA23,0.015588363044078075,0.0289179852955567
2021Q3,CW7,LA23,0.025510165008199182,0.047323928401486484
2021Q4,CW7,LA23,0.011151810913308543,0.020687733734325392
2022Q1,CW7,LA23,0.01398018061556728,0.025934644729985582
2022Q2,CW7,LA23,0.01496819439489811,0.027767509916773132
2022Q3,CW7,LA23,0.016115225776582778,0.02989536879042827
2022Q4,CW7,LA23,0.007417352676853234,0.013759937142513836
2023Q1,CW7,LA23,0.01708570084977164,0.031695697908811306
2023Q2,CW7,LA23,0.020880959934185768,0.038736286204425166
2023Q3,CW7,LA23,0.022651862580791483,0.04202148918241593
2019Q1,CW8,LA23,0.043537718234589684,0.09108703717440887
2019Q2,CW8,LA23,0.058372703766477615,0.1221239158492159
2019Q3,CW8,LA23,0.05037736660235086,0.10539654466346204
2019Q4,CW8,LA23,0.060387806724740825,0.12633979498832426
2020Q1,CW8,LA23,0.05190556727144823,0.10859375565201217
2020Q2,CW8,LA23,0.0007036220177029067,0.0014720763393686214
2020Q3,CW8,LA23,0.0843259539492174,0.17642176975727414
2020Q4,CW8,LA23,0.043058488051903716,0.09008442015093024
2021Q2,CW8,LA23,0.032577388388300814,0.06815648379139908
2021Q3,CW8,LA23,0.09589680376430487,0.20062961688347086
2021Q4,CW8,LA23,0.07201125539596501,0.15065768632810242
2022Q1,CW8,LA23,0.05612142434117209,0.1174139222846044
2022Q2,CW8,LA23,0.073791598807752,0.15438241543905104
2022Q3,CW8,LA23,0.06676101175394912,0.1396734373323647
2022Q4,CW8,LA23,0.05400703326616721,0.11299031842432684
2023Q1,CW8,LA23,0.047630372333139125,0.09964944584286314
2023Q2,CW8,LA23,0.06403886543320146,0.1339783239188388
2023Q3,CW8,LA23,0.03931011109187865,0.08224228773457766
2019Q1,CW9,LA23,0.03479664588593166,0.09633763559115492
2019Q2,CW9,LA23,0.04283324422741909,0.11858767902789075
2019Q3,CW9,LA23,0.04402245374036627,0.12188011224330475
2019Q4,CW9,LA23,0.0463364203632048,0.1282865364145276
2020Q1,CW9,LA23,0.0409882550170914,0.11347966089313072
2020Q2,CW9,LA23,0.00204380450387068,0.0056584561097901605
2020Q3,CW9,LA23,0.04889370264214997,0.13536660180647225
2020Q4,CW9,LA23,0.03311892476376144,0.09169271416335244
2021Q2,CW9,LA23,0.04664105459401773,0.12912994360994676
2021Q3,CW9,LA23,0.05246253248185884,0.14524722736192888
2021Q4,CW9,LA23,0.051462162242208564,0.1424776126145883
2022Q1,CW9,LA23,0.03921792926719184,0.1085783552463007
2022Q2,CW9,LA23,0.04418966959805125,0.12234306434551387
2022Q3,CW9,LA23,0.04618299335025786,0.1278617599659131
2022Q4,CW9,LA23,0.026081678167710683,0.07220946568136212
2023Q1,CW9,LA23,0.021921547148913385,0.060691769768538836
2023Q2,CW9,LA23,0.027510651664635025,0.0761657069946024
2023Q3,CW9,LA23,0.03680059853929051,0.10188575827786664
2019Q2,DA1,LA23,0.007751351083450888,0.03175346750582287
2019Q3,DA1,LA23,0.01042647228694425,0.042712121461082386
2019Q4,DA1,LA23,0.0012619225544305054,0.00516947515285745
2020Q1,DA1,LA23,0.0010359526746524172,0.0042437878555619465
2020Q3,DA1,LA23,0.011146353056022506,0.0456611183988932
2020Q4,DA1,LA23,0.004342917643370786,0.017790794505961806
2021Q2,DA1,LA23,0.00599373501394051,0.024553380172652663
2021Q3,DA1,LA23,0.01522734825809775,0.0623789456712484
2021Q4,DA1,LA23,0.007296781509625639,0.029891319857471257
2022Q1,DA1,LA23,0.002388842093128557,0.009785909445212416
2022Q2,DA1,LA23,0.004935402443360684,0.020217912906564224
2022Q3,DA1,LA23,0.009617442579120459,0.039397925231024485
2022Q4,DA1,LA23,0.004726058637686397,0.019360334445795498
2023Q1,DA1,LA23,0.0011302729931351244,0.0046301717434590935
2023Q2,DA1,LA23,0.008786280072011989,0.03599306182367935
2023Q3,DA1,LA23,0.0169857938663373,0.06958243121600753
2019Q3,DA10,LA23,0.009479090293550794,0.0044204225558113356
2021Q3,DA10,LA23,0.01751533956724841,0.008167999217017346
2023Q3,DA10,LA23,0.006348593513854303,0.002960565317687964
2019Q1,DA11,LA23,0.0014022020995167006,0.007174636897440454
2019Q2,DA11,LA23,0.007630782384239916,0.03904436662102878
2019Q3,DA11,LA23,0.01014400966816976,0.05190377769247994
2019Q4,DA11,LA23,0.002122429032735823,0.010859816609684034
2020Q1,DA11,LA23,0.0011697240539336796,0.005985118236571468
2020Q3,DA11,LA23,0.006452947316559297,0.033017746821648
2020Q4,DA11,LA23,0.004862439695802665,0.024879608485188574
2021Q2,DA11,LA23,0.004070725622259905,0.020828651061704045
2021Q3,DA11,LA23,0.01827024216389958,0.0934832101588399
2021Q4,DA11,LA23,0.004420191616990861,0.02261676107884183
2022Q1,DA11,LA23,0.003827607170141264,0.019584688713038173
2022Q2,DA11,LA23,0.0048474329073022295,0.024802823363753928
2022Q3,DA11,LA23,0.008368220492970837,0.04281761062508725
2022Q4,DA11,LA23,0.0016791211524762476,0.00859154652526987
2023Q1,DA11,LA23,0.0005678557464016097,0.002905543210897221
2023Q2,DA11,LA23,0.0029136767936415644,0.0149083880548189
2023Q3,DA11,LA23,0.007080731302160858,0.036229924401664206
2019Q2,DA12,LA23,0.0031296016244752108,0.0036194568540664634
2019Q3,DA12,LA23,0.01719599185836548,0.01988756335869707
2020Q3,DA12,LA23,0.008200669058939987,0.009484263939915466
2021Q2,DA12,LA23,0.004670645972124311,0.005401710378891439
2021Q3,DA12,LA23,0.017603290192034198,0.020358613326820183
2022Q2,DA12,LA23,0.011947063524547287,0.013817056018157314
2022Q3,DA12,LA23,0.009744089053047937,0.011269264954961269
2023Q1,DA12,LA23,0.00301463283926926,0.003486492787853354
2023Q2,DA12,LA23,0.007158010331552902,0.008278404942469992
2023Q3,DA12,LA23,0.008349271996642297,0.009656126683465526
2019Q2,DA13,LA23,0.004050926252571385,0.003811708867150017
2019Q3,DA13,LA23,0.018016590366170825,0.016952665383861556
2019Q4,DA13,LA23,0.004140367974872511,0.003895868830756357
2020Q3,DA13,LA23,0.027058195675216317,0.025460341155022014
2020Q4,DA13,LA23,0.016667741574698337,0.01568346950658863
2021Q2,DA13,LA23,0.010322450729180787,0.009712884047237844
2021Q3,DA13,LA23,0.049457660954045184,0.046537061662716914
2021Q4,DA13,LA23,0.016366913101494806,0.015400405711469368
2022Q1,DA13,LA23,0.014196798736178297,0.013358442058402148
2022Q2,DA13,LA23,0.01899676099303781,0.017874954469568143
2022Q3,DA13,LA23,0.02153555352295982,0.020263824914201704
2022Q4,DA13,LA23,0.0043456843683335146,0.00408906077470493
2023Q2,DA13,LA23,0.00637602683256261,0.005999506409043687
2023Q3,DA13,LA23,0.011874541234988741,0.011173319704355072
2019Q1,DA14,LA23,0.005319039837594975,0.0079573824008788
2019Q2,DA14,LA23,0.005817320734999086,0.008702819879213303
2019Q3,DA14,LA23,0.01072700662487216,0.01604780117034494
2019Q4,DA14,LA23,0.0060178413405596745,0.009002802429902909
2020Q3,DA14,LA23,0.01343289904813708,0.020095866498860183
2020Q4,DA14,LA23,0.007693292734382011,0.01150930883741234
2021Q2,DA14,LA23,0.012009004596214684,0.01796569394922962
2021Q3,DA14,LA23,0.024331670009514986,0.03640063030722654
2021Q4,DA14,LA23,0.004929404474367825,0.007374480659818395
2022Q1,DA14,LA23,0.006511385911295927,0.009741154275562651
2022Q2,DA14,LA23,0.005115039481829431,0.007652194079244469
2022Q3,DA14,LA23,0.014509301778203459,0.02170618497776087
2023Q2,DA14,LA23,0.003863440994916314,0.0057797794937518784
2019Q2,DA15,LA23,0.007401651116503128,0.008506012816553117
2019Q3,DA15,LA23,0.00851222908844,0.009782294326500804
2020Q3,DA15,LA23,0.030340320776273542,0.034867241554508974
2020Q4,DA15,LA23,0.014828090796395285,0.017040512768553742
2021Q2,DA15,LA23,0.009049713091060478,0.01039997350956692
2021Q3,DA15,LA23,0.03261841491777945,0.03748523822308453
2021Q4,DA15,LA23,0.012605236143862905,0.014485997584554097
2022Q1,DA15,LA23,0.005724711094748915,0.00657886533376671
2022Q2,DA15,LA23,0.01000092702476281,0.011493113105584315
2022Q3,DA15,LA23,0.012626501459663642,0.014510435787044597
2022Q4,DA15,LA23,0.0040129790030603565,0.00461173463802987
2023Q3,DA15,LA23,0.006023369242991852,0.006922084704247204
2019Q1,DA16,LA23,0.0020060951392850317,0.004570811494214415
2019Q2,DA16,LA23,0.011381507057035431,0.025932331054010143
2019Q3,DA16,LA23,0.007591860123901888,0.017297764616072086
2019Q4,DA16,LA23,0.004292455903394724,0.00978019755764807
2020Q3,DA16,LA23,0.005009208583185779,0.011413291284431913
2020Q4,DA16,LA23,0.001612764928720984,0.0036746235656056705
2021Q2,DA16,LA23,0.0019996850785723302,0.004556206414619501
2021Q3,DA16,LA23,0.00877480192215978,0.019993052522701924
2022Q2,DA16,LA23,0.002588934669533508,0.0058987892017381615
2022Q3,DA16,LA23,0.001953354936787456,0.004450644948240415
2022Q4,DA16,LA23,0.0016402139510798305,0.0037371651193165672
2023Q2,DA16,LA23,0.0063972405912763024,0.014575869435724784
2021Q3,DA17,LA23,0.02643132412755499,0.011948328853750566
2022Q3,DA17,LA23,0.010727514087678077,0.004849392542131278
2023Q2,DA17,LA23,0.009309462472205607,0.004208359692188143
2023Q3,DA17,LA23,0.019417518641236624,0.008777725138917914
2019Q2,DA2,LA23,0.007691382377133741,0.008174217221201319
2019Q3,DA2,LA23,0.016738702892523324,0.017789493063225626
2019Q4,DA2,LA23,0.002278174724588501,0.0024211896059153745
2020Q3,DA2,LA23,0.010264270062182043,0.010908620712290805
2021Q2,DA2,LA23,0.003042782056677077,0.0032337959899116386
2021Q3,DA2,LA23,0.012525164756309605,0.013311445515151184
2021Q4,DA2,LA23,0.00397678811257565,0.004226435285746206
2022Q3,DA2,LA23,0.00775281492637086,0.008239506265133041
2022Q4,DA2,LA23,0.004696154420032241,0.0049909605908780245
2023Q2,DA2,LA23,0.007423405841757203,0.007889418169100484
2023Q3,DA2,LA23,0.015526923748545947,0.016501643173400776
2019Q3,DA3,LA23,0.010091619483058244,0.0052372947798873005
2020Q4,DA3,LA23,0.005183177028655625,0.0026899375309366496
2021Q2,DA3,LA23,0.0077335274932984035,0.004013504793632229
2021Q3,DA3,LA23,0.03957153093391266,0.020536621772179985
2021Q4,DA3,LA23,0.015369532571801112,0.007976397925301882
2022Q1,DA3,LA23,0.01152338784999443,0.0059803462798721395
2022Q3,DA3,LA23,0.017295460946280615,0.008975905946688513
2023Q3,DA3,LA23,0.005992613071459872,0.003110014325226025
2020Q3,DA4,LA23,0.01686308513254104,0.005233607358801457
2023Q3,DA4,LA23,0.010551163759589921,0.0032746468313528602
2019Q2,DA5,LA23,0.004975433161375381,0.0036936390900287525
2019Q3,DA5,LA23,0.01328736534875393,0.009864212916505943
2020Q3,DA5,LA23,0.02628323260699389,0.01951202482693476
2020Q4,DA5,LA23,0.004595112398442858,0.003411298318651813
2021Q2,DA5,LA23,0.008029686458574848,0.005961041545952129
2021Q3,DA5,LA23,0.036980910609684885,0.027453717612605164
2021Q4,DA5,LA23,0.02268260300248291,0.016839006051568454
2022Q2,DA5,LA23,0.01384338359090035,0.01027698717099786
2022Q3,DA5,LA23,0.0251812276306606,0.018693923462496848
2023Q2,DA5,LA23,0.02133545913746815,0.015838919611187968
2023Q3,DA5,LA23,0.0056765673924512395,0.004214143882126722
2019Q1,DA6,LA23,0.004578392949549948,0.007780747700629412
2019Q2,DA6,LA23,0.004001062933702634,0.006799604482297771
2019Q3,DA6,LA23,0.010779691631193602,0.01831954176872225
2019Q4,DA6,LA23,0.0021875574616681765,0.0037176434782738585
2020Q3,DA6,LA23,0.013796485595358465,0.023446430823156908
2020Q4,DA6,LA23,0.005017367975600985,0.008526763597957773
2021Q2,DA6,LA23,0.0058456259526470785,0.009934346219511229
2021Q3,DA6,LA23,0.009849879730210329,0.016739373379876417
2021Q4,DA6,LA23,0.009421966296209424,0.01601215609984844
2022Q2,DA6,LA23,0.009118878674035786,0.015497073985817887
2022Q3,DA6,LA23,0.005365425223916894,0.009118269321551816
2023Q2,DA6,LA23,0.00642397703852979,0.01091722469482444
2023Q3,DA6,LA23,0.00465931274985515,0.007918266816419153
2019Q1,DA7,LA23,0.0011288424716251865,0.003545997641846497
2019Q2,DA7,LA23,0.010365100441126584,0.03255956667613824
2019Q3,DA7,LA23,0.008782962487155209,0.027589646076161798
2019Q4,DA7,LA23,0.004322395918592225,0.013577807461822796
2020Q1,DA7,LA23,0.0018907489942525605,0.005939350833682454
2020Q3,DA7,LA23,0.01252210931858117,0.03933531137493936
2020Q4,DA7,LA23,0.002451418469954337,0.007700564367605845
2021Q2,DA7,LA23,0.006426811103695788,0.020188341235503237
2021Q3,DA7,LA23,0.023872587686727283,0.07499021499433448
2021Q4,DA7,LA23,0.011910112081854107,0.03741286354647805
2022Q1,DA7,LA23,0.004327022322164459,0.013592340239043479
2022Q2,DA7,LA23,0.007341227825674529,0.023060769959002084
2022Q3,DA7,LA23,0.00829661468874072,0.02606189690863434
2022Q4,DA7,LA23,0.00371078996972948,0.011656588773723437
2023Q1,DA7,LA23,0.002386257532078737,0.007495876346154344
2023Q2,DA7,LA23,0.004154004035336171,0.013048843291939652
2023Q3,DA7,LA23,0.005894797709822031,0.018517144157499
2019Q2,DA8,LA23,0.0029702041565884954,0.004438787358866326
2019Q3,DA8,LA23,0.009310771424990002,0.013914375013873924
2020Q3,DA8,LA23,0.005141251545869707,0.007683284100164339
2021Q2,DA8,LA23,0.0032355253644776555,0.004835293579155988
2021Q3,DA8,LA23,0.01878149031775564,0.028067781676959662
2021Q4,DA8,LA23,0.005918540117340759,0.008844894044579676
2022Q1,DA8,LA23,0.004483996146676739,0.006701056346219213
2022Q2,DA8,LA23,0.002171724722780564,0.0032455089745372628
2022Q3,DA8,LA23,0.012878480489935742,0.01924609669450854
2023Q2,DA8,LA23,0.0045807096941914045,0.0068455887923094825
2023Q3,DA8,LA23,0.0022041399688209977,0.0032939515652728713
2019Q1,DD1,LA23,0.0017415578906350806,0.0036190953421953017
2019Q2,DD1,LA23,0.002492144812514425,0.005178874461507643
2019Q3,DD1,LA23,0.0070859538820223986,0.01472517383851438
2019Q4,DD1,LA23,0.0013440491722152266,0.002793040716591839
2020Q1,DD1,LA23,0.002106326503669107,0.0043771134336462155
2021Q2,DD1,LA23,0.0022308502413692947,0.0046358836310234405
2021Q3,DD1,LA23,0.001981315665569979,0.00411733100302974
2021Q4,DD1,LA23,0.002856635082463343,0.005936314133964699
2022Q2,DD1,LA23,0.00149859917022144,0.003114207862931496
2022Q3,DD1,LA23,0.0037210295332662188,0.0077325943193907315
2023Q2,DD1,LA23,0.006149886086804213,0.012779950762169912
2023Q3,DD1,LA23,0.0036563495588642493,0.00759818420569298
2019Q2,DD10,LA23,0.02003302825607486,0.020160432519049584
2019Q3,DD10,LA23,0.015458053187341256,0.015556361932688337
2019Q4,DD10,LA23,0.006634353274239118,0.006676545841354482
2020Q3,DD10,LA23,0.011351294967801042,0.011423485919198659
2020Q4,DD10,LA23,0.0038586758533802014,0.0038832159152657132
2021Q2,DD10,LA23,0.00985252687035998,0.00991518609033968
2021Q3,DD10,LA23,0.01796423829558326,0.018078485653031932
2021Q4,DD10,LA23,0.012136278440915516,0.012213461660060229
2022Q2,DD10,LA23,0.010938973884860904,0.011008542593479774
2022Q3,DD10,LA23,0.02538350319747894,0.02554493493287375
2023Q1,DD10,LA23,0.003858604007922293,0.0038831436128914814
2023Q2,DD10,LA23,0.005081413701534623,0.005113730022324385
2023Q3,DD10,LA23,0.014341000007771072,0.014432204618125303
2019Q2,DD11,LA23,0.003380921878673332,0.004607396495575934
2019Q3,DD11,LA23,0.01105410351672384,0.01506412736891517
2019Q4,DD11,LA23,0.006521023902860155,0.008886612514511682
2020Q3,DD11,LA23,0.004697287027310644,0.006401290702652303
2021Q2,DD11,LA23,0.0057448719638244355,0.007828901081868091
2021Q3,DD11,LA23,0.005859153956898668,0.007984640395964356
2021Q4,DD11,LA23,0.005979165966338739,0.008148188366477708
2022Q2,DD11,LA23,0.005055253883054303,0.006889114821597297
2022Q3,DD11,LA23,0.008266238331914838,0.011264926812507334
2022Q4,DD11,LA23,0.00436372579682889,0.0059467256758541425
2023Q2,DD11,LA23,0.010550710967843472,0.014378122442199576
2023Q3,DD11,LA23,0.0057383461118522315,0.007820007889837523
2019Q2,DD2,LA23,0.006119932980208918,0.004019361285945041
2019Q3,DD2,LA23,0.007834011814945707,0.005145109252741181
2020Q3,DD2,LA23,0.020669126603842784,0.013574770762105042
2020Q4,DD2,LA23,0.009570768892454222,0.0062857515086291674
2021Q2,DD2,LA23,0.010357351633250264,0.006802351972518597
2021Q3,DD2,LA23,0.022807266560699424,0.01497902747444381
2021Q4,DD2,LA23,0.008934677209274444,0.005867988390315223
2022Q1,DD2,LA23,0.0183261118421406,0.012035959331320055
2022Q2,DD2,LA23,0.008617952430370284,0.005659974459649038
2022Q3,DD2,LA23,0.011987542987443095,0.007873005530149765
2022Q4,DD2,LA23,0.008547936108026509,0.005613990149637327
2023Q2,DD2,LA23,0.0060341739941935065,0.0039630377364181174
2023Q3,DD2,LA23,0.015454341740474322,0.010149879597097565
2019Q1,DD3,LA23,0.001753570369217793,0.0031842688635625466
2019Q2,DD3,LA23,0.012842859358798165,0.023321058506238185
2019Q3,DD3,LA23,0.01992630256522432,0.03618372318452979
2019Q4,DD3,LA23,0.009904063195876636,0.017984564868904238
2020Q1,DD3,LA23,0.0024703518634313372,0.004485856204491521
2020Q3,DD3,LA23,0.011041349598455322,0.02004973758410001
2020Q4,DD3,LA23,0.0049186054194919095,0.008931584591284144
2021Q2,DD3,LA23,0.006852625390519266,0.01244352781486725
2021Q3,DD3,LA23,0.015443571327331996,0.02804363268396609
2021Q4,DD3,LA23,0.007805719414904869,0.014174229746864631
2022Q1,DD3,LA23,0.001984069650964388,0.0036028273079930454
2022Q2,DD3,LA23,0.005838054273195895,0.010601191017055272
2022Q3,DD3,LA23,0.010992892589319788,0.01996174559465936
2022Q4,DD3,LA23,0.006503113783130838,0.011808857573856557
2023Q1,DD3,LA23,0.0018944421016101672,0.0034400746635962487
2023Q2,DD3,LA23,0.0045208358868181345,0.008209283872703959
2023Q3,DD3,LA23,0.01740904654668891,0.03161269478319268
2019Q1,DD4,LA23,0.001533095997068686,0.0046488980583852466
2019Q2,DD4,LA23,0.005366217487391231,0.016272300042336083
2019Q3,DD4,LA23,0.012135201836886182,0.03679829336550392
2019Q4,DD4,LA23,0.005305988545766367,0.016089664245025413
2020Q1,DD4,LA23,0.0011049125712178124,0.0033504920219224912
2020Q3,DD4,LA23,0.004250408389521573,0.012888765835389449
2020Q4,DD4,LA23,0.0037593970692995533,0.011399843042824712
2021Q2,DD4,LA23,0.007443662944988675,0.022571861304443604
2021Q3,DD4,LA23,0.01605306349289945,0.04867865798747617
2021Q4,DD4,LA23,0.008975852885136639,0.027218011872608024
2022Q1,DD4,LA23,0.002931404105378324,0.00888907079523558
2022Q2,DD4,LA23,0.010713240874225054,0.032486396673415185
2022Q3,DD4,LA23,0.011062048945100008,0.03354410810605879
2022Q4,DD4,LA23,0.006255178544635808,0.018967949460837075
2023Q1,DD4,LA23,0.0030626869844703666,0.009287167667758351
2023Q2,DD4,LA23,0.009921442499926368,0.03008537942991062
2023Q3,DD4,LA23,0.008560616535810825,0.025958866025353383
2019Q2,DD5,LA23,0.01853128689020933,0.025020598114941468
2019Q3,DD5,LA23,0.0291097383102224,0.03930342602790294
2019Q4,DD5,LA23,0.005580458039411984,0.00753463041874283
2020Q3,DD5,LA23,0.0061508739211490185,0.008304795309064762
2020Q4,DD5,LA23,0.003940378504117187,0.005320225603131693
2021Q2,DD5,LA23,0.005908506076543141,0.007977554763289596
2021Q3,DD5,LA23,0.00907176523445606,0.01224852831156287
2021Q4,DD5,LA23,0.004738650147851133,0.006398037095811852
2022Q2,DD5,LA23,0.007703988061030661,0.010401781068922726
2022Q3,DD5,LA23,0.007582911238968378,0.010238305400783607
2023Q1,DD5,LA23,0.003117420254911896,0.004209082715930465
2023Q3,DD5,LA23,0.005672296495775017,0.007658628990551141
2023Q3,DD6,LA23,0.04261431834938381,0.0026947817900102107
2019Q3,DD7,LA23,0.025575170227872663,0.00705721784168728
2021Q3,DD7,LA23,0.018044923245803424,0.004979319908626632
2021Q4,DD7,LA23,0.030058102675634336,0.008294239162426855
2023Q2,DD7,LA23,0.019320969830676844,0.005331432471137692
2023Q3,DD7,LA23,0.008263908262899956,0.00228034458091095
2019Q1,DD8,LA23,0.0030950227570273573,0.004376751921775056
2019Q2,DD8,LA23,0.010831096918238931,0.01531653495735996
2019Q3,DD8,LA23,0.014826137608856543,0.02096602557274532
2019Q4,DD8,LA23,0.003280159661960057,0.004638558818870034
2020Q3,DD8,LA23,0.007999949214058208,0.011312935588997548
2020Q4,DD8,LA23,0.004007107056142087,0.005666553975704172
2021Q2,DD8,LA23,0.0041674465573486455,0.005893294221296511
2021Q3,DD8,LA23,0.009944934853534829,0.014063390207166591
2021Q4,DD8,LA23,0.007670373823504165,0.01084687448469646
2022Q2,DD8,LA23,0.007349490306421144,0.010393104784014857
2022Q3,DD8,LA23,0.012583941025338559,0.017795277253164203
2023Q3,DD8,LA23,0.008722755186174633,0.012335074253518874
2021Q3,DD9,LA23,0.010415219641679171,0.0038540057560758844
2022Q3,DD9,LA23,0.017141031785343448,0.006342798081898414
2023Q3,DD9,LA23,0.01918288690420033,0.0070983578926254315
2019Q1,DE1,LA23,0.008157524889476861,0.02164740314751005
2019Q2,DE1,LA23,0.009769652404700443,0.025925462328458083
2019Q3,DE1,LA23,0.018261705537546555,0.0484605940267917
2019Q4,DE1,LA23,0.014264558938468053,0.03785347421504938
2020Q1,DE1,LA23,0.0053650123695712405,0.014236988207698226
2020Q3,DE1,LA23,0.023339788689743502,0.0619361659314501
2020Q4,DE1,LA23,0.01209903484798198,0.03210688151107012
2021Q2,DE1,LA23,0.01909835309978304,0.05068078303234142
2021Q3,DE1,LA23,0.026213630970722362,0.0695624034583452
2021Q4,DE1,LA23,0.021614262693586312,0.05735718426894744
2022Q1,DE1,LA23,0.009787689356737458,0.02597332650019983
2022Q2,DE1,LA23,0.014989306558082163,0.03977671736962725
2022Q3,DE1,LA23,0.018122504951508644,0.048091201196839135
2022Q4,DE1,LA23,0.013857310717777372,0.03677277062739994
2023Q1,DE1,LA23,0.006051642623777828,0.01605908034072517
2023Q2,DE1,LA23,0.008164581642615208,0.021666129462436203
2023Q3,DE1,LA23,0.00592671902092329,0.015727573954870303
2019Q1,DE11,LA23,0.006276720071242864,0.023506441793769674
2019Q2,DE11,LA23,0.011845556366284251,0.04436184473393965
2019Q3,DE11,LA23,0.016240629230852687,0.060821480227911486
2019Q4,DE11,LA23,0.010878099760457812,0.040738700458787344
2020Q1,DE11,LA23,0.0070454765236665435,0.02638545003332366
2020Q3,DE11,LA23,0.017794784142329774,0.06664182135360766
2020Q4,DE11,LA23,0.009452891440952842,0.035401266890588375
2021Q2,DE11,LA23,0.012177527716630195,0.0456050840588632
2021Q3,DE11,LA23,0.01847376642905944,0.06918462355298169
2021Q4,DE11,LA23,0.016453133368872917,0.06161731246108588
2022Q1,DE11,LA23,0.00708565287609864,0.026535911274100973
2022Q2,DE11,LA23,0.013632313245133712,0.051053284864385984
2022Q3,DE11,LA23,0.017437251287601273,0.06530285368520061
2022Q4,DE11,LA23,0.010999439681186178,0.041193120880837035
2023Q1,DE11,LA23,0.013518483464288135,0.05062699006591263
2023Q2,DE11,LA23,0.01197579647849325,0.04484959655051042
2023Q3,DE11,LA23,0.01122238851246242,0.04202806869847107
2020Q3,DE12,LA23,0.050124433457118256,0.006982818698602294
2020Q4,DE12,LA23,0.02688236612214891,0.00374497377573365
2021Q2,DE12,LA23,0.03758631852973249,0.005236137941899585
2021Q3,DE12,LA23,0.08745280666360747,0.012183022360508451
2021Q4,DE12,LA23,0.06419672620242572,0.008943225273535534
2022Q1,DE12,LA23,0.0347504769880802,0.0048410777690945685
2022Q2,DE12,LA23,0.0801773991359937,0.011169487678520764
2022Q3,DE12,LA23,0.06279074253911386,0.00874735814174037
2022Q4,DE12,LA23,0.05688810237564178,0.00792506323959698
2023Q2,DE12,LA23,0.029075679876728436,0.0040505236092391395
2023Q3,DE12,LA23,0.06172107390489984,0.0085983429484477
2019Q1,DE13,LA23,0.02058466555837323,0.008546068331877784
2019Q2,DE13,LA23,0.019990456818154027,0.008299372630997344
2019Q3,DE13,LA23,0.05072247309937376,0.021058283402265676
2019Q4,DE13,LA23,0.022607796547566218,0.00938600501333384
2020Q1,DE13,LA23,0.02589301157555421,0.010749917000851013
2020Q3,DE13,LA23,0.061365984637250875,0.025477115305843897
2020Q4,DE13,LA23,0.0239630522381834,0.009948662089609213
2021Q2,DE13,LA23,0.02023723108101763,0.008401825095284443
2021Q3,DE13,LA23,0.09983525352997667,0.04144827595950265
2021Q4,DE13,LA23,0.12241762379498955,0.05082372482619858
2022Q1,DE13,LA23,0.06912988259965189,0.028700427451491862
2022Q2,DE13,LA23,0.07031150812790139,0.029190999060657682
2022Q3,DE13,LA23,0.06936864584198499,0.028799554006564275
2022Q4,DE13,LA23,0.06702751216825499,0.027827593189760132
2023Q1,DE13,LA23,0.02212661285787523,0.00918623355333013
2023Q2,DE13,LA23,0.04138893757085444,0.017183309957662436
2023Q3,DE13,LA23,0.025719033107946068,0.010677686928992994
2019Q1,DE14,LA23,0.011523260452650804,0.047791435553272234
2019Q2,DE14,LA23,0.012506477193300574,0.051869217157596924
2019Q3,DE14,LA23,0.01593156646471885,0.06607439232063296
2019Q4,DE14,LA23,0.02322299749292901,0.09631478804089752
2020Q1,DE14,LA23,0.01348413273356971,0.05592393430454153
2020Q3,DE14,LA23,0.020665281148589024,0.08570694520541287
2020Q4,DE14,LA23,0.0120456820570596,0.049958120801890084
2021Q2,DE14,LA23,0.021175482058744456,0.08782294648969392
2021Q3,DE14,LA23,0.012360944588982336,0.0512656369375061
2021Q4,DE14,LA23,0.016295502574894642,0.06758377668510543
2022Q1,DE14,LA23,0.007512292619502416,0.031156394499412945
2022Q2,DE14,LA23,0.010270543408915792,0.04259593154569116
2022Q3,DE14,LA23,0.01322242508430936,0.05483853106256699
2022Q4,DE14,LA23,0.012671151484195406,0.05255218538459476
2023Q1,DE14,LA23,0.009528707171307507,0.039519248614986215
2023Q2,DE14,LA23,0.011030789137439273,0.04574896578358538
2023Q3,DE14,LA23,0.00915295133116912,0.03796084324078428
2019Q1,DE15,LA23,0.013105956206078209,0.009921910211143279
2019Q2,DE15,LA23,0.027829671121565282,0.02106855033940665
2019Q3,DE15,LA23,0.02471238885725776,0.018708600844466
2019Q4,DE15,LA23,0.009607991126037543,0.00727376345251287
2020Q1,DE15,LA23,0.0076568245617053545,0.005796625946947992
2020Q3,DE15,LA23,0.03028453090470745,0.02292701056667242
2020Q4,DE15,LA23,0.0041139721451382005,0.003114497072428425
2021Q2,DE15,LA23,0.02315546681458799,0.017529927539731847
2021Q3,DE15,LA23,0.0532259710785383,0.040294908485749785
2021Q4,DE15,LA23,0.025097082881786883,0.018999834807873497
2022Q1,DE15,LA23,0.011582174388460976,0.00876832583026772
2022Q2,DE15,LA23,0.034222582892650365,0.02590832666576504
2022Q3,DE15,LA23,0.024381464131589082,0.018458073117751245
2022Q4,DE15,LA23,0.013430959623524244,0.010167955190655628
2023Q1,DE15,LA23,0.013070714871656352,0.00989523063505158
2023Q2,DE15,LA23,0.02201189028784723,0.016664178910674874
2019Q1,DE21,LA23,0.007169575285734903,0.029617944580499118
2019Q2,DE21,LA23,0.015959305865447918,0.06592884764130344
2019Q3,DE21,LA23,0.01548897094538749,0.06398586593856016
2019Q4,DE21,LA23,0.016603331990311672,0.06858935810592755
2020Q1,DE21,LA23,0.00793711398942746,0.032788692900080234
2020Q3,DE21,LA23,0.013827930660032862,0.05712400911204842
2020Q4,DE21,LA23,0.0033826204616216656,0.013973807565492831
2021Q2,DE21,LA23,0.010157207525873155,0.04196003216431852
2021Q3,DE21,LA23,0.02470795893028051,0.10207005702978468
2021Q4,DE21,LA23,0.0150216463928428,0.062055320244184836
2022Q1,DE21,LA23,0.007697282209961525,0.0317979334659757
2022Q2,DE21,LA23,0.010426967959129264,0.0430744286583602
2022Q3,DE21,LA23,0.0098731478469173,0.040786564630529085
2022Q4,DE21,LA23,0.00823209500169622,0.03400727711539058
2023Q1,DE21,LA23,0.011198357132900088,0.046261083500272415
2023Q2,DE21,LA23,0.0059143045380828365,0.02443234599818788
2023Q3,DE21,LA23,0.0107367207747892,0.04435403607752257
2019Q1,DE22,LA23,0.009070682551487515,0.018345570623445863
2019Q2,DE22,LA23,0.02866452084318357,0.057974357335393925
2019Q3,DE22,LA23,0.022028437887351163,0.04455279530428703
2019Q4,DE22,LA23,0.027078811927798437,0.054767240921573986
2020Q1,DE22,LA23,0.015078623582657925,0.030496707636917888
2020Q3,DE22,LA23,0.034012217539564696,0.06879014179917052
2020Q4,DE22,LA23,0.0169942937958992,0.0343711749649015
2021Q2,DE22,LA23,0.020984930814282828,0.04244228900044763
2021Q3,DE22,LA23,0.03944328040567503,0.07977453539965673
2021Q4,DE22,LA23,0.029241113017952982,0.05914052232938589
2022Q1,DE22,LA23,0.022996658016401616,0.0465110328079933
2022Q2,DE22,LA23,0.014784589815066725,0.029902020608857625
2022Q4,DE22,LA23,0.0206474622712967,0.04175975458769519
2023Q1,DE22,LA23,0.008826554089617576,0.017851817709813825
2023Q2,DE22,LA23,0.021120418714485945,0.04271631499878786
2023Q3,DE22,LA23,0.016904314100698346,0.03418918988895893
2019Q1,DE23,LA23,0.009859900613251092,0.03194615333315182
2019Q2,DE23,LA23,0.017468948826304894,0.056599527689367685
2019Q3,DE23,LA23,0.01844527404675829,0.05976282886440287
2019Q4,DE23,LA23,0.008771529292550926,0.028419821937096492
2020Q1,DE23,LA23,0.004741172376922786,0.015361434731758184
2020Q3,DE23,LA23,0.028904658116896312,0.09365131317892987
2020Q4,DE23,LA23,0.013949929162430293,0.04519787708718717
2021Q2,DE23,LA23,0.01901713092087176,0.06161564950647853
2021Q3,DE23,LA23,0.038695202171779165,0.12537275073296789
2021Q4,DE23,LA23,0.04051063463411248,0.13125476578388415
2022Q1,DE23,LA23,0.012171495790758026,0.03943573937274796
2022Q2,DE23,LA23,0.032708021817684736,0.10597424063357773
2022Q3,DE23,LA23,0.029110830974928562,0.09431931481446164
2022Q4,DE23,LA23,0.011419842973667408,0.03700037850148306
2023Q1,DE23,LA23,0.006357952303028907,0.02059981404725897
2023Q2,DE23,LA23,0.022985428444987004,0.07447296380907695
2023Q3,DE23,LA23,0.01630943570763884,0.05284269632425995
2019Q1,DE24,LA23,0.008129700248928654,0.027984995458463738
2019Q2,DE24,LA23,0.012880089176856721,0.04433733422907492
2019Q3,DE24,LA23,0.014750557705277344,0.05077607756157953
2019Q4,DE24,LA23,0.0155145359180747,0.053405931819529184
2020Q1,DE24,LA23,0.0050903805516751026,0.017522697302308626
2020Q3,DE24,LA23,0.014305357083979871,0.049243556437352745
2020Q4,DE24,LA23,0.0043629072775366855,0.015018504570774619
2021Q2,DE24,LA23,0.0152917885794797,0.05263916514079616
2021Q3,DE24,LA23,0.0182027738836342,0.06265969579039223
2021Q4,DE24,LA23,0.013621824161783066,0.04689062027271262
2022Q1,DE24,LA23,0.0049960096141638,0.017197842734883118
2022Q2,DE24,LA23,0.01103398527953183,0.03798246165067972
2022Q3,DE24,LA23,0.009190989973070874,0.031638289823670895
2022Q4,DE24,LA23,0.008634321164510447,0.029722059999393563
2023Q1,DE24,LA23,0.013257131843063121,0.04563523414891805
2023Q2,DE24,LA23,0.012801912317427151,0.04406822479218248
2023Q3,DE24,LA23,0.011450158383437662,0.03941506089371753
2019Q1,DE3,LA23,0.021632436572068363,0.007405932192609424
2019Q2,DE3,LA23,0.023815109929213017,0.008153177230299735
2019Q3,DE3,LA23,0.011477672853482371,0.003929417132400121
2019Q4,DE3,LA23,0.02545713076634893,0.008715328189955483
2020Q1,DE3,LA23,0.021993786752433585,0.0075296415549208065
2023Q2,DE3,LA23,0.023536547165974142,0.008057810398687396
2023Q3,DE3,LA23,0.01713446103646442,0.0058660362262109534
2019Q1,DE4,LA23,0.016204403215732157,0.03435577455919003
2019Q2,DE4,LA23,0.02358407575823248,0.05000179143592635
2019Q3,DE4,LA23,0.023565489911221368,0.04996238664196978
2019Q4,DE4,LA23,0.016391284759990632,0.034751991569982765
2020Q1,DE4,LA23,0.009428276215254928,0.019989365101616082
2020Q3,DE4,LA23,0.027675997220646797,0.058677281017679876
2020Q4,DE4,LA23,0.012379640515675671,0.02624670177717197
2021Q2,DE4,LA23,0.0275521029413966,0.0584146064920941
2021Q3,DE4,LA23,0.06941837730378833,0.14717741154443306
2021Q4,DE4,LA23,0.029280859533202263,0.062079830749049575
2022Q1,DE4,LA23,0.024578708444335167,0.052110562482784166
2022Q2,DE4,LA23,0.027222263836274702,0.057715297928519774
2022Q3,DE4,LA23,0.025961870589148964,0.05504307447927002
2022Q4,DE4,LA23,0.015514544318140052,0.032893169830845836
2023Q1,DE4,LA23,0.011639037140372505,0.024676511115970187
2023Q2,DE4,LA23,0.022013008995012802,0.046670893357420806
2023Q3,DE4,LA23,0.022023648966145767,0.04669345169818127
2019Q2,DE45,LA23,0.05030539930886453,0.005367728263002281
2019Q3,DE45,LA23,0.09800472957486953,0.010457381594707328
2019Q4,DE45,LA23,0.07038012667853616,0.007509758402006937
2020Q1,DE45,LA23,0.06666888379040778,0.0071137582983369
2020Q3,DE45,LA23,0.13032920113508062,0.013906494055082607
2020Q4,DE45,LA23,0.1393664197582262,0.014870790820218131
2021Q2,DE45,LA23,0.11736458361115143,0.012523132728896958
2021Q3,DE45,LA23,0.4021206544645717,0.0429074101738837
2021Q4,DE45,LA23,0.13438466739132462,0.014339223764862625
2022Q1,DE45,LA23,0.17256432423477788,0.018413101040978784
2022Q2,DE45,LA23,0.3632613597506065,0.038761013616412585
2022Q3,DE45,LA23,0.1520904874875077,0.016228484803551338
2022Q4,DE45,LA23,0.09196049248118587,0.009812444416555651
2023Q1,DE45,LA23,0.11003967296286443,0.01174154406344633
2023Q2,DE45,LA23,0.14091678012485714,0.015036218652461525
2023Q3,DE45,LA23,0.21228959820947474,0.022651900032718702
2019Q1,DE5,LA23,0.011727324299546931,0.014274007023305137
2019Q2,DE5,LA23,0.01759166957943039,0.021411842012261376
2019Q3,DE5,LA23,0.01851484566981216,0.02253549321020478
2019Q4,DE5,LA23,0.02049479433904288,0.024945403645739925
2020Q1,DE5,LA23,0.015319816444069044,0.018646637709748955
2020Q3,DE5,LA23,0.029698160791332175,0.03614735509029097
2020Q4,DE5,LA23,0.021821433012647933,0.026560132569468774
2021Q2,DE5,LA23,0.018115660075103613,0.022049621255364055
2021Q3,DE5,LA23,0.03539231756990016,0.04307804377707181
2021Q4,DE5,LA23,0.023044354714770662,0.02804862154778812
2022Q1,DE5,LA23,0.021252118319242168,0.025867186614826888
2022Q2,DE5,LA23,0.025721155498811796,0.03130671113544179
2022Q3,DE5,LA23,0.02372320783624823,0.02887489308051428
2022Q4,DE5,LA23,0.014450577931067538,0.01758863706760843
2023Q1,DE5,LA23,0.010379241280749955,0.012633176942478444
2023Q2,DE5,LA23,0.031786103420559944,0.038688711242180346
2023Q3,DE5,LA23,0.032029357142335464,0.03898478946466141
2019Q1,DE55,LA23,0.004186414798597789,0.010513560539485786
2019Q2,DE55,LA23,0.013397097401885018,0.03364482531336432
2019Q3,DE55,LA23,0.0110162900917775,0.027665780476228356
2019Q4,DE55,LA23,0.012205902015758913,0.03065331457950495
2020Q1,DE55,LA23,0.007142594671647428,0.017937568325653273
2020Q3,DE55,LA23,0.01940400423313325,0.048730281882678
2020Q4,DE55,LA23,0.00940432562847355,0.023617570542964643
2021Q2,DE55,LA23,0.017784237619989058,0.04466247800599735
2021Q3,DE55,LA23,0.03643146210883927,0.0914922196796064
2021Q4,DE55,LA23,0.02098119010969544,0.052691150547869145
2022Q1,DE55,LA23,0.013581297234644771,0.03410741590370225
2022Q2,DE55,LA23,0.02390722662155417,0.06003945774821546
2022Q3,DE55,LA23,0.019087455755297446,0.0479353172779944
2022Q4,DE55,LA23,0.009899027992698444,0.024859942239397404
2023Q1,DE55,LA23,0.007596530083201516,0.01907755986017317
2023Q2,DE55,LA23,0.015029042278432988,0.0377432130943452
2023Q3,DE55,LA23,0.015669250418645347,0.03935100099014776
2019Q1,DE56,LA23,0.015821690472268703,0.02957571999394748
2019Q2,DE56,LA23,0.02649457053156836,0.04952669253484624
2019Q3,DE56,LA23,0.026456781594133373,0.049456053115221325
2019Q4,DE56,LA23,0.012215380391855778,0.02283439122528091
2020Q1,DE56,LA23,0.009866587132206759,0.01844375724765326
2020Q3,DE56,LA23,0.026489271571047798,0.04951678710957642
2020Q4,DE56,LA23,0.010655552071611969,0.019918581077242703
2021Q2,DE56,LA23,0.019946679826994003,0.03728662360106854
2021Q3,DE56,LA23,0.030262595604218425,0.05657031753017785
2021Q4,DE56,LA23,0.02996469345874833,0.05601344464384106
2022Q1,DE56,LA23,0.02599202021008136,0.048587267786446606
2022Q2,DE56,LA23,0.026204249380711638,0.048983990913858966
2022Q3,DE56,LA23,0.0191526479983319,0.03580232816045467
2022Q4,DE56,LA23,0.02312775799526746,0.04323306006742576
2023Q1,DE56,LA23,0.013642077163838352,0.0255013366012117
2023Q2,DE56,LA23,0.018427773406244786,0.034447309364968065
2023Q3,DE56,LA23,0.0222671217139308,0.04162425993838395
2019Q1,DE6,LA23,0.024506898501234633,0.03152188300115697
2019Q2,DE6,LA23,0.040397008856981456,0.05196046275387802
2019Q3,DE6,LA23,0.043714638961466976,0.05622774888106545
2019Q4,DE6,LA23,0.03237781009883328,0.04164580604590516
2020Q1,DE6,LA23,0.039332354262285485,0.0505910557859192
2020Q3,DE6,LA23,0.06501745552512664,0.08362839655098414
2020Q4,DE6,LA23,0.0240664215527638,0.030955321596673056
2021Q2,DE6,LA23,0.04944809063492021,0.0636023741456323
2021Q3,DE6,LA23,0.05459924257519207,0.07022801911552727
2021Q4,DE6,LA23,0.03312857708757453,0.0426114765561511
2022Q1,DE6,LA23,0.02282037095083004,0.02935259486706676
2022Q2,DE6,LA23,0.04013343095864305,0.051621436921103
2022Q3,DE6,LA23,0.04879676261017142,0.06276460653540322
2022Q4,DE6,LA23,0.02220912205628284,0.02856637884966526
2023Q1,DE6,LA23,0.017907838796961797,0.023033873475787687
2023Q2,DE6,LA23,0.037047394145084,0.04765203657575245
2023Q3,DE6,LA23,0.03503967143342846,0.04506961267529915
2019Q1,DE65,LA23,0.005914148560309218,0.0033437679011188914
2019Q2,DE65,LA23,0.034760568974552535,0.019653086759061883
2019Q3,DE65,LA23,0.02176854767941869,0.012307599351310618
2019Q4,DE65,LA23,0.016812617277312106,0.009505593140313979
2020Q1,DE65,LA23,0.01265160000364373,0.007153018487545013
2020Q3,DE65,LA23,0.017508294146472963,0.009898918056137424
2021Q2,DE65,LA23,0.037962856562908605,0.021463610512211663
2021Q3,DE65,LA23,0.027921707281724537,0.015786500389869586
2021Q4,DE65,LA23,0.03234795136176049,0.01828903016679624
2022Q1,DE65,LA23,0.020860203414409584,0.011794035587138943
2022Q2,DE65,LA23,0.02695428163554772,0.015239532928802613
2022Q3,DE65,LA23,0.007655258959872648,0.004328164726290983
2022Q4,DE65,LA23,0.050127099112807466,0.028341084651557574
2023Q1,DE65,LA23,0.010136676968916264,0.005731119995893572
2023Q2,DE65,LA23,0.012994451048904806,0.007346861152861677
2023Q3,DE65,LA23,0.017913039972004968,0.010127755070582495
2019Q1,DE7,LA23,0.008881637576481145,0.025466992973451383
2019Q2,DE7,LA23,0.012955129269577963,0.03714722462354876
2019Q3,DE7,LA23,0.014374006609117284,0.0412156792215975
2019Q4,DE7,LA23,0.00951260554639926,0.027276215283864987
2020Q1,DE7,LA23,0.006076864798239857,0.017424655282849685
2020Q3,DE7,LA23,0.01588439107261587,0.045546519135735083
2020Q4,DE7,LA23,0.01092944042877663,0.03133881338960092
2021Q2,DE7,LA23,0.008501362311551476,0.02437660086765481
2021Q3,DE7,LA23,0.02177877114886806,0.06244792213626596
2021Q4,DE7,LA23,0.011452838988165605,0.03283959377153973
2022Q1,DE7,LA23,0.011339192637191664,0.032513726970874984
2022Q2,DE7,LA23,0.015504342747370862,0.0444567777513066
2022Q3,DE7,LA23,0.022555636120502445,0.06467548598398737
2022Q4,DE7,LA23,0.010278325257964757,0.02947182148217574
2023Q1,DE7,LA23,0.00873932117867841,0.02505891837328456
2023Q2,DE7,LA23,0.013477569639187262,0.03864525751526676
2023Q3,DE7,LA23,0.014607426682551003,0.04188498229986545
2019Q2,DE72,LA23,0.02344223981374256,0.006753403265163363
2019Q3,DE72,LA23,0.0073819024639110295,0.002126629733293186
2020Q3,DE72,LA23,0.06625993443034084,0.019088622123430703
2020Q4,DE72,LA23,0.02605513161504735,0.007506143283295325
2021Q2,DE72,LA23,0.042341596667594815,0.012198061254348759
2021Q3,DE72,LA23,0.08937415103936673,0.025747526185472512
2021Q4,DE72,LA23,0.058280713506425434,0.016789912739464757
2022Q1,DE72,LA23,0.037749773749847004,0.010875217015395502
2022Q2,DE72,LA23,0.03264169702023828,0.009403646792646506
2022Q3,DE72,LA23,0.05018152694222346,0.0144566428206158
2022Q4,DE72,LA23,0.08670980953877583,0.02497996418062294
2023Q2,DE72,LA23,0.09587488328769987,0.027620302282836268
2023Q3,DE72,LA23,0.028401739850778762,0.00818217048236687
2021Q3,DE73,LA23,0.11778685766026707,0.013753791440704094
2021Q4,DE73,LA23,0.037568995834844056,0.0043868742541675705
2022Q2,DE73,LA23,0.07330517649892078,0.00855973348060768
2022Q3,DE73,LA23,0.10670699459752687,0.012460012756192202
2023Q2,DE73,LA23,0.1503255188845321,0.017553281206608862
2023Q3,DE73,LA23,0.09015469218369143,0.010527225688215682
2021Q3,DE74,LA23,0.062393307997885984,0.0067111063762374966
2021Q4,DE74,LA23,0.058505993839819026,0.0062929817460523904
2022Q3,DE74,LA23,0.025203347231983808,0.0027109052194640025
2022Q4,DE74,LA23,0.03566877938258806,0.003836580883885911
2019Q1,DE75,LA23,0.0069193840379356214,0.01070971688077788
2019Q2,DE75,LA23,0.009470452613559438,0.014658221839975316
2019Q3,DE75,LA23,0.01379934191854348,0.021358410557703742
2019Q4,DE75,LA23,0.008308548808804148,0.012859844885696548
2020Q1,DE75,LA23,0.006966237634854753,0.010782236162132829
2020Q3,DE75,LA23,0.003817890803789247,0.005909273046001838
2021Q3,DE75,LA23,0.0027082593569128267,0.0041918024484889575
2023Q2,DE75,LA23,0.006266329915373849,0.00969892968901102
2023Q3,DE75,LA23,0.0035889948666967797,0.00555499141226381
2019Q1,DG1,LA23,0.022269862744502957,0.0593987864101435
2019Q2,DG1,LA23,0.036207146555101516,0.09657269060978396
2019Q3,DG1,LA23,0.06047544249857548,0.16130175265307742
2019Q4,DG1,LA23,0.04367246912951106,0.1164844029614746
2020Q1,DG1,LA23,0.026446697103270345,0.07053935313897136
2020Q3,DG1,LA23,0.020930363299371882,0.055826036889831065
2020Q4,DG1,LA23,0.021106481968069343,0.056295785415218
2021Q2,DG1,LA23,0.02426010942077939,0.06470722672627534
2021Q3,DG1,LA23,0.06837543689883754,0.1823728335755822
2021Q4,DG1,LA23,0.059816888252410126,0.15954523877347915
2022Q1,DG1,LA23,0.05172139318435584,0.13795271312801136
2022Q2,DG1,LA23,0.060000678397672376,0.16003544887077378
2022Q3,DG1,LA23,0.031485095206413835,0.08397790622802284
2022Q4,DG1,LA23,0.031194663404593818,0.08320325859049851
2023Q1,DG1,LA23,0.016208826996813988,0.04323262625318036
2023Q2,DG1,LA23,0.022441210459577098,0.05985580971766556
2023Q3,DG1,LA23,0.02830571544721425,0.07549777766144487
2019Q1,DG10,LA23,0.058297684424990476,0.006573298050950828
2019Q2,DG10,LA23,0.04216024105829986,0.004753736501022009
2019Q3,DG10,LA23,0.07114556709585644,0.008021948421068199
2020Q4,DG10,LA23,0.06621956217084185,0.007466521582216052
2021Q3,DG10,LA23,0.08737855520790336,0.009852283024757623
2022Q3,DG10,LA23,0.0695065579070596,0.007837143552530566
2023Q1,DG10,LA23,0.06888904388170305,0.007767516366144909
2023Q2,DG10,LA23,0.07820754213350102,0.008818214468487975
2023Q3,DG10,LA23,0.07196827788976345,0.008114712367208177
2019Q1,DG11,LA23,0.027311097819841958,0.0133527301708378
2019Q2,DG11,LA23,0.026507199554480648,0.012959694464511286
2019Q3,DG11,LA23,0.02510910275523013,0.01227614781851959
2019Q4,DG11,LA23,0.04301151487992545,0.021028856335953142
2020Q1,DG11,LA23,0.028995202574428888,0.014176109608594669
2020Q3,DG11,LA23,0.016941313002807327,0.00828281538729816
2020Q4,DG11,LA23,0.016966453309119216,0.008295106790917642
2021Q2,DG11,LA23,0.019091252844938063,0.00933394730388662
2021Q3,DG11,LA23,0.04437811235420872,0.021697002576233373
2021Q4,DG11,LA23,0.045350598556014456,0.02217246298918465
2022Q1,DG11,LA23,0.024173735476273127,0.011818835301500605
2022Q2,DG11,LA23,0.033541457260546866,0.016398829197242518
2022Q3,DG11,LA23,0.020633240926785444,0.010087844160006295
2022Q4,DG11,LA23,0.016813984745545355,0.008220563043084191
2023Q1,DG11,LA23,0.022011817017605552,0.010761846892599332
2023Q2,DG11,LA23,0.028753707749679988,0.014058039831473405
2023Q3,DG11,LA23,0.03744737355648557,0.018308479505464718
2019Q1,DG12,LA23,0.029533468185134894,0.00906252419101875
2019Q2,DG12,LA23,0.025317935647755183,0.007768962413629555
2019Q3,DG12,LA23,0.031187306588794175,0.009570014555754916
2019Q4,DG12,LA23,0.01945586902221888,0.005970151645105393
2020Q1,DG12,LA23,0.024255511176733708,0.007442951008216337
2020Q3,DG12,LA23,0.05438675511768618,0.016688906322662306
2020Q4,DG12,LA23,0.046979707951788865,0.014416008886297278
2021Q3,DG12,LA23,0.06434677836331684,0.01974519998383377
2021Q4,DG12,LA23,0.06985918033704656,0.021436714028997272
2022Q1,DG12,LA23,0.025682208930567156,0.007880741884192613
2022Q2,DG12,LA23,0.09145521380155597,0.028063588139254195
2022Q3,DG12,LA23,0.06804276200768206,0.020879335026040845
2022Q4,DG12,LA23,0.039115080763109634,0.01200270023917322
2023Q1,DG12,LA23,0.06156524789527326,0.018891670456022053
2023Q2,DG12,LA23,0.06919731510326982,0.02123361665977888
2023Q3,DG12,LA23,0.03281734706129951,0.010070202380693623
2021Q2,DG13,LA23,0.37862109828600304,0.012312299005635716
2021Q3,DG13,LA23,0.15440200805321067,0.005020966076184408
2021Q4,DG13,LA23,0.3196742340859753,0.010395418459990287
2022Q1,DG13,LA23,0.1449036298145822,0.004712090333464233
2022Q3,DG13,LA23,0.18409333366150765,0.005986491981681882
2023Q3,DG14,LA23,0.06933451604320552,0.002998451761785663
2019Q3,DG16,LA23,0.013656045122867005,0.0011510537977774287
2020Q3,DG16,LA23,0.09059825212229694,0.0076364321616618405
2020Q4,DG16,LA23,0.09318020537731138,0.007854062308100913
2021Q2,DG16,LA23,0.08897616786806695,0.007499708371988653
2021Q3,DG16,LA23,0.08626039909551689,0.007270799055169349
2021Q4,DG16,LA23,0.20181610302998812,0.017010868795118515
2022Q1,DG16,LA23,0.15693472156524899,0.013227863970538704
2022Q2,DG16,LA23,0.14072159914896076,0.011861276795174937
2022Q3,DG16,LA23,0.12697462809751184,0.010702558945728887
2022Q4,DG16,LA23,0.07102859047448992,0.005986925795927275
2023Q1,DG16,LA23,0.05882478683359615,0.0049582799177250465
2023Q2,DG16,LA23,0.03528183366511575,0.002973868954546697
2023Q3,DG16,LA23,0.02140619384680566,0.001804305748965813
2019Q1,DG2,LA23,0.021060649867538996,0.027785079393711568
2019Q2,DG2,LA23,0.025145141199548183,0.033173703042866966
2019Q3,DG2,LA23,0.03213627513746612,0.042397027714178234
2019Q4,DG2,LA23,0.019805034188975446,0.026128559697676475
2020Q1,DG2,LA23,0.01855352881445329,0.0244774626797088
2021Q3,DG2,LA23,0.0037005889345434508,0.004882145517658486
2021Q4,DG2,LA23,0.002525864039514441,0.0033323441259901962
2023Q1,DG2,LA23,0.01592545521444297,0.021010274625775455
2023Q2,DG2,LA23,0.018882681962087727,0.024911710739347698
2023Q3,DG2,LA23,0.007953821948465141,0.010493388177074988
2021Q3,DG5,LA23,0.06231180700217506,0.004983730353454799
2021Q4,DG5,LA23,0.1507474022320751,0.012056854717473172
2022Q1,DG5,LA23,0.10562786474733632,0.008448170917167316
2022Q2,DG5,LA23,0.07469118121459342,0.005973839066191238
2019Q3,DG6,LA23,0.05564040275511909,0.009072212709165871
2020Q1,DG6,LA23,0.03698200412329192,0.0060299457085954645
2021Q2,DG6,LA23,0.019256591938249558,0.003139802903409713
2022Q2,DG6,LA23,0.0636443977002074,0.010377270564057994
2022Q3,DG6,LA23,0.03722944064292402,0.00607029043341706
2023Q1,DG6,LA23,0.027585624461994352,0.0044978583986140745
2023Q3,DG6,LA23,0.036326607750502976,0.005923082799480198
2019Q1,DG7,LA23,0.01645801319741879,0.009479491983216138
2019Q2,DG7,LA23,0.032338717417613065,0.01862646534733816
2019Q4,DG7,LA23,0.04275802096981278,0.02462777931573765
2020Q1,DG7,LA23,0.008164923921415828,0.004702835629562506
2020Q3,DG7,LA23,0.007467608990239009,0.0043011959407023535
2020Q4,DG7,LA23,0.0197697256212364,0.011386973220211372
2021Q2,DG7,LA23,0.004054092352346805,0.002335077478204764
2021Q3,DG7,LA23,0.030366653048794382,0.0174905950481495
2021Q4,DG7,LA23,0.01305742607130178,0.00752082066526447
2022Q1,DG7,LA23,0.044707992192297145,0.02575092439706143
2022Q2,DG7,LA23,0.00752585455784766,0.004334744242346118
2022Q3,DG7,LA23,0.02184547714273772,0.012582565280515868
2022Q4,DG7,LA23,0.02256626604189475,0.01299772551335745
2023Q1,DG7,LA23,0.013241200879446309,0.007626671341140485
2023Q2,DG7,LA23,0.011380606476223486,0.006555005550270067
2023Q3,DG7,LA23,0.017829294621032752,0.010269323119329243
2019Q2,DG8,LA23,0.04683224646062087,0.018145437651570992
2019Q3,DG8,LA23,0.021973270693976744,0.008513676868221734
2019Q4,DG8,LA23,0.02157038416708274,0.008357576042254306
2020Q1,DG8,LA23,0.013619579974691449,0.005276988783340807
2020Q3,DG8,LA23,0.011574916855109422,0.0044847716688780365
2021Q2,DG8,LA23,0.015790390056839642,0.006118082302784577
2021Q3,DG8,LA23,0.05511913153996728,0.021356241486476774
2021Q4,DG8,LA23,0.02488957946762171,0.009643618372723348
2022Q2,DG8,LA23,0.03336811089394364,0.01292867674596565
2022Q3,DG8,LA23,0.0210751267134576,0.008165685541041915
2022Q4,DG8,LA23,0.01836408666588183,0.0071152766481957785
2023Q1,DG8,LA23,0.009630275587502934,0.0037313086270037545
2023Q3,DG8,LA23,0.026109808740136714,0.010116403597828031
2019Q1,DG9,LA23,0.014874172901691268,0.009553674219178429
2019Q2,DG9,LA23,0.015795992267430472,0.010145758361766326
2019Q3,DG9,LA23,0.028593848378175395,0.01836581528823089
2020Q1,DG9,LA23,0.005389418216326278,0.00346162077111746
2020Q3,DG9,LA23,0.015675544505635262,0.01006839482133782
2021Q3,DG9,LA23,0.009397401916063045,0.0060359468056567405
2021Q4,DG9,LA23,0.01054109281310912,0.006770538927856407
2022Q1,DG9,LA23,0.010879922498159188,0.006988169074295481
2022Q3,DG9,LA23,0.019614861724348592,0.012598616407595428
2022Q4,DG9,LA23,0.007765278459737152,0.00498763468166334
2023Q2,DG9,LA23,0.007859610445143118,0.005048224071269965
2023Q3,DG9,LA23,0.013686130211984152,0.008790594961531254
2019Q1,DH1,LA23,0.03330253250443823,0.16707466342127725
2019Q2,DH1,LA23,0.06363537708774343,0.3192507719106312
2019Q3,DH1,LA23,0.057976167281354574,0.2908592202018595
2019Q4,DH1,LA23,0.04697080150763683,0.23564666895738906
2020Q1,DH1,LA23,0.028419154910466,0.1425753654245503
2020Q2,DH1,LA23,0.0012639465884004563,0.0063410628249168394
2020Q3,DH1,LA23,0.07398996212503771,0.3711984371442701
2020Q4,DH1,LA23,0.03790923172614858,0.19018590043749345
2021Q2,DH1,LA23,0.05272181469100808,0.2644987867900202
2021Q3,DH1,LA23,0.10026633686336904,0.5030237409632209
2021Q4,DH1,LA23,0.060804676885231786,0.3050495010758037
2022Q1,DH1,LA23,0.05233928140447056,0.2625796648707735
2022Q2,DH1,LA23,0.06726911904360461,0.3374808033400539
2022Q3,DH1,LA23,0.07113664975635882,0.3568837238842722
2022Q4,DH1,LA23,0.04644585048619505,0.2330130549759793
2023Q1,DH1,LA23,0.032997534880093084,0.16554452827540012
2023Q2,DH1,LA23,0.07123511140024325,0.3573776937050269
2023Q3,DH1,LA23,0.06329978314168185,0.31756713882425897
2019Q1,DH2,LA23,0.03691752197367338,0.05652614077952195
2019Q2,DH2,LA23,0.03613870497152732,0.05533365772130944
2019Q3,DH2,LA23,0.07244088926527799,0.11091762626221094
2019Q4,DH2,LA23,0.03971527555053325,0.060809911848034325
2020Q1,DH2,LA23,0.02349753180057571,0.035978167534587505
2020Q2,DH2,LA23,0.0010465604328238137,0.0016024375201093694
2020Q3,DH2,LA23,0.10392033911131268,0.15911728102039846
2020Q4,DH2,LA23,0.031466652937795964,0.048180060814770574
2021Q2,DH2,LA23,0.06269809775774256,0.0959999835034903
2021Q3,DH2,LA23,0.10031878858965622,0.1536027789377047
2021Q4,DH2,LA23,0.04664510829872588,0.07142050217373981
2022Q1,DH2,LA23,0.032870676822159564,0.050329827307818084
2022Q2,DH2,LA23,0.0607986776950297,0.09309169280237226
2022Q3,DH2,LA23,0.06300357081824598,0.09646770756239872
2022Q4,DH2,LA23,0.034399978188284726,0.05267141199970375
2023Q1,DH2,LA23,0.04129434791770504,0.0632277032423608
2023Q2,DH2,LA23,0.06779754763822247,0.10380798919920528
2023Q3,DH2,LA23,0.10704731794367263,0.16390514424205807
2019Q1,DH3,LA23,0.03089231417682992,0.02765529663196468
2019Q2,DH3,LA23,0.06615742191739774,0.05922518840961186
2019Q3,DH3,LA23,0.10851985903639692,0.0971487236252923
2019Q4,DH3,LA23,0.05164931312505669,0.04623729601915
2020Q1,DH3,LA23,0.036913607785439714,0.03304565553810165
2020Q3,DH3,LA23,0.12284487294844182,0.10997270653336966
2020Q4,DH3,LA23,0.03346105377445623,0.029954873644421405
2021Q2,DH3,LA23,0.04698527997669246,0.042061978511986
2021Q3,DH3,LA23,0.1562548830685764,0.13988188507727628
2021Q4,DH3,LA23,0.04541156857723487,0.040653166750070586
2022Q1,DH3,LA23,0.027737945564193758,0.0248314551039499
2022Q2,DH3,LA23,0.057626993484720765,0.05158861164320156
2022Q3,DH3,LA23,0.11030032954196747,0.09874262946524226
2022Q4,DH3,LA23,0.03356677552051165,0.030049517452291417
2023Q1,DH3,LA23,0.03862558933711036,0.034578248964702664
2023Q2,DH3,LA23,0.06470647373719472,0.05792627625652949
2023Q3,DH3,LA23,0.0916290130766554,0.08202776659023057
2019Q1,DH4,LA23,0.031538862468799736,0.018164163966497147
2019Q2,DH4,LA23,0.037235002609298684,0.02144473959253705
2019Q3,DH4,LA23,0.07991757556035728,0.04602689611013415
2019Q4,DH4,LA23,0.0397345100299527,0.02288427986350116
2020Q1,DH4,LA23,0.05639596788300937,0.03248010636685699
2020Q3,DH4,LA23,0.21853566233476088,0.12586115327090672
2020Q4,DH4,LA23,0.06567628365684193,0.03782491477722765
2021Q2,DH4,LA23,0.09989128875176327,0.05753034845523367
2021Q3,DH4,LA23,0.2936455464746578,0.1691191576574426
2021Q4,DH4,LA23,0.09919855736315612,0.05713138395422013
2022Q1,DH4,LA23,0.10696422938861144,0.06160386421947867
2022Q2,DH4,LA23,0.0976952122419943,0.05626556302278892
2022Q3,DH4,LA23,0.19731420407786612,0.11363908762831285
2022Q4,DH4,LA23,0.07080159204235778,0.040776731507633515
2023Q1,DH4,LA23,0.05181851737713865,0.029843817197600674
2023Q2,DH4,LA23,0.11515899816764764,0.06632347399986306
2023Q3,DH4,LA23,0.11949465805110855,0.06882050879634806
2019Q1,DH5,LA23,0.03519162213651714,0.013279054051495136
2019Q2,DH5,LA23,0.031439458656841224,0.011863228959279206
2019Q3,DH5,LA23,0.05773238688264295,0.0217844884490544
2019Q4,DH5,LA23,0.04817301175050365,0.01817739530098165
2020Q1,DH5,LA23,0.04966375998213875,0.01873990777250856
2020Q3,DH5,LA23,0.1588053086003863,0.059922906320953075
2020Q4,DH5,LA23,0.05752161271107501,0.02170495583739892
2021Q2,DH5,LA23,0.10964319114657924,0.04137228616418456
2021Q3,DH5,LA23,0.12630929650533992,0.047661002070157235
2021Q4,DH5,LA23,0.04043127642881302,0.015256162474876031
2022Q1,DH5,LA23,0.037272346435659236,0.014064185533283148
2022Q2,DH5,LA23,0.07590169531044957,0.02864041648087909
2022Q3,DH5,LA23,0.08087711543675254,0.030517819930193705
2022Q4,DH5,LA23,0.14088528853367954,0.05316104367800455
2023Q1,DH5,LA23,0.08851825399474031,0.0334010940098274
2023Q2,DH5,LA23,0.04650425515033525,0.017547713923792976
2023Q3,DH5,LA23,0.11193986316513688,0.04223890242173231
2019Q1,DH6,LA23,0.026885868574947538,0.016284157631710167
2019Q2,DH6,LA23,0.08847746689683254,0.05358878452396254
2019Q3,DH6,LA23,0.10114202017507126,0.061259415708636224
2019Q4,DH6,LA23,0.043204712084718086,0.02616810909638152
2020Q1,DH6,LA23,0.056178683900789374,0.0340261480350652
2020Q2,DH6,LA23,0.0021328630460858244,0.0012918265204076207
2020Q3,DH6,LA23,0.160893580942114,0.0974495738044727
2020Q4,DH6,LA23,0.03784408366654324,0.022921298679108068
2021Q2,DH6,LA23,0.08435749699088528,0.051093412682084866
2021Q3,DH6,LA23,0.1765569394244005,0.10693651293223476
2021Q4,DH6,LA23,0.06473986031966983,0.03921145740787951
2022Q1,DH6,LA23,0.07119479419166842,0.04312106368974
2022Q2,DH6,LA23,0.09782555959711434,0.05925071114771584
2022Q3,DH6,LA23,0.14162033951844755,0.08577621087992737
2022Q4,DH6,LA23,0.053850404903148026,0.03261596252803939
2023Q1,DH6,LA23,0.032688063031487614,0.019798414531268703
2023Q2,DH6,LA23,0.05138782966512796,0.03112443685000229
2023Q3,DH6,LA23,0.07927369788954441,0.04801427147065602
2019Q1,DH7,LA23,0.023862922880816328,0.01717998404844775
2019Q2,DH7,LA23,0.05326202217760266,0.03834570877882255
2019Q3,DH7,LA23,0.05842571231982102,0.04206327995472217
2019Q4,DH7,LA23,0.06332055755644944,0.04558729767480207
2020Q1,DH7,LA23,0.031751015189207366,0.022858974032519876
2020Q2,DH7,LA23,0.009441808981675362,0.006797580015819268
2020Q3,DH7,LA23,0.16172452165708787,0.11643270676389855
2020Q4,DH7,LA23,0.06187018096827983,0.0445431067861399
2021Q2,DH7,LA23,0.07140749667584836,0.05140944635985404
2021Q3,DH7,LA23,0.13012093430553687,0.09367987261675162
2021Q4,DH7,LA23,0.06938548571987223,0.04995371035706191
2022Q1,DH7,LA23,0.06640609766827077,0.047808715820713735
2022Q2,DH7,LA23,0.08712041185276427,0.06272187583223196
2022Q3,DH7,LA23,0.10463730948732396,0.0753330728529438
2022Q4,DH7,LA23,0.07329091743021293,0.05276540508620567
2023Q1,DH7,LA23,0.04679066318380165,0.03368668838804479
2023Q2,DH7,LA23,0.07009751798757219,0.05046633419036856
2023Q3,DH7,LA23,0.09569974789861352,0.06889852305814466
2019Q1,DH8,LA23,0.028368445509113906,0.07321866222089586
2019Q2,DH8,LA23,0.07759241438851776,0.2002652129173403
2019Q3,DH8,LA23,0.05513883681661197,0.14231276320133876
2019Q4,DH8,LA23,0.0353562278648945,0.09125405565888538
2020Q1,DH8,LA23,0.023601595999778364,0.060915473314413424
2020Q3,DH8,LA23,0.07054154578546236,0.1820669945325798
2020Q4,DH8,LA23,0.030562093273478294,0.07888044423990072
2021Q2,DH8,LA23,0.046001275729873885,0.11872881326239215
2021Q3,DH8,LA23,0.06986336862725814,0.18031662635479126
2021Q4,DH8,LA23,0.062317054478331364,0.16083966817935913
2022Q1,DH8,LA23,0.03637333952832871,0.09387921026250994
2022Q2,DH8,LA23,0.058909360628533684,0.15204444586587698
2022Q3,DH8,LA23,0.07820123029083724,0.20183656041652984
2022Q4,DH8,LA23,0.037349663635798384,0.09639909260925232
2023Q1,DH8,LA23,0.036052837860890384,0.09305199879891876
2023Q2,DH8,LA23,0.04742693527530447,0.1224084256918198
2023Q3,DH8,LA23,0.050810565587620315,0.13114154026583644
2019Q1,DH9,LA23,0.017196823963239263,0.0324177817202688
2019Q2,DH9,LA23,0.037966149222818005,0.07157009578602631
2019Q3,DH9,LA23,0.047754819650814254,0.09002274622571015
2019Q4,DH9,LA23,0.029941291999266113,0.056442414630160996
2020Q1,DH9,LA23,0.02469522588324444,0.04655304048742224
2020Q2,DH9,LA23,0.0007546268466619363,0.0014225492130195295
2020Q3,DH9,LA23,0.0432802564075044,0.0815877343406531
2021Q2,DH9,LA23,0.029729191035502926,0.056042582500656656
2021Q3,DH9,LA23,0.05365264556380296,0.10114075461377754
2021Q4,DH9,LA23,0.0344955177564523,0.06502759854649844
2022Q1,DH9,LA23,0.02224241056070937,0.04192923135289558
2022Q2,DH9,LA23,0.0584863996797425,0.11025287823351962
2022Q3,DH9,LA23,0.037122194501905716,0.06997915434341988
2022Q4,DH9,LA23,0.02207683373239732,0.04161710200333495
2023Q1,DH9,LA23,0.026273824701791428,0.049528861606073206
2023Q2,DH9,LA23,0.04989278202370522,0.09405302517016426
2023Q3,DH9,LA23,0.0481691644449433,0.09080382877454116
2019Q1,DL1,LA23,0.027314967604827992,0.06800638406249293
2019Q2,DL1,LA23,0.04670284662503657,0.11627660593793113
2019Q3,DL1,LA23,0.04067143246823518,0.101260125833635
2019Q4,DL1,LA23,0.03331284002466032,0.08293935492455079
2020Q1,DL1,LA23,0.01742465647101389,0.04338236447021535
2020Q2,DL1,LA23,0.0013712617125042374,0.003414045808872639
2020Q3,DL1,LA23,0.06141265523409959,0.15289978295304452
2020Q4,DL1,LA23,0.02177134613709104,0.054204366938175916
2021Q2,DL1,LA23,0.042976228965681096,0.10699840376457756
2021Q3,DL1,LA23,0.05938609543093992,0.14785423406962114
2021Q4,DL1,LA23,0.02623454614838022,0.06531644653155629
2022Q1,DL1,LA23,0.03487507183440143,0.08682886114637471
2022Q2,DL1,LA23,0.05327821773003502,0.1326473818139715
2022Q3,DL1,LA23,0.059731444639629226,0.14871405390399106
2022Q4,DL1,LA23,0.029981550214101305,0.07464540497162088
2023Q1,DL1,LA23,0.02242803817006205,0.055839340526689804
2023Q2,DL1,LA23,0.045579619523313984,0.11348009470737612
2023Q3,DL1,LA23,0.036939587525196216,0.09196890923291964
2019Q1,DL10,LA23,0.0398064251875188,0.015183353984024154
2019Q2,DL10,LA23,0.06563725005396127,0.02503599852065293
2019Q3,DL10,LA23,0.0639636582674652,0.024397640858556398
2019Q4,DL10,LA23,0.051974986149588766,0.019824804897863483
2020Q1,DL10,LA23,0.05194333026235976,0.01981273040136669
2020Q2,DL10,LA23,0.007748678791299884,0.002955576453865939
2020Q3,DL10,LA23,0.09504784396423413,0.03625407339465777
2020Q4,DL10,LA23,0.08639479249048178,0.03295354231332977
2021Q2,DL10,LA23,0.057282749612458474,0.021849343678740724
2021Q3,DL10,LA23,0.17532584708350266,0.06687449039388706
2021Q4,DL10,LA23,0.12699640598294462,0.048440204757258215
2022Q1,DL10,LA23,0.07824766654376057,0.02984598626882763
2022Q2,DL10,LA23,0.15566735155808242,0.05937615576700881
2022Q3,DL10,LA23,0.1632010736061626,0.062249741328495374
2022Q4,DL10,LA23,0.04295059405858125,0.016382633465414492
2023Q1,DL10,LA23,0.14254664974840006,0.05437153002740088
2023Q2,DL10,LA23,0.08279739471903284,0.03158138785515011
2023Q3,DL10,LA23,0.13642151990390486,0.052035223408834166
2019Q1,DL11,LA23,0.09093390191675513,0.0060582159369202745
2019Q2,DL11,LA23,0.1940758890783077,0.012929761281579136
2019Q3,DL11,LA23,0.17635251454432355,0.01174899120799225
2019Q4,DL11,LA23,0.0958479573873252,0.006385601087443905
2020Q1,DL11,LA23,0.1022661826640371,0.006813197328653434
2020Q3,DL11,LA23,0.13140431767493288,0.00875444377441513
2021Q2,DL11,LA23,0.2064185465135536,0.01375205618372252
2021Q3,DL11,LA23,0.13207609336757484,0.008799198944064893
2022Q1,DL11,LA23,0.07706428422375917,0.005134191594232112
2022Q2,DL11,LA23,0.2509131048699809,0.016716381224870562
2022Q3,DL11,LA23,0.06536518573154505,0.0043547720000084505
2023Q1,DL11,LA23,0.07299130494349207,0.004862840783738475
2023Q2,DL11,LA23,0.1258108896945181,0.008381797337622109
2023Q3,DL11,LA23,0.18864090899955,0.012567670991424024
2019Q1,DL12,LA23,0.046462704106949235,0.0246953820356448
2019Q2,DL12,LA23,0.08539943420453265,0.045390635216890345
2019Q3,DL12,LA23,0.10278773294374978,0.05463268620312777
2019Q4,DL12,LA23,0.06695389425427546,0.035586650178119864
2020Q1,DL12,LA23,0.06670182683738697,0.03545267387866751
2020Q3,DL12,LA23,0.0893541584051704,0.04749260984057034
2020Q4,DL12,LA23,0.06817029298164552,0.03623317800850465
2021Q2,DL12,LA23,0.08466241247506598,0.04499890095330001
2021Q3,DL12,LA23,0.10625110932474308,0.05647350465108088
2021Q4,DL12,LA23,0.0694866752769665,0.036932848083950136
2022Q1,DL12,LA23,0.06262086488020714,0.033283602651699995
2022Q2,DL12,LA23,0.11887828578058372,0.06318497253918952
2022Q3,DL12,LA23,0.12923141420181852,0.06868776163725765
2022Q4,DL12,LA23,0.06248156804540205,0.033209565020486165
2023Q1,DL12,LA23,0.07609429681390165,0.04044486360990748
2023Q2,DL12,LA23,0.10596748246871908,0.056322754200806624
2023Q3,DL12,LA23,0.11371790938572983,0.060442181972689114
2019Q1,DL13,LA23,0.031355489040341834,0.002515038087668836
2019Q2,DL13,LA23,0.056978922458791076,0.00457030537759479
2019Q3,DL13,LA23,0.07619334259344471,0.0061115027867294424
2020Q1,DL13,LA23,0.05114230346968044,0.004102147504440968
2020Q3,DL13,LA23,0.09353373479321632,0.007502383559835248
2021Q4,DL13,LA23,0.07791322970251391,0.0062494557167645775
2022Q2,DL13,LA23,0.06750376621429004,0.005414507899130548
2022Q3,DL13,LA23,0.041548614527424935,0.003332633335487125
2022Q4,DL13,LA23,0.0926701856053294,0.007433117885320752
2023Q1,DL13,LA23,0.050790754217826674,0.00407394957849039
2023Q2,DL13,LA23,0.08481801757225714,0.006803291903383616
2023Q3,DL13,LA23,0.2508952925980056,0.020124425936681924
2019Q1,DL14,LA23,0.028607845077940043,0.1082420769037465
2019Q2,DL14,LA23,0.047013940458487086,0.1778843021832441
2019Q3,DL14,LA23,0.051946989113173934,0.1965492323936738
2019Q4,DL14,LA23,0.03787165989567736,0.14329311109355386
2020Q1,DL14,LA23,0.025150577708442142,0.09516098675289926
2020Q2,DL14,LA23,0.001660700622442735,0.006283510135027967
2020Q3,DL14,LA23,0.07450067025303943,0.2818844710931587
2020Q4,DL14,LA23,0.03628508370324469,0.13729006186817275
2021Q1,DL14,LA23,0.0016908739854192508,0.0063976755839406894
2021Q2,DL14,LA23,0.054666356285497576,0.2068383663635427
2021Q3,DL14,LA23,0.08828542558996545,0.33404116249070304
2021Q4,DL14,LA23,0.06802891385066735,0.2573976091047997
2022Q1,DL14,LA23,0.04093088347112787,0.15486814278914332
2022Q2,DL14,LA23,0.05492146356588801,0.20780360305954326
2022Q3,DL14,LA23,0.05142206049951663,0.1945630861735139
2022Q4,DL14,LA23,0.04509702422439831,0.1706313618145101
2023Q1,DL14,LA23,0.05655791466482396,0.21399536148167048
2023Q2,DL14,LA23,0.04446575313767937,0.16824285288174773
2023Q3,DL14,LA23,0.053837362724606375,0.2037017447645992
2019Q1,DL15,LA23,0.025214829591938503,0.008341741822297443
2019Q2,DL15,LA23,0.06050702384011621,0.02001734612044396
2019Q3,DL15,LA23,0.06825026890128634,0.0225790192394926
2019Q4,DL15,LA23,0.037418035193986385,0.01237888949230362
2020Q1,DL15,LA23,0.029241841545004293,0.009673985369900892
2020Q3,DL15,LA23,0.2420999984828223,0.08009317196289825
2020Q4,DL15,LA23,0.06599941705581665,0.021834377087274648
2021Q2,DL15,LA23,0.09292265609294756,0.0307413065689456
2021Q3,DL15,LA23,0.14580532635688592,0.04823631206192326
2021Q4,DL15,LA23,0.09644809459370217,0.03190761616768603
2022Q1,DL15,LA23,0.08962669564226998,0.029650914463149027
2022Q2,DL15,LA23,0.10369085895518047,0.034303716849742816
2022Q3,DL15,LA23,0.15615128960697716,0.05165903415570377
2022Q4,DL15,LA23,0.07738393239539929,0.025600680063406808
2023Q1,DL15,LA23,0.055413922431549766,0.01833241159133559
2023Q2,DL15,LA23,0.12129401090132635,0.04012731158227943
2023Q3,DL15,LA23,0.06626954550333587,0.021923742821825708
2019Q1,DL16,LA23,0.028192438151134886,0.04247728334957604
2019Q2,DL16,LA23,0.03947949079439507,0.05948338018799524
2019Q3,DL16,LA23,0.044087110151083235,0.06642563725465324
2019Q4,DL16,LA23,0.02427987028285264,0.03658225387129795
2020Q1,DL16,LA23,0.031152261456395106,0.04693682148984702
2020Q3,DL16,LA23,0.05017471314170728,0.07559777184500809
2020Q4,DL16,LA23,0.013269369816317359,0.019992835615579227
2021Q2,DL16,LA23,0.02212556577656935,0.033336383384889534
2021Q3,DL16,LA23,0.04087707982700582,0.0615891145351353
2021Q4,DL16,LA23,0.019741161029544117,0.029743823014037468
2022Q1,DL16,LA23,0.015568884610084509,0.02345749308641444
2022Q2,DL16,LA23,0.028789067200800093,0.04337621876840561
2022Q3,DL16,LA23,0.025225944578207704,0.03800769517928677
2022Q4,DL16,LA23,0.0177836534132051,0.0267944645643555
2023Q1,DL16,LA23,0.035277414114351355,0.05315215048597398
2023Q2,DL16,LA23,0.03285241191087822,0.049498422306521433
2023Q3,DL16,LA23,0.06299568741068516,0.09491501407576117
2019Q1,DL17,LA23,0.028910324035357256,0.009314064150972749
2019Q2,DL17,LA23,0.048453928403395484,0.01561044410861406
2019Q3,DL17,LA23,0.043535486056581765,0.014025865274940055
2019Q4,DL17,LA23,0.017255617521635326,0.005559257252343513
2020Q1,DL17,LA23,0.018514851871332883,0.005964945874160671
2020Q3,DL17,LA23,0.14351793038624858,0.04623729601915
2020Q4,DL17,LA23,0.03999544637878291,0.012885367623800532
2021Q2,DL17,LA23,0.06802154597325469,0.021914560420298216
2021Q3,DL17,LA23,0.1564641880820253,0.05040820308148584
2021Q4,DL17,LA23,0.07531707087790063,0.02426496600184021
2022Q1,DL17,LA23,0.062238403938438,0.02005140053870735
2022Q2,DL17,LA23,0.06952001465137457,0.02239732337304695
2022Q3,DL17,LA23,0.16043018156408828,0.051685930638918166
2022Q4,DL17,LA23,0.08481283345220167,0.0273242240603552
2023Q1,DL17,LA23,0.04419798111990509,0.014239301883673656
2023Q2,DL17,LA23,0.07450017317109273,0.024001785359634827
2023Q3,DL17,LA23,0.12859383766571966,0.04142918813270534
2019Q1,DL2,LA23,0.04929892602951305,0.02246152788136519
2019Q2,DL2,LA23,0.059409886439639924,0.027068273655573037
2019Q3,DL2,LA23,0.07813361096024668,0.03559915848886204
2019Q4,DL2,LA23,0.0595833350738433,0.02714730015060889
2020Q1,DL2,LA23,0.032128463385926176,0.014638338687061447
2020Q3,DL2,LA23,0.13409785220825066,0.061097530692730224
2020Q4,DL2,LA23,0.03333593882751223,0.015188487452594645
2021Q2,DL2,LA23,0.13366573818177685,0.06090065132769579
2021Q3,DL2,LA23,0.1393452684819957,0.06348835330146806
2021Q4,DL2,LA23,0.08367746094734206,0.03812504193266572
2022Q1,DL2,LA23,0.06983727555663008,0.03181919036399999
2022Q2,DL2,LA23,0.11387180543695455,0.051882159282584495
2022Q3,DL2,LA23,0.16558393675496794,0.07544318936889953
2022Q4,DL2,LA23,0.0982750757351746,0.04477599273354199
2023Q1,DL2,LA23,0.043452612092928514,0.01979783611227485
2023Q2,DL2,LA23,0.1102773086269446,0.05024443820384979
2023Q3,DL2,LA23,0.11391957125479098,0.051903922297228414
2019Q1,DL3,LA23,0.035370861662364333,0.1082956529630526
2019Q2,DL3,LA23,0.056931955756033714,0.17430967280120166
2019Q3,DL3,LA23,0.06188200513950705,0.1894653349758948
2019Q4,DL3,LA23,0.049958765706191434,0.15295972162128305
2020Q1,DL3,LA23,0.034021455742604616,0.10416415069467334
2020Q3,DL3,LA23,0.10591915486758803,0.3242947301418214
2020Q4,DL3,LA23,0.030000229880113895,0.09185228550328302
2021Q1,DL3,LA23,0.0010139318289664916,0.0031043747400359093
2021Q2,DL3,LA23,0.07189186623040184,0.22011272076071275
2021Q3,DL3,LA23,0.1012242178734459,0.3099201505159592
2021Q4,DL3,LA23,0.06844155558817137,0.2095488377687613
2022Q1,DL3,LA23,0.04154709411569177,0.12720554361738118
2022Q2,DL3,LA23,0.0600133535271976,0.18374404810289685
2022Q3,DL3,LA23,0.06299101078865751,0.19286079907458975
2022Q4,DL3,LA23,0.04343430708484787,0.1329836601565257
2023Q1,DL3,LA23,0.02145003294704117,0.06567398177213475
2023Q2,DL3,LA23,0.05017559824889616,0.1536236020214836
2023Q3,DL3,LA23,0.04479830704854045,0.13715984529218053
2019Q1,DL4,LA23,0.02610550196583492,0.007375059078812253
2019Q2,DL4,LA23,0.0656920517052682,0.018558645720308305
2019Q3,DL4,LA23,0.0623488542289224,0.017614159805712414
2019Q4,DL4,LA23,0.025375337195107324,0.007168780405127644
2020Q3,DL4,LA23,0.07869041782531164,0.02223081100519008
2021Q2,DL4,LA23,0.009293797225447578,0.002625588417869947
2022Q3,DL4,LA23,0.01464526773225236,0.004137431063066306
2023Q2,DL4,LA23,0.058331540381705065,0.016479229437388783
2023Q3,DL4,LA23,0.05987018412569885,0.01691391131127307
2019Q1,DL5,LA23,0.03305549045231678,0.0541213638125573
2019Q2,DL5,LA23,0.03509593974152133,0.05746216731633266
2019Q3,DL5,LA23,0.05844355308930015,0.09568893868954316
2019Q4,DL5,LA23,0.039348531754471984,0.0644248859548984
2020Q1,DL5,LA23,0.021515995913498915,0.03522788579717944
2020Q2,DL5,LA23,0.0013812754472802018,0.002261545963610565
2020Q3,DL5,LA23,0.062459580871582286,0.10226433350934673
2020Q4,DL5,LA23,0.022488837056233116,0.03682070710151592
2021Q2,DL5,LA23,0.05072286851417837,0.08304795309064764
2021Q3,DL5,LA23,0.06879369081934543,0.1126350968597238
2021Q4,DL5,LA23,0.04739118567919317,0.07759302816432126
2022Q1,DL5,LA23,0.02675556021605961,0.04380656249983597
2022Q2,DL5,LA23,0.05225163780697524,0.08555098898419393
2022Q3,DL5,LA23,0.07900909689589629,0.12936066048612188
2022Q4,DL5,LA23,0.024523192288347446,0.040151532877647236
2023Q1,DL5,LA23,0.022797514295802426,0.03732610069739935
2023Q2,DL5,LA23,0.06572727610712029,0.10761449229541056
2023Q3,DL5,LA23,0.054851150594455535,0.08980714054574958
2019Q1,DL6,LA23,0.02561946969656148,0.031589485721064126
2019Q2,DL6,LA23,0.051517646442359316,0.06352262462685414
2019Q3,DL6,LA23,0.042077493306116834,0.051882665399204116
2019Q4,DL6,LA23,0.056304394568440115,0.06942481204018122
2020Q1,DL6,LA23,0.022010175294163832,0.02713912998232064
2020Q3,DL6,LA23,0.04054222969090408,0.04998964463705534
2020Q4,DL6,LA23,0.018765434168665492,0.023138278104179056
2021Q2,DL6,LA23,0.0179133048104701,0.022087580001835992
2021Q3,DL6,LA23,0.03448115764435107,0.042516182026912985
2021Q4,DL6,LA23,0.02700802070138304,0.03330160594288382
2022Q1,DL6,LA23,0.0119775424555262,0.014768627565427963
2022Q2,DL6,LA23,0.03146059010379499,0.0387917421254613
2022Q3,DL6,LA23,0.02415703464334148,0.0297862645077118
2022Q4,DL6,LA23,0.02786865258895761,0.03436278788949056
2023Q1,DL6,LA23,0.03563105144521892,0.04393403158560742
2023Q2,DL6,LA23,0.04238991728220168,0.05226789244911356
2023Q3,DL6,LA23,0.04552007949454878,0.05612746548800532
2019Q1,DL7,LA23,0.024721457232422084,0.02510678254502631
2019Q2,DL7,LA23,0.03542912656746374,0.03598134883905372
2019Q3,DL7,LA23,0.07435929735509016,0.07551831153572684
2019Q4,DL7,LA23,0.03166972397906045,0.0321633496653455
2020Q1,DL7,LA23,0.018026280593002104,0.018307250365102768
2020Q2,DL7,LA23,0.0018121394062268984,0.0018403846337077055
2020Q3,DL7,LA23,0.08103461122660184,0.08229767135323958
2020Q4,DL7,LA23,0.052530115423892784,0.05334888524625993
2021Q2,DL7,LA23,0.0736678024995593,0.07481603857480898
2021Q3,DL7,LA23,0.11854811814825394,0.12039588910506513
2021Q4,DL7,LA23,0.0640387740124686,0.06503692555277439
2022Q1,DL7,LA23,0.0498853771979981,0.05066292434590605
2022Q2,DL7,LA23,0.062044666022823936,0.06301173605052908
2022Q3,DL7,LA23,0.08333620055888398,0.084635134809794
2022Q4,DL7,LA23,0.03961048838666404,0.040227884184836485
2023Q1,DL7,LA23,0.0554914476601391,0.056356374804824624
2023Q2,DL7,LA23,0.0755543382945466,0.07673197918958939
2023Q3,DL7,LA23,0.09631555828527058,0.09781679756319828
2019Q1,DL8,LA23,0.03552070065890423,0.025742103507405096
2019Q2,DL8,LA23,0.05206478270574093,0.03773171701684228
2019Q3,DL8,LA23,0.08197045627795177,0.05940457060008208
2019Q4,DL8,LA23,0.05057285621093073,0.0366505073125732
2020Q1,DL8,LA23,0.045238575490185985,0.032784716269497464
2020Q2,DL8,LA23,0.004603083095997921,0.0033358869423275764
2020Q3,DL8,LA23,0.1466554565768123,0.10628224874780713
2020Q4,DL8,LA23,0.06490618533557274,0.047037972511397935
2021Q2,DL8,LA23,0.08509787501760774,0.061671033125140426
2021Q3,DL8,LA23,0.14414300606732955,0.10446145805751636
2021Q4,DL8,LA23,0.19369094848387847,0.14036920307960166
2022Q1,DL8,LA23,0.11830915247858055,0.08573948127381739
2022Q2,DL8,LA23,0.1147704911943474,0.0831749883621737
2022Q3,DL8,LA23,0.14848948658577954,0.10761138329331857
2022Q4,DL8,LA23,0.12091338929107424,0.08762679014840183
2023Q1,DL8,LA23,0.1075772385344694,0.07796198718002842
2023Q2,DL8,LA23,0.07845923111690123,0.05685996084135225
2023Q3,DL8,LA23,0.13278814247539208,0.09623250793902123
2020Q4,DL9,LA23,0.305521329719085,0.010353555385309816
2021Q2,DL9,LA23,0.650918870366044,0.022058442145020396
2021Q3,DL9,LA23,0.5151221302302856,0.017456540629886108
2021Q4,DL9,LA23,0.21926368757874165,0.007430442697474156
2022Q1,DL9,LA23,0.2687643815186884,0.009107930082036605
2022Q2,DL9,LA23,0.12551512106345095,0.004253476373709068
2022Q3,DL9,LA23,0.3188880745806757,0.010806529759874865
2022Q4,DL9,LA23,0.2117364927069632,0.007175359921182778
2023Q2,DL9,LA23,0.11376988076607555,0.003855451803560529
2023Q3,DL9,LA23,0.16992727765385354,0.005758522595727595
2019Q1,DN1,LA23,0.01134143115124201,0.01390685556695377
2019Q2,DN1,LA23,0.012816902739485558,0.015716077877367375
2019Q3,DN1,LA23,0.025218694581747175,0.030923147040139706
2019Q4,DN1,LA23,0.015533520531659028,0.01904719286299562
2020Q1,DN1,LA23,0.005923880154773132,0.007263858027243051
2020Q3,DN1,LA23,0.026053810439329937,0.031947165566391066
2020Q4,DN1,LA23,0.008010225165635997,0.009822132934702774
2021Q2,DN1,LA23,0.0359118097791572,0.04403503800240988
2021Q3,DN1,LA23,0.013605200691898458,0.01668268831847833
2021Q4,DN1,LA23,0.014685314529305856,0.0180071232096647
2022Q1,DN1,LA23,0.010676899927987213,0.013092007809356305
2022Q2,DN1,LA23,0.015253969286809782,0.01870440730676052
2022Q3,DN1,LA23,0.024860366609811117,0.030483765511930317
2022Q4,DN1,LA23,0.016955334319267094,0.02079062001285788
2023Q1,DN1,LA23,0.01070024991595606,0.013120639549552277
2023Q2,DN1,LA23,0.025279310207080446,0.030997473880850463
2023Q3,DN1,LA23,0.016858986136587564,0.020672477933362386
2020Q1,DN10,LA23,0.027407861589523595,0.00579944573954305
2020Q3,DN10,LA23,0.03831756480766462,0.008107915944030345
2021Q3,DN10,LA23,0.02660077317179467,0.0056286675316064745
2021Q4,DN10,LA23,0.05126993295433379,0.010848609741678035
2022Q2,DN10,LA23,0.02989678285740568,0.006326096233450762
2022Q3,DN10,LA23,0.014082360270898453,0.002979797749233742
2019Q1,DN11,LA23,0.014608841032082919,0.02206856447741291
2019Q2,DN11,LA23,0.03076153080683805,0.046469314338061285
2019Q3,DN11,LA23,0.027849057473493973,0.04206964256365461
2019Q4,DN11,LA23,0.02751258498276401,0.04156135687280189
2020Q1,DN11,LA23,0.010856047994649813,0.016399479918610606
2020Q3,DN11,LA23,0.021422289313429085,0.03236116896124494
2020Q4,DN11,LA23,0.0098640045642999,0.01490086860789875
2021Q2,DN11,LA23,0.017032830974190866,0.02573031822040524
2021Q3,DN11,LA23,0.026371354531986604,0.039837379061608114
2021Q4,DN11,LA23,0.020518695550628102,0.03099617243811428
2022Q1,DN11,LA23,0.00941098719235693,0.0142165266357905
2022Q2,DN11,LA23,0.019804541064969247,0.029917348712194876
2022Q3,DN11,LA23,0.016460636290453072,0.024865943336458682
2022Q4,DN11,LA23,0.0075510553303702625,0.01140685637312524
2023Q1,DN11,LA23,0.007290253253273883,0.011012880735933707
2023Q2,DN11,LA23,0.01665744637322428,0.025163250699301698
2023Q3,DN11,LA23,0.014146394772419638,0.021369978937580903
2019Q1,DN12,LA23,0.00655354973400385,0.00519037053901057
2019Q2,DN12,LA23,0.012552046570091038,0.009941142642689058
2019Q3,DN12,LA23,0.016221786107994653,0.012847553482077063
2019Q4,DN12,LA23,0.013932101612493369,0.011034137633957991
2020Q1,DN12,LA23,0.006427293458046821,0.005090376355447368
2020Q3,DN12,LA23,0.01448313768022774,0.011470554764823854
2020Q4,DN12,LA23,0.0035273246496223647,0.002793619135585697
2021Q2,DN12,LA23,0.004483786690983035,0.0035511311104169867
2021Q3,DN12,LA23,0.032484014392597384,0.02572713691593902
2021Q4,DN12,LA23,0.01879739587919906,0.014887420366291553
2022Q1,DN12,LA23,0.016579192702623556,0.013130617277196327
2022Q2,DN12,LA23,0.01852507305115869,0.014671742383956746
2022Q3,DN12,LA23,0.02637295501981097,0.020887215984832168
2022Q4,DN12,LA23,0.005701160111002555,0.004515283270804047
2023Q1,DN12,LA23,0.00390627606068356,0.003093746291023769
2023Q2,DN12,LA23,0.010837955581393137,0.008583593264104322
2023Q3,DN12,LA23,0.003472549692591116,0.002750237711046347
2019Q1,DN14,LA23,0.015568681457361516,0.03340883036387025
2019Q2,DN14,LA23,0.02387959740534055,0.0512432232014941
2019Q3,DN14,LA23,0.045286749203788126,0.0971808258794514
2019Q4,DN14,LA23,0.019877309021966254,0.04265471337594198
2020Q1,DN14,LA23,0.014652224601942687,0.031442205784753034
2020Q3,DN14,LA23,0.060757518027993486,0.13037954554380274
2020Q4,DN14,LA23,0.029451823552620736,0.06320066215439793
2021Q2,DN14,LA23,0.03851487429411134,0.08264906089200831
2021Q3,DN14,LA23,0.06334913671935766,0.135940899564999
2021Q4,DN14,LA23,0.028324547927188838,0.060781641619709524
2022Q1,DN14,LA23,0.024341464705858247,0.05223434414746979
2022Q2,DN14,LA23,0.04886093093992155,0.10485066173800857
2022Q3,DN14,LA23,0.04987964685990642,0.10703672402292064
2022Q4,DN14,LA23,0.028376907263707982,0.060893999509266425
2023Q1,DN14,LA23,0.01568205929995285,0.03365212785316177
2023Q2,DN14,LA23,0.035316035549498706,0.07578467348239844
2023Q3,DN14,LA23,0.03211187326874063,0.06890886229765987
2019Q1,DN15,LA23,0.011248533611845154,0.02686828528844663
2019Q2,DN15,LA23,0.01635691344393313,0.039070178568629696
2019Q3,DN15,LA23,0.017783828420554804,0.04247851248993799
2019Q4,DN15,LA23,0.009325891300218532,0.022275855384336768
2020Q1,DN15,LA23,0.008212812863215305,0.019617152479068454
2020Q3,DN15,LA23,0.0280923053604873,0.06710137524422785
2020Q4,DN15,LA23,0.0216839012514382,0.05179423959551808
2021Q2,DN15,LA23,0.025207539745256097,0.0602108143751459
2021Q3,DN15,LA23,0.06094304222797299,0.14556875602013972
2021Q4,DN15,LA23,0.02915731546947026,0.06964526197921535
2022Q1,DN15,LA23,0.024132540626042226,0.05764306785666176
2022Q2,DN15,LA23,0.03475373412565818,0.08301288643914499
2022Q3,DN15,LA23,0.03603341714542182,0.08606954161218762
2022Q4,DN15,LA23,0.028739199716986706,0.06864654928394529
2023Q1,DN15,LA23,0.02414210586008152,0.05766591540691915
2023Q2,DN15,LA23,0.01737352225788813,0.04149845380721983
2023Q3,DN15,LA23,0.017498899471150055,0.04179793024128981
2019Q1,DN16,LA23,0.014329322993311853,0.026113665408584633
2019Q2,DN16,LA23,0.025850174378694656,0.04710919035001671
2019Q3,DN16,LA23,0.028403420554999594,0.0517622096437332
2019Q4,DN16,LA23,0.01222316765937783,0.022275421570091374
2020Q1,DN16,LA23,0.008974389531914442,0.01635486935370931
2020Q3,DN16,LA23,0.05934076585226077,0.10814222732493176
2020Q4,DN16,LA23,0.015192677667269928,0.027687037374252637
2021Q2,DN16,LA23,0.0253111579456082,0.04612689029369736
2021Q3,DN16,LA23,0.05193256303553262,0.09464156649641478
2021Q4,DN16,LA23,0.022562356639119013,0.0411174925973901
2022Q1,DN16,LA23,0.02104310474215304,0.038348817780914535
2022Q2,DN16,LA23,0.03657733934100263,0.0666583062949326
2022Q3,DN16,LA23,0.046353667571722934,0.0844746235389984
2022Q4,DN16,LA23,0.01988885734867562,0.03624532480737568
2023Q1,DN16,LA23,0.008913211603177556,0.016243379092643177
2023Q2,DN16,LA23,0.02397067890654651,0.04368400997551231
2023Q3,DN16,LA23,0.02453127821462185,0.044705642523413996
2019Q1,DN17,LA23,0.014047664678327295,0.03279707997549118
2019Q2,DN17,LA23,0.035887430617005917,0.08378637723868161
2019Q3,DN17,LA23,0.034383100114119235,0.0802742171079758
2019Q4,DN17,LA23,0.03119370638406132,0.07282794019054477
2020Q1,DN17,LA23,0.019068262438486337,0.044518668583649404
2020Q3,DN17,LA23,0.0225425053114451,0.052629982739268666
2020Q4,DN17,LA23,0.009427057299741136,0.022009348832916692
2021Q2,DN17,LA23,0.01769319485389365,0.04130829856298902
2021Q3,DN17,LA23,0.023851640755872983,0.055686421005188586
2021Q4,DN17,LA23,0.013698834416788354,0.031982666032139104
2022Q1,DN17,LA23,0.009392248598216829,0.021928080964279645
2022Q2,DN17,LA23,0.011591142764615172,0.02706183874426636
2022Q3,DN17,LA23,0.017838251755975358,0.04164696288389288
2022Q4,DN17,LA23,0.010221804370219993,0.02386484466283894
2023Q1,DN17,LA23,0.007010020345498309,0.016366293128838003
2023Q2,DN17,LA23,0.031600447919488565,0.07377755957371117
2023Q3,DN17,LA23,0.034854225359928166,0.08137415312717103
2019Q1,DN18,LA23,0.008136295960866994,0.006694910644409473
2019Q2,DN18,LA23,0.01291916845797175,0.010630473478619337
2019Q3,DN18,LA23,0.027379379278050786,0.022528985996523882
2019Q4,DN18,LA23,0.011518101035015856,0.0094776121214861
2020Q1,DN18,LA23,0.008189456562365164,0.006738653580819984
2020Q3,DN19,LA23,0.07816032025142536,0.0033760870624007073
2019Q1,DN2,LA23,0.015713482244561025,0.03749319148425008
2019Q2,DN2,LA23,0.034953127830277354,0.08339999335078446
2019Q3,DN2,LA23,0.0290449777753498,0.06930283793485141
2019Q4,DN2,LA23,0.019046500062187114,0.04544594653317802
2020Q1,DN2,LA23,0.01200650633062587,0.028648152834921937
2020Q3,DN2,LA23,0.032456417402654834,0.07744271152829241
2020Q4,DN2,LA23,0.00860794509169547,0.020539007750529647
2021Q2,DN2,LA23,0.02221734109256369,0.053011739275214936
2021Q3,DN2,LA23,0.04719826312196261,0.11261752738278538
2021Q4,DN2,LA23,0.02275241540296201,0.05428845459940803
2022Q1,DN2,LA23,0.02170884171535257,0.05179843313322355
2022Q2,DN2,LA23,0.026026586561238598,0.06210079843757694
2022Q3,DN2,LA23,0.02166496428860793,0.05169373929533525
2022Q4,DN2,LA23,0.015577395557054015,0.03716848152157305
2023Q1,DN2,LA23,0.01669817897073067,0.039842729437301286
2023Q2,DN2,LA23,0.027165611833271784,0.06481857238259299
2023Q3,DN2,LA23,0.02016646531942585,0.048118242284802
2019Q1,DN20,LA23,0.007986682757522958,0.0074318164425845705
2019Q2,DN20,LA23,0.02683434652300948,0.024970058755353124
2019Q3,DN20,LA23,0.04315876306247934,0.04016035376730357
2019Q4,DN20,LA23,0.02532423659390823,0.02356486211214933
2020Q1,DN20,LA23,0.013806686051552823,0.012847481179702832
2020Q3,DN20,LA23,0.06429921426238415,0.05983209453891738
2020Q4,DN20,LA23,0.01419099290564774,0.013205088722655543
2021Q2,DN20,LA23,0.03537200378566529,0.03291457133361859
2021Q3,DN20,LA23,0.05026276772406249,0.04677081523860978
2021Q4,DN20,LA23,0.028532569451254233,0.02655029944657319
2022Q1,DN20,LA23,0.015531637964392938,0.014452593887658797
2022Q2,DN20,LA23,0.02096306087481409,0.019506674451241574
2022Q3,DN20,LA23,0.037878778497919686,0.03524719053109945
2022Q4,DN20,LA23,0.02325895633069696,0.021643065005056115
2023Q1,DN20,LA23,0.01534709918993369,0.0142808757488572
2023Q2,DN20,LA23,0.04170288810793496,0.038805624181313884
2023Q3,DN20,LA23,0.04812996569453329,0.04478618736830873
2019Q1,DN21,LA23,0.009508127533485743,0.01954318715022886
2019Q2,DN21,LA23,0.015058234652686953,0.030950983454219125
2019Q3,DN21,LA23,0.015797643900087487,0.03247077936058103
2019Q4,DN21,LA23,0.013229586235649987,0.027192344529755576
2020Q1,DN21,LA23,0.006538073252526204,0.01343848078667725
2020Q3,DN21,LA23,0.01938676874931544,0.03984793520824602
2020Q4,DN21,LA23,0.01685297295961477,0.03463992288992277
2021Q2,DN21,LA23,0.026665341719588013,0.05480845327488637
2021Q3,DN21,LA23,0.04773903291744485,0.0981237211418142
2021Q4,DN21,LA23,0.03388098399796717,0.06963962239402523
2022Q1,DN21,LA23,0.017671845836410068,0.03632304985967534
2022Q2,DN21,LA23,0.027322191808870137,0.05615855550892519
2022Q3,DN21,LA23,0.036720392896203324,0.07547579773967826
2022Q4,DN21,LA23,0.020225762562814498,0.041572419136059434
2023Q1,DN21,LA23,0.0067211315647751286,0.01381474234218188
2023Q2,DN21,LA23,0.01068119221390026,0.02195432672612595
2023Q3,DN21,LA23,0.017283814275607243,0.035525482369519384
2019Q1,DN22,LA23,0.008751361584879975,0.019898914831451533
2019Q2,DN22,LA23,0.02122972627276265,0.04827231864429092
2019Q3,DN22,LA23,0.022761718547243,0.05175577473242652
2019Q4,DN22,LA23,0.010479388072859386,0.02382811505672896
2020Q1,DN22,LA23,0.007881624714218764,0.017921300291451017
2020Q3,DN22,LA23,0.02955712611091383,0.06720722592010385
2020Q4,DN22,LA23,0.01834167964809884,0.04170545550464677
2021Q2,DN22,LA23,0.02337147557531405,0.05314224506070416
2021Q3,DN22,LA23,0.03912951014389532,0.08897298805423211
2021Q4,DN22,LA23,0.022222902691972662,0.050530611001061036
2022Q1,DN22,LA23,0.023631042044866823,0.053732449341562016
2022Q2,DN22,LA23,0.02833176123639642,0.06442098162668985
2022Q3,DN22,LA23,0.03638061124320101,0.08272252010422827
2022Q4,DN22,LA23,0.01411246010259749,0.032089022824634744
2023Q1,DN22,LA23,0.010239822498730929,0.023283388969263186
2023Q2,DN22,LA23,0.022503996357395487,0.051169763989274135
2023Q3,DN22,LA23,0.015790500250979087,0.03590456371761908
2019Q1,DN3,LA23,0.008324472862717217,0.014827120186181854
2019Q2,DN3,LA23,0.019381593755494256,0.034521491600930355
2019Q3,DN3,LA23,0.027861903627442286,0.04962618060178981
2019Q4,DN3,LA23,0.02241138346504601,0.039917996208877066
2020Q1,DN3,LA23,0.00958022120357554,0.017063794133056524
2020Q3,DN3,LA23,0.023002459967106398,0.04097079108007287
2020Q4,DN3,LA23,0.005600146423408193,0.009974690944332822
2021Q2,DN3,LA23,0.011887899801586041,0.02117411180578574
2021Q3,DN3,LA23,0.030061766883822918,0.05354446316855817
2021Q4,DN3,LA23,0.02470664056661873,0.044006189355091214
2022Q1,DN3,LA23,0.020007620938707997,0.035636538816340116
2022Q2,DN3,LA23,0.029019781942446088,0.051688533524390526
2022Q3,DN3,LA23,0.03994980575892678,0.07115652620541785
2022Q4,DN3,LA23,0.01924625627469834,0.034280435485240034
2023Q1,DN3,LA23,0.012912470292074613,0.02299902373140774
2023Q2,DN3,LA23,0.013528836311392305,0.024096862981750237
2023Q3,DN3,LA23,0.010376455362487323,0.01848200520362212
2019Q1,DN31,LA23,0.01019702473651106,0.013459593079953069
2019Q2,DN31,LA23,0.02269132016617112,0.029951475432832487
2019Q3,DN31,LA23,0.021295012976227125,0.02810841561127819
2019Q4,DN31,LA23,0.010915582569380907,0.014408055625131729
2020Q1,DN31,LA23,0.009187165595880743,0.012126626508607295
2020Q3,DN31,LA23,0.015877893226138428,0.020958072311579774
2020Q4,DN31,LA23,0.004783027245644318,0.006313371015585887
2021Q2,DN31,LA23,0.006676650075520109,0.008812864092794791
2021Q3,DN31,LA23,0.01309628891824365,0.017286485445691856
2021Q4,DN31,LA23,0.009385127785848088,0.012387927289082648
2022Q1,DN31,LA23,0.00784147187121894,0.010350374080843595
2022Q2,DN31,LA23,0.006135239371137917,0.008098227425883224
2022Q3,DN31,LA23,0.012920620754650605,0.017054611731529033
2022Q4,DN31,LA23,0.006801704773830968,0.008977930413167017
2023Q1,DN31,LA23,0.006462145389324169,0.008529727995301295
2023Q2,DN31,LA23,0.015482078399158897,0.02043561535537753
2023Q3,DN31,LA23,0.027243902770644257,0.035960670360023296
2019Q1,DN32,LA23,0.008987791602856003,0.03136325159209141
2019Q2,DN32,LA23,0.029635393521102064,0.10341386895726527
2019Q3,DN32,LA23,0.041036372743463466,0.14319803347143842
2019Q4,DN32,LA23,0.016831998149873822,0.05873591824318222
2020Q1,DN32,LA23,0.00843391129715299,0.029430464524114894
2020Q3,DN32,LA23,0.02600467206485716,0.090744323920548
2020Q4,DN32,LA23,0.006410524298296654,0.022369776168464462
2021Q2,DN32,LA23,0.015153429198582556,0.05287848599950491
2021Q3,DN32,LA23,0.05078240352734602,0.17720719044855907
2021Q4,DN32,LA23,0.0165398704216789,0.05771652706888172
2022Q1,DN32,LA23,0.0099186470051459,0.0346115080568495
2022Q2,DN32,LA23,0.018526935702149125,0.06465046936250303
2022Q3,DN32,LA23,0.02215639325376108,0.07731560395439213
2022Q4,DN32,LA23,0.010633644071927266,0.037106518386856
2023Q1,DN32,LA23,0.010192748552510298,0.035567996165567946
2023Q2,DN32,LA23,0.02086861947102677,0.07282186679110927
2023Q3,DN32,LA23,0.022254812057146137,0.0776590402319953
2019Q3,DN33,LA23,0.06992955413665819,0.02185165735471616
2019Q4,DN33,LA23,0.022991701593831487,0.00718447002033604
2020Q1,DN33,LA23,0.0133814956502265,0.004181463208973747
2020Q3,DN33,LA23,0.0898825203653102,0.02808658029426005
2020Q4,DN33,LA23,0.032295095453812935,0.01009160388346637
2021Q2,DN33,LA23,0.06277569591533641,0.01961621254820344
2021Q3,DN33,LA23,0.19007910968959704,0.0593961112222969
2021Q4,DN33,LA23,0.06114977697746112,0.01910814376447341
2022Q1,DN33,LA23,0.04068568865776506,0.012713504880250474
2022Q2,DN33,LA23,0.10499128012130576,0.032807780726877546
2022Q3,DN33,LA23,0.0946848467571704,0.02958721607145041
2022Q4,DN33,LA23,0.02925797976026646,0.009142562919293851
2023Q1,DN33,LA23,0.015061789278638391,0.004706523050648351
2023Q2,DN33,LA23,0.03019183614752485,0.009434375301695212
2023Q3,DN33,LA23,0.06806137859881771,0.02126788798516497
2019Q1,DN34,LA23,0.007526723228758297,0.011481833935204085
2019Q2,DN34,LA23,0.033766764040126906,0.05151038047428226
2019Q3,DN34,LA23,0.03328914844107527,0.05078178944914388
2019Q4,DN34,LA23,0.01760660683160746,0.026858452165551043
2020Q1,DN34,LA23,0.006173692316172495,0.009417818057996028
2020Q3,DN34,LA23,0.03754797047667961,0.05727851928578275
2020Q4,DN34,LA23,0.012842489579024896,0.019590906717222148
2021Q2,DN34,LA23,0.013550500080030493,0.0206709595835035
2021Q3,DN34,LA23,0.03161064503482195,0.04822127316808295
2021Q4,DN34,LA23,0.013462816358858959,0.020537200191173843
2022Q1,DN34,LA23,0.01196536798767334,0.01825287897968012
2022Q2,DN34,LA23,0.02291753872805812,0.034960150105397415
2022Q3,DN34,LA23,0.02799527932279853,0.04270612036402111
2022Q4,DN34,LA23,0.011286222019745294,0.0172168582593062
2023Q2,DN34,LA23,0.01527753761086741,0.02330551349577825
2023Q3,DN34,LA23,0.022284130484957386,0.033993901176157616
2019Q1,DN35,LA23,0.008708038528610983,0.007235298589421312
2019Q2,DN35,LA23,0.01880482080537928,0.015624470769215113
2019Q3,DN35,LA23,0.021392866911898914,0.017774815681256478
2019Q4,DN35,LA23,0.0074560893898968205,0.006195084331341924
2020Q1,DN35,LA23,0.0121989116535611,0.010135780634122276
2020Q3,DN35,LA23,0.05144330105884836,0.04274299457487956
2020Q4,DN35,LA23,0.03802472449055745,0.03159382386351806
2021Q2,DN35,LA23,0.042714725934926576,0.035490632625139434
2021Q3,DN35,LA23,0.05808758579766681,0.04826357005700882
2021Q4,DN35,LA23,0.045761886773902985,0.03802244486363016
2022Q1,DN35,LA23,0.01312749643560175,0.010907319269554622
2022Q2,DN35,LA23,0.016925983392855653,0.014063390207166591
2022Q3,DN35,LA23,0.0388642013336224,0.03229132486773658
2022Q4,DN35,LA23,0.013611759795367115,0.011309681982157095
2023Q1,DN35,LA23,0.009181685512834324,0.007628840412367455
2023Q2,DN35,LA23,0.013707394194717006,0.01138914229143834
2023Q3,DN35,LA23,0.013669366685603356,0.011357546153898845
2019Q1,DN36,LA23,0.028389538956707937,0.01273815998986367
2019Q2,DN36,LA23,0.0202582376932518,0.009089709883730077
2019Q3,DN36,LA23,0.03389409200083433,0.01520800909363735
2020Q1,DN36,LA23,0.018675195272130674,0.008379411359272447
2020Q3,DN36,LA23,0.04471466392451955,0.02006311352333297
2020Q4,DN36,LA23,0.021659674983203998,0.009718523632427959
2021Q2,DN36,LA23,0.012393140224552592,0.005560703299828158
2021Q3,DN36,LA23,0.007382804516091763,0.003312605577824792
2023Q2,DN36,LA23,0.018001789909970138,0.008077259737355872
2023Q3,DN36,LA23,0.012775687324281984,0.005732349136255521
2019Q2,DN37,LA23,0.041587211831556434,0.014291938012114737
2019Q3,DN37,LA23,0.02079539421490741,0.007146583576238342
2019Q4,DN37,LA23,0.01619799273595435,0.005566632094515202
2020Q3,DN37,LA23,0.05112073968334476,0.017568247798074938
2020Q4,DN37,LA23,0.022338591169333573,0.007676921491231899
2021Q2,DN37,LA23,0.07098348330534539,0.024394314949341717
2021Q3,DN37,LA23,0.21465564573275386,0.07376895559117752
2021Q4,DN37,LA23,0.05611577473337695,0.01928485076709703
2022Q1,DN37,LA23,0.015978768301528713,0.0054912930205651975
2022Q2,DN37,LA23,0.05878496897479546,0.020202150988981597
2022Q3,DN37,LA23,0.07667258880563688,0.026349443450956
2022Q4,DN37,LA23,0.010425783923188657,0.0035829441550791767
2023Q1,DN37,LA23,0.010632595457776376,0.003654017388949479
2023Q2,DN37,LA23,0.04077953178956024,0.014014369197437126
2020Q3,DN39,LA23,0.1119288979288959,0.004871227859149417
2021Q3,DN39,LA23,0.0939150787395616,0.004087253215349124
2019Q1,DN4,LA23,0.014275843350948624,0.04597527221493232
2019Q2,DN4,LA23,0.02178248421380144,0.07015036636560185
2019Q3,DN4,LA23,0.04111864958365908,0.13242237682536076
2019Q4,DN4,LA23,0.021037165640866832,0.06775007214583957
2020Q1,DN4,LA23,0.013570015571730269,0.0437021578714446
2020Q3,DN4,LA23,0.043269157911397495,0.13934807664831958
2020Q4,DN4,LA23,0.014441664273284156,0.046509297551011734
2021Q2,DN4,LA23,0.0316498618252903,0.10192819977154101
2021Q3,DN4,LA23,0.04330685264854905,0.1394694723346555
2021Q4,DN4,LA23,0.024983146814917444,0.08045808204564843
2022Q1,DN4,LA23,0.0189144961898812,0.06091402726692877
2022Q2,DN4,LA23,0.023238120707366142,0.07483823540369829
2022Q3,DN4,LA23,0.03262878000517065,0.1050808001951898
2022Q4,DN4,LA23,0.014612626407536132,0.04705988013079032
2023Q1,DN4,LA23,0.010470426053792514,0.033719947480191616
2023Q2,DN4,LA23,0.021508832545462986,0.06926907272608494
2023Q3,DN4,LA23,0.024482204188316748,0.0788447991694042
2019Q1,DN40,LA23,0.004474878734669131,0.0026212502754160115
2019Q2,DN40,LA23,0.01382085071104904,0.00809584144753356
2019Q3,DN40,LA23,0.01967408689124281,0.011524492336001113
2020Q1,DN40,LA23,0.005752886524672004,0.003369869058216734
2020Q3,DN40,LA23,0.04220783038657936,0.02472408607821501
2020Q4,DN40,LA23,0.007584607174048345,0.004442836291823332
2021Q2,DN40,LA23,0.037341797828603376,0.02187370957885699
2021Q3,DN40,LA23,0.06584233430989017,0.03856847239383211
2021Q4,DN40,LA23,0.04996635227726997,0.02926879641533158
2022Q1,DN40,LA23,0.02724252456360192,0.01595785701680002
2022Q2,DN40,LA23,0.03438722254665449,0.02014300764685961
2022Q4,DN40,LA23,0.011952347531112446,0.007001328106405751
2023Q1,DN40,LA23,0.006320423690833217,0.003702315374936622
2023Q3,DN40,LA23,0.02163923678738302,0.012675618436152771
2019Q3,DN41,LA23,0.10283155613578078,0.0085649392515524
2020Q3,DN41,LA23,0.11301661985468266,0.009413263008419395
2021Q3,DN41,LA23,0.1230957790501288,0.010252765875630059
2023Q3,DN41,LA23,0.03852928093100313,0.003209140880298441
2019Q1,DN5,LA23,0.014344399136628256,0.030868124933348968
2019Q2,DN5,LA23,0.021929344022555555,0.047190385916279526
2019Q3,DN5,LA23,0.03261785012247174,0.0701912895094173
2019Q4,DN5,LA23,0.016835956934904334,0.03622977979691573
2020Q1,DN5,LA23,0.013041502158615012,0.02806438346537075
2020Q3,DN5,LA23,0.03857180506555266,0.08300377633999173
2020Q4,DN5,LA23,0.016466537360061494,0.035434815192232134
2021Q2,DN5,LA23,0.034410047443225886,0.07404797045333979
2021Q3,DN5,LA23,0.0547875604604821,0.11789892661095434
2021Q4,DN5,LA23,0.024829800067838213,0.05343196067425279
2022Q1,DN5,LA23,0.019865063053135897,0.042748200345824286
2022Q2,DN5,LA23,0.02169304317036186,0.046681883318304106
2022Q3,DN5,LA23,0.03280375266977555,0.07059133854604435
2022Q4,DN5,LA23,0.01914789517455287,0.0412049061678369
2023Q1,DN5,LA23,0.01208894059732631,0.026014538853512216
2023Q2,DN5,LA23,0.033394387204215045,0.07186234198267308
2023Q3,DN5,LA23,0.03025746231238906,0.06511190311485324
2019Q2,DN6,LA23,0.015466876035740306,0.009447100519560091
2019Q3,DN6,LA23,0.014674243177157282,0.00896296382170094
2019Q4,DN6,LA23,0.011855993013306509,0.007241588895979519
2020Q1,DN6,LA23,0.01889617321512357,0.011541700301068391
2020Q3,DN6,LA23,0.023272344683008282,0.014214646774060459
2021Q2,DN6,LA23,0.009881868434066791,0.006035802200908278
2021Q3,DN6,LA23,0.034273795192415316,0.02093428483045736
2021Q4,DN6,LA23,0.009189143301386402,0.005612688706901146
2022Q2,DN6,LA23,0.015416448676457696,0.00941629970813715
2022Q3,DN6,LA23,0.005285284423965597,0.0032282287070957553
2022Q4,DN6,LA23,0.0069908182092798575,0.0042699613150340215
2023Q3,DN6,LA23,0.006708732769912569,0.004097664757238568
2019Q1,DN7,LA23,0.004835661438183672,0.001951874894773836
2019Q2,DN7,LA23,0.014923091942381094,0.006023583099663026
2019Q3,DN7,LA23,0.010000733951519951,0.00403671385576078
2020Q1,DN7,LA23,0.016808204587789487,0.006784493286083231
2020Q3,DN7,LA23,0.033453047076318965,0.01350304680686665
2021Q2,DN7,LA23,0.010726369767421648,0.004329610773775628
2021Q3,DN7,LA23,0.012979047136165085,0.005238885432120411
2021Q4,DN7,LA23,0.01809253161815609,0.007302901309328467
2022Q1,DN7,LA23,0.01204670094466464,0.004862551574241546
2022Q2,DN7,LA23,0.02474165565821306,0.009986765440829607
2022Q3,DN7,LA23,0.03435207599757558,0.013865932423138315
2023Q1,DN7,LA23,0.016586268577939527,0.006694910644409473
2023Q2,DN7,LA23,0.01028106474685102,0.004149867071434253
2023Q3,DN7,LA23,0.030048595257748837,0.012128867882208495
2020Q3,DN8,LA23,0.2824024349086769,0.012762670494728404
2021Q3,DN8,LA23,0.15488314011003934,0.006999665151798408
2022Q3,DN8,LA23,0.18176383052878187,0.008214489643648683
2019Q2,DN9,LA23,0.05751331486965972,0.018037634811590708
2019Q3,DN9,LA23,0.10432877278687253,0.032720150249308064
2019Q4,DN9,LA23,0.02873832971248438,0.00901306936704389
2020Q3,DN9,LA23,0.07199705680773462,0.02258010377510608
2020Q4,DN9,LA23,0.025210646601408992,0.007906698436541992
2021Q2,DN9,LA23,0.050924095246031635,0.01597108835128452
2021Q3,DN9,LA23,0.0803010135232578,0.025184435294951745
2021Q4,DN9,LA23,0.030663777977005462,0.009616938796631645
2022Q1,DN9,LA23,0.03161866383807423,0.009916415230701628
2022Q2,DN9,LA23,0.04498245514527709,0.014107639260196729
2022Q3,DN9,LA23,0.06247609322099418,0.019594088021688362
2022Q4,DN9,LA23,0.024841095168455528,0.0077907977306476955
2023Q1,DN9,LA23,0.012605323300704494,0.003953349218270996
2023Q2,DN9,LA23,0.05353654492677313,0.016790418856084385
2023Q3,DN9,LA23,0.032287452800643164,0.010126164418349386
2019Q2,DT1,LA23,0.005337664588585117,0.011844430341978822
2019Q3,DT1,LA23,0.01398197162859787,0.031026394830543362
2019Q4,DT1,LA23,0.0058967218900473715,0.013084994479055777
2020Q1,DT1,LA23,0.0022080775851202935,0.004899787296971156
2020Q3,DT1,LA23,0.004957585125853028,0.01100102314655962
2020Q4,DT1,LA23,0.005889521070393381,0.013069015654350449
2021Q2,DT1,LA23,0.008031129551015306,0.017821306107887815
2021Q3,DT1,LA23,0.018237134717796085,0.04046872339340412
2021Q4,DT1,LA23,0.009496708139415595,0.021073466900854446
2022Q1,DT1,LA23,0.0016588929006497092,0.0036811307792865727
2022Q2,DT1,LA23,0.008831332853650316,0.019596980116657656
2022Q3,DT1,LA23,0.009152763106530905,0.020310243038458808
2022Q4,DT1,LA23,0.0031011421366868453,0.0068815230723029116
2023Q1,DT1,LA23,0.003062205577924321,0.006795121735095372
2023Q2,DT1,LA23,0.006482627496463867,0.014385135772500106
2023Q3,DT1,LA23,0.00617243834213815,0.013696817169809082
2019Q2,DT11,LA23,0.01388573712457677,0.025195714465331982
2019Q3,DT11,LA23,0.008534573932541747,0.015486011722560353
2019Q4,DT11,LA23,0.005426752810073864,0.009846860346690205
2020Q1,DT11,LA23,0.006614868593449827,0.01200270023917322
2020Q3,DT11,LA23,0.0025375717688812236,0.004604432098232413
2021Q2,DT11,LA23,0.002092720690449147,0.003797248392303568
2021Q3,DT11,LA23,0.0057938226895540065,0.010512909818117696
2021Q4,DT11,LA23,0.002269601193598555,0.004118198631520528
2022Q1,DT11,LA23,0.0029079489431938503,0.005276482666721182
2022Q2,DT11,LA23,0.004989512494449072,0.009053486394239718
2022Q3,DT11,LA23,0.00295317520385494,0.005358545861474786
2022Q4,DT11,LA23,0.003701380927584707,0.006716167542433754
2023Q2,DT11,LA23,0.0035954279521681095,0.0065239155293502
2023Q3,DT11,LA23,0.0052100652281575595,0.009453680035615223
2019Q3,DT2,LA23,0.01382170377861227,0.007074787318625717
2020Q3,DT2,LA23,0.00833200837082497,0.004264827846463531
2021Q2,DT2,LA23,0.004751643264269168,0.002432179566798677
2021Q3,DT2,LA23,0.021373001298293757,0.0109399999427076
2021Q4,DT2,LA23,0.011203278403608328,0.005734518207482489
2022Q2,DT2,LA23,0.022358671701637203,0.011444525910100244
2022Q3,DT2,LA23,0.014737312198571032,0.007543451308399165
2022Q4,DT2,LA23,0.012166065659152743,0.006227331190249508
2023Q2,DT2,LA23,0.012472021820465716,0.006383938132836562
2023Q3,DT2,LA23,0.007104087359609062,0.0036363033072625774
2019Q1,DT3,LA23,0.0065270015134431935,0.009387017246573091
2019Q2,DT3,LA23,0.005049565478034825,0.007262195072635711
2019Q3,DT3,LA23,0.008021178606418973,0.011535916111129807
2019Q4,DT3,LA23,0.008343934130691523,0.012000097353700856
2020Q3,DT3,LA23,0.011523176591668448,0.01657242719777415
2020Q4,DT3,LA23,0.009743245230785322,0.014012561638081318
2021Q2,DT3,LA23,0.02037376651264327,0.029301187878987632
2021Q3,DT3,LA23,0.02177815523079805,0.031320954703165545
2021Q4,DT3,LA23,0.007489386093061489,0.010771101596501062
2022Q1,DT3,LA23,0.006226517125814373,0.008954865955786928
2022Q2,DT3,LA23,0.009308530741940343,0.013387363008095048
2022Q3,DT3,LA23,0.009311094687693913,0.013391050429180894
2022Q4,DT3,LA23,0.004673922288414186,0.006721951732372334
2023Q2,DT3,LA23,0.0023406311057759237,0.0033662539395051213
2023Q3,DT3,LA23,0.004025897567561666,0.005789974128518624
2019Q1,DT4,LA23,0.0019875848525396627,0.004995154128583495
2019Q2,DT4,LA23,0.003045489671066859,0.007653857033851809
2019Q3,DT4,LA23,0.006639264723170685,0.016685652715821855
2019Q4,DT4,LA23,0.002054272097436487,0.005162751032053851
2020Q1,DT4,LA23,0.0017829487986349534,0.0044808673406694964
2020Q3,DT4,LA23,0.0028637539825365557,0.007197122935826685
2021Q3,DT4,LA23,0.008752456353630771,0.021996479010303355
2021Q4,DT4,LA23,0.002175908711510592,0.005468445470307806
2022Q1,DT4,LA23,0.002370331662767168,0.0059570649153693565
2022Q2,DT4,LA23,0.005203158644326983,0.013076462798896371
2022Q3,DT4,LA23,0.0033335279350474502,0.008377748404665104
2022Q4,DT4,LA23,0.0012857001615354192,0.003231193104439277
2023Q1,DT4,LA23,0.0014626601457288489,0.0036759250083418507
2023Q2,DT4,LA23,0.006083787016325172,0.015289638474145559
2023Q3,DT4,LA23,0.0059626394804060505,0.014985173176253556
2019Q2,DT6,LA23,0.007667797724066639,0.01184081522326721
2019Q3,DT6,LA23,0.01001100643943618,0.015459259844094419
2019Q4,DT6,LA23,0.0069518094797427965,0.010735167316507631
2020Q1,DT6,LA23,0.0028866143891612306,0.004457585976166712
2020Q3,DT6,LA23,0.005420993651324798,0.008371241190984202
2021Q2,DT6,LA23,0.005141190764319875,0.007939162202572273
2021Q3,DT6,LA23,0.01997177383975652,0.030840939240637636
2021Q4,DT6,LA23,0.005233568792442484,0.008081814786932503
2022Q1,DT6,LA23,0.0014152613563416679,0.002185483865918237
2022Q2,DT6,LA23,0.007159929264337322,0.011056551369969986
2022Q3,DT6,LA23,0.0071753334058742395,0.011080338851092398
2022Q4,DT6,LA23,0.003117208301226031,0.0048136751692605464
2023Q2,DT6,LA23,0.011637056383009466,0.017970248998806247
2023Q3,DT6,LA23,0.011752283107393523,0.01814818514179182
2019Q2,DT9,LA23,0.007918977712021468,0.010021976697080714
2019Q3,DT9,LA23,0.01153117004600396,0.01459343891266322
2020Q1,DT9,LA23,0.014853025001314385,0.018797460462397428
2020Q3,DT9,LA23,0.01924030730311348,0.02434984898918888
2021Q2,DT9,LA23,0.010093651525313949,0.012774166572231332
2021Q3,DT9,LA23,0.012198568955418982,0.015438075248444372
2021Q4,DT9,LA23,0.014325710163623863,0.018130109548233755
2022Q1,DT9,LA23,0.007188735214149289,0.009097807749644088
2022Q2,DT9,LA23,0.01027938289447233,0.013009221590860378
2022Q4,DT9,LA23,0.0039774278439885045,0.005033691294049285
2023Q2,DT9,LA23,0.008888025846030847,0.01124836956880815
2023Q3,DT9,LA23,0.00785881925870748,0.009945842297014154
2019Q1,DY1,LA23,0.006146407163758793,0.008766229061414986
2019Q2,DY1,LA23,0.007582076152555345,0.010813832299672322
2019Q3,DY1,LA23,0.008814308006745944,0.012571286110135636
2019Q4,DY1,LA23,0.012915850057472023,0.01842105430214433
2020Q1,DY1,LA23,0.005411995559214456,0.007718784565912374
2020Q3,DY1,LA23,0.015096931363050512,0.021531791651112683
2020Q4,DY1,LA23,0.014684227223297944,0.020943178022487928
2021Q2,DY1,LA23,0.014643874380251262,0.020885625332599057
2021Q3,DY1,LA23,0.02891864191348884,0.0412448170784131
2021Q4,DY1,LA23,0.02848642038105665,0.040628367035708934
2022Q1,DY1,LA23,0.009160602316861385,0.013065183628516141
2022Q2,DY1,LA23,0.02306311994244595,0.032893459040342764
2022Q3,DY1,LA23,0.015389945725876928,0.02194969937417509
2022Q4,DY1,LA23,0.013345536863582178,0.019033889226136892
2023Q1,DY1,LA23,0.01113454578740376,0.01588049347637151
2023Q2,DY1,LA23,0.017902366456270892,0.025533005041125427
2023Q3,DY1,LA23,0.01856048279852219,0.026471634463408503
2019Q1,DY10,LA23,0.011041950996109672,0.038258295208375766
2019Q2,DY10,LA23,0.01942584813526298,0.06730693089417013
2019Q3,DY10,LA23,0.014227287681658119,0.04929489112305764
2019Q4,DY10,LA23,0.012870538130187036,0.04459400765759941
2020Q1,DY10,LA23,0.005871060996466861,0.02034212838549523
2020Q3,DY10,LA23,0.02691512986581367,0.0932558914942537
2020Q4,DY10,LA23,0.010252654426984023,0.035523530205415106
2021Q2,DY10,LA23,0.013525802025256687,0.046864374510866315
2021Q3,DY10,LA23,0.03909553432071191,0.13545871503124413
2021Q4,DY10,LA23,0.016912803316453142,0.05859970057012865
2022Q1,DY10,LA23,0.008642446856038535,0.029944462102531967
2022Q2,DY10,LA23,0.02023907985574192,0.07012462672037516
2022Q3,DY10,LA23,0.017771672505118363,0.061575521688779625
2022Q4,DY10,LA23,0.01332058992551098,0.046153352962666365
2023Q1,DY10,LA23,0.005814217620454322,0.02014517671808658
2023Q2,DY10,LA23,0.012105719270335512,0.0419440533396132
2023Q3,DY10,LA23,0.018859000313675392,0.06534290920052528
2019Q1,DY11,LA23,0.008630821685159024,0.019424466651739504
2019Q2,DY11,LA23,0.009510300924233949,0.0214038164487216
2019Q3,DY11,LA23,0.018126633818597283,0.04079567472968236
2019Q4,DY11,LA23,0.01130633271630448,0.0254459529825498
2020Q1,DY11,LA23,0.0049538492893261505,0.011149098408987269
2020Q3,DY11,LA23,0.013521736293401459,0.030431924709605786
2020Q4,DY11,LA23,0.0057821840606699535,0.013013342826191616
2021Q2,DY11,LA23,0.0046870435076006535,0.010548627190988428
2021Q3,DY11,LA23,0.012587032594508815,0.028328287131318464
2021Q4,DY11,LA23,0.006834436507947135,0.015381534791794754
2022Q1,DY11,LA23,0.002192851179893933,0.004935215460344958
2022Q2,DY11,LA23,0.008198374649902317,0.018451204392199175
2022Q3,DY11,LA23,0.009138379125915334,0.020566771862234837
2022Q4,DY11,LA23,0.006114237589858965,0.013760660166256156
2023Q1,DY11,LA23,0.0044527491588801146,0.010021325975712623
2023Q2,DY11,LA23,0.007458386163898084,0.016785791504133517
2023Q3,DY11,LA23,0.009590969114229462,0.021585367710418774
2019Q2,DY13,LA23,0.015194976453411491,0.008254111344727954
2021Q3,DY14,LA23,0.1802356298705577,0.02442750173911432
2022Q2,DY14,LA23,0.013846346250104556,0.0018766081231980632
2019Q1,DY2,LA23,0.005233692777721543,0.008214200434151752
2019Q2,DY2,LA23,0.005611400944191973,0.008807007600481975
2019Q3,DY2,LA23,0.016247808485582133,0.02550068587984361
2019Q4,DY2,LA23,0.007248366670178095,0.01137620016645077
2020Q1,DY2,LA23,0.005178780211014293,0.00812801600406691
2020Q3,DY2,LA23,0.0074521236186228705,0.011695993567680009
2021Q2,DY2,LA23,0.0052319422093198035,0.008211452943930928
2021Q3,DY2,LA23,0.0221537195295723,0.03476992255879236
2021Q4,DY2,LA23,0.0057297025140780646,0.008992680097510395
2022Q1,DY2,LA23,0.002260997293617349,0.003548600527318857
2022Q2,DY2,LA23,0.004021470227105265,0.006311635758604313
2022Q3,DY2,LA23,0.010242713921356459,0.01607578218917282
2022Q4,DY2,LA23,0.0066959702042497,0.01050922239703185
2023Q2,DY2,LA23,0.007893911802114932,0.012389373336567294
2023Q3,DY2,LA23,0.014155372502016653,0.02221663973984056
2019Q1,DY3,LA23,0.008276372302939377,0.008535873697111037
2019Q2,DY3,LA23,0.03128144568272788,0.03226225931329522
2019Q3,DY3,LA23,0.012531422306320835,0.012924338603511715
2019Q4,DY3,LA23,0.018064333313090285,0.01863073118741786
2020Q1,DY3,LA23,0.006280923784153132,0.006477858916964257
2020Q3,DY3,LA23,0.04090389046350644,0.0421864108980397
2020Q4,DY3,LA23,0.02274519677568716,0.02345836071490523
2021Q2,DY3,LA23,0.02112571756572085,0.02178810356776601
2021Q3,DY3,LA23,0.06534666262854186,0.06739557360497887
2021Q4,DY3,LA23,0.041421680751581036,0.0427204362341191
2022Q1,DY3,LA23,0.01866071051057885,0.01924580748501161
2022Q2,DY3,LA23,0.02533800395202602,0.026132464025885014
2022Q3,DY3,LA23,0.04049924849995831,0.04176908159397115
2022Q4,DY3,LA23,0.027156999972154837,0.028008493730089217
2023Q1,DY3,LA23,0.01622066058277974,0.016729251047483903
2023Q2,DY3,LA23,0.049549712376268866,0.051103318107354696
2023Q3,DY3,LA23,0.02581842865337657,0.02662795219649863
2019Q1,DY4,LA23,0.006149347755441397,0.013251362242164184
2019Q2,DY4,LA23,0.0109353351509107,0.0235647898097751
2019Q3,DY4,LA23,0.008788262350907395,0.018938016277904927
2019Q4,DY4,LA23,0.003581899359875499,0.007718712263538141
2020Q1,DY4,LA23,0.0033771637956546557,0.007277523175972947
2020Q3,DY4,LA23,0.012033029139610978,0.025930234285157408
2020Q4,DY4,LA23,0.0034106824499739977,0.0073497532478309655
2021Q2,DY4,LA23,0.003082273452498808,0.006642057608845698
2021Q3,DY4,LA23,0.016313317678322406,0.035153920468339844
2021Q4,DY4,LA23,0.004560852089680732,0.009828278636512516
2022Q1,DY4,LA23,0.0022534332946903056,0.0048559720581864115
2022Q2,DY4,LA23,0.008220122837804881,0.017713720175030218
2022Q3,DY4,LA23,0.0058648921485150935,0.012638382713423164
2022Q4,DY4,LA23,0.002214579839533351,0.004772245908825466
2023Q1,DY4,LA23,0.003057209954223985,0.006588047735294206
2023Q2,DY4,LA23,0.011644293274802278,0.02509253897730256
2023Q3,DY4,LA23,0.009612036125530491,0.02071318417005514
2019Q1,DY5,LA23,0.005643046246650948,0.027793611073870968
2019Q2,DY5,LA23,0.012131239988963243,0.05974981443704106
2019Q3,DY5,LA23,0.013544335644487758,0.06670971328301174
2019Q4,DY5,LA23,0.012689851773379305,0.0625011366837009
2020Q1,DY5,LA23,0.0059682780045606475,0.02939547017498648
2020Q3,DY5,LA23,0.0068563199798704795,0.03376933000179225
2020Q4,DY5,LA23,0.0049065882538360615,0.024166345563387426
2021Q2,DY5,LA23,0.005304411798830548,0.02612573990508141
2021Q3,DY5,LA23,0.010816748789222052,0.053275570638788426
2021Q4,DY5,LA23,0.005163749614028439,0.02543293855518799
2022Q1,DY5,LA23,0.004314609203081535,0.021250680020097692
2022Q2,DY5,LA23,0.006649260898610436,0.03274950501324636
2022Q3,DY5,LA23,0.00543316863695404,0.026759904029472485
2022Q4,DY5,LA23,0.0036588169069361955,0.01802071605602036
2023Q1,DY5,LA23,0.003742932364973775,0.01843500866037116
2023Q2,DY5,LA23,0.008227768941773246,0.040524107012066025
2023Q3,DY5,LA23,0.013390505647144687,0.065952056703432
2019Q1,DY6,LA23,0.008730055062124494,0.00990296698909443
2019Q2,DY6,LA23,0.008483895630952342,0.009623735219809476
2019Q3,DY6,LA23,0.012274189969140618,0.01392326820590449
2019Q4,DY6,LA23,0.00917049050215545,0.01040257639503928
2020Q1,DY6,LA23,0.009266608685016043,0.010511608375381514
2020Q3,DY6,LA23,0.028017494221141574,0.031781737734147684
2020Q4,DY6,LA23,0.03880873615153252,0.044022818901164634
2021Q2,DY6,LA23,0.032459900713737486,0.03682099631101285
2021Q3,DY6,LA23,0.056738027936283374,0.06436097065607709
2021Q4,DY6,LA23,0.03270421171831616,0.03709813131144506
2022Q1,DY6,LA23,0.02325945295299816,0.02638443780008441
2022Q2,DY6,LA23,0.036552763363622856,0.04146374866758835
2022Q3,DY6,LA23,0.026940307689083228,0.030559827609622645
2022Q4,DY6,LA23,0.017955934623236084,0.020368374147341536
2023Q1,DY6,LA23,0.018963837027463223,0.021511691591076115
2023Q2,DY6,LA23,0.023961026453493205,0.02718027003325879
2023Q3,DY6,LA23,0.014220137000131234,0.016130659691215098
2020Q3,DY7,LA23,0.043191742175319126,0.005919106168897424
2021Q2,DY7,LA23,0.04861590240428421,0.006662446878379192
2021Q3,DY7,LA23,0.4607133234453335,0.06313732527457047
2021Q4,DY7,LA23,0.03837800441351799,0.00525941930640237
2022Q3,DY7,LA23,0.04600591109481137,0.0063047670330522495
2019Q1,DY8,LA23,0.00639404446856079,0.007106817270410605
2019Q2,DY8,LA23,0.012488529713395348,0.013880682107481694
2019Q3,DY8,LA23,0.012541611217534459,0.013939680844855213
2019Q4,DY8,LA23,0.02055750380030641,0.022849140909624286
2020Q1,DY8,LA23,0.013227832770430877,0.01470239859063122
2020Q3,DY8,LA23,0.07201019938287394,0.08003749913473941
2020Q4,DY8,LA23,0.028530267660965333,0.031710664500277375
2021Q2,DY8,LA23,0.0649301935648684,0.07216825332804974
2021Q3,DY8,LA23,0.0756737338805534,0.0841094242467513
2021Q4,DY8,LA23,0.057900927419937014,0.0643554033732612
2022Q1,DY8,LA23,0.023485768394451097,0.026103832285689046
2022Q2,DY8,LA23,0.04794925125852331,0.05329436925608881
2022Q3,DY8,LA23,0.030194008530894125,0.03355987002364142
2022Q4,DY8,LA23,0.01951727545142342,0.021692953643276367
2023Q1,DY8,LA23,0.026822487356842697,0.029812510269558112
2023Q2,DY8,LA23,0.0316229808365606,0.03514813627840127
2023Q3,DY8,LA23,0.026008050553139667,0.028907284544170332
2019Q1,DY9,LA23,0.01597897082966761,0.016055609826762022
2019Q2,DY9,LA23,0.025555761220281317,0.02567833281333225
2019Q3,DY9,LA23,0.02406099326788656,0.02417639559340571
2019Q4,DY9,LA23,0.023038768575655302,0.02314926806506236
2020Q1,DY9,LA23,0.013514363062976572,0.01357918120693321
2020Q3,DY9,LA23,0.045664142750573684,0.04588315899016043
2020Q4,DY9,LA23,0.0383169477484427,0.03850072506917649
2021Q2,DY9,LA23,0.028959986756306143,0.029098885835885793
2021Q3,DY9,LA23,0.06976982147065479,0.07010445435796438
2021Q4,DY9,LA23,0.05037626326097521,0.05061787996675937
2022Q1,DY9,LA23,0.026750323526048683,0.02687862452796184
2022Q2,DY9,LA23,0.040662250394781815,0.04085727635252824
2022Q3,DY9,LA23,0.04573207039448938,0.04595141243143568
2022Q4,DY9,LA23,0.04339403543039125,0.0436021636878814
2023Q1,DY9,LA23,0.009524405512678727,0.009570086858129148
2023Q2,DY9,LA23,0.011174816996630312,0.011228414113520048
2023Q3,DY9,LA23,0.00868459244897107,0.008726245848464553
2019Q1,E1,LA23,0.005701102003306979,0.04012434718493591
2019Q2,E1,LA23,0.015425044056331725,0.10856143649073036
2019Q3,E1,LA23,0.01234767230057515,0.08690289877758854
2019Q4,E1,LA23,0.006674389972167901,0.04697434642207357
2020Q1,E1,LA23,0.0029272605705147484,0.020602055420860167
2020Q3,E1,LA23,0.012044573449673506,0.08476968952824021
2020Q4,E1,LA23,0.003917427315542678,0.02757084745886141
2021Q2,E1,LA23,0.006597875593049292,0.046435838338791766
2021Q3,E1,LA23,0.010755016458854271,0.0756937893979885
2021Q4,E1,LA23,0.005389620266615756,0.03793213919821408
2022Q1,E1,LA23,0.0038123330488424407,0.026831194170465485
2022Q2,E1,LA23,0.011567355075184148,0.08141102733802948
2022Q3,E1,LA23,0.007087226551015972,0.049879889632970784
2022Q4,E1,LA23,0.002700850742185663,0.0190085833951556
2023Q1,E1,LA23,0.001854158731149475,0.013049566315681974
2023Q2,E1,LA23,0.005100071693111728,0.035894296780478084
2023Q3,E1,LA23,0.004897701022561583,0.03447001231047698
2019Q1,E10,LA23,0.0017469540242678462,0.007720953637139339
2019Q2,E10,LA23,0.008887598129380569,0.039280216965774384
2019Q3,E10,LA23,0.00817552954599208,0.03613311152256722
2019Q4,E10,LA23,0.006188520052874033,0.027351192845943832
2020Q1,E10,LA23,0.00626066429559104,0.027670046316308056
2020Q3,E10,LA23,0.010125272693325695,0.04475032539068954
2020Q4,E10,LA23,0.005640910896250643,0.02493094317089348
2021Q2,E10,LA23,0.005258448254418229,0.02324058596371769
2021Q3,E10,LA23,0.01959913686040455,0.08662164254182507
2021Q4,E10,LA23,0.004511779881155257,0.01994056099900931
2022Q1,E10,LA23,0.0018709734129385136,0.008269077936194032
2022Q2,E10,LA23,0.007166802527812156,0.031674874825032416
2022Q3,E10,LA23,0.007154140477049577,0.03161891278737665
2022Q4,E10,LA23,0.0014568229257222345,0.006438671030130377
2023Q2,E10,LA23,0.005461221018245287,0.02413677389232644
2023Q3,E10,LA23,0.007111557378683959,0.031430709707250114
2019Q1,E11,LA23,0.002861958202561375,0.006696067482397188
2019Q2,E11,LA23,0.008405124882737234,0.01966530586030713
2019Q3,E11,LA23,0.015209676803617863,0.03558578254962908
2019Q4,E11,LA23,0.004431473979673301,0.010368232767278962
2020Q3,E11,LA23,0.02261571832038946,0.05291355265100755
2020Q4,E11,LA23,0.00612948306441545,0.014341031324218434
2021Q2,E11,LA23,0.00584876319752922,0.01368423655669267
2021Q3,E11,LA23,0.02601529029708335,0.0608674645379232
2021Q4,E11,LA23,0.0047468048385138,0.011106006193944846
2022Q1,E11,LA23,0.003097498363878729,0.0072471561787954015
2022Q2,E11,LA23,0.007639078561706548,0.017873002305463872
2022Q3,E11,LA23,0.00735381600212632,0.01720557908892597
2022Q4,E11,LA23,0.0030679245073606627,0.007177962806655137
2023Q2,E11,LA23,0.00288349736451863,0.006746462237237068
2023Q3,E11,LA23,0.0053439371577391,0.012503104971234623
2019Q2,E12,LA23,0.018734925015692055,0.01387034286796648
2019Q3,E12,LA23,0.019300572518746142,0.014289118219519675
2020Q3,E12,LA23,0.008866075373750788,0.006563971044674867
2020Q4,E12,LA23,0.01692616165173063,0.01253123059481097
2021Q2,E12,LA23,0.013483544225943452,0.009982499600749905
2021Q3,E12,LA23,0.041551360061622224,0.030762418862221412
2021Q4,E12,LA23,0.005408808927684239,0.0040043946944789644
2022Q2,E12,LA23,0.016248302653336575,0.01202937981526492
2022Q3,E12,LA23,0.024382219993524443,0.018051299960320604
2022Q4,E12,LA23,0.012194235121088491,0.009027963656135734
2023Q2,E12,LA23,0.008376993416690216,0.0062018807545197565
2023Q3,E12,LA23,0.011556905078800693,0.008556118361896067
2019Q1,E13,LA23,0.0020208275720214933,0.0044014070313882535
2019Q2,E13,LA23,0.008291517771153225,0.018059108616737686
2019Q3,E13,LA23,0.006787723290453861,0.014783811064016737
2019Q4,E13,LA23,0.002229533000281028,0.0048559720581864115
2021Q3,E13,LA23,0.001913205017795725,0.004167002734127297
2023Q2,E13,LA23,0.004796506859200224,0.01044689775044365
2019Q1,E14,LA23,0.004445899963386907,0.03764762935561017
2019Q2,E14,LA23,0.01019944167138295,0.08636829502251528
2019Q3,E14,LA23,0.010057756076896246,0.08516850942450531
2019Q4,E14,LA23,0.005315412690887679,0.04501061393792564
2020Q1,E14,LA23,0.005325795340212484,0.04509853362499205
2020Q3,E14,LA23,0.008995908185998616,0.07617684156023417
2020Q4,E14,LA23,0.0006485996633719027,0.005492305253804449
2021Q2,E14,LA23,0.0044566241472289774,0.03773844113764587
2021Q3,E14,LA23,0.010116354861695705,0.08566472061886124
2021Q4,E14,LA23,0.002947861263766387,0.024962322401310272
2022Q1,E14,LA23,0.0018288746481305988,0.015486807048676906
2022Q2,E14,LA23,0.005773854473410278,0.048892673015203635
2022Q3,E14,LA23,0.003173931499105932,0.02687667236385757
2022Q4,E14,LA23,0.002547044892669047,0.021568232047725733
2023Q1,E14,LA23,0.0024641032351516413,0.020865886784433654
2023Q2,E14,LA23,0.007092647320008058,0.060060136227245875
2023Q3,E14,LA23,0.008552912302019253,0.07242557747794233
2019Q1,E15,LA23,0.0013799104623540973,0.003727693508292143
2019Q2,E15,LA23,0.005351639483642649,0.01445693203011273
2019Q3,E15,LA23,0.01022204867628453,0.0276138673715296
2020Q1,E15,LA23,0.0018412545405509973,0.004973969532933446
2020Q3,E15,LA23,0.016206112550697878,0.04377923220237618
2020Q4,E15,LA23,0.002591577676141407,0.007000894292160357
2021Q2,E15,LA23,0.005970895615060047,0.016129792062724312
2021Q3,E15,LA23,0.016500417794293232,0.044574269109434
2021Q4,E15,LA23,0.004697241229194996,0.012689138980134206
2022Q1,E15,LA23,0.0037475741999797962,0.01012370613762549
2022Q2,E15,LA23,0.011389179338112702,0.030766757004675342
2022Q3,E15,LA23,0.009728667186612215,0.026281045404932292
2022Q4,E15,LA23,0.006439519706557959,0.017395734333156786
2023Q1,E15,LA23,0.002439018573877537,0.006588770759036529
2023Q2,E15,LA23,0.007313951010077768,0.019757925201698646
2023Q3,E15,LA23,0.009011184405140716,0.02434283565888835
2019Q1,E16,LA23,0.0015870509111825034,0.003098879759594259
2019Q2,E16,LA23,0.008775139968125338,0.017134361250307203
2019Q3,E16,LA23,0.0173107041220801,0.033800926139331736
2019Q4,E16,LA23,0.00571901164559765,0.011166957095422632
2020Q1,E16,LA23,0.0010573180522143073,0.0020645219938276826
2020Q3,E16,LA23,0.005224493098727786,0.010201358887550927
2021Q2,E16,LA23,0.006292401364675136,0.012286559360409031
2021Q3,E16,LA23,0.01827159938911664,0.03567717275065864
2021Q4,E16,LA23,0.0015827555797383321,0.003090492684183318
2022Q2,E16,LA23,0.00413262725136338,0.008069378778564555
2022Q3,E16,LA23,0.0039394484225337215,0.007692177292194905
2022Q4,E16,LA23,0.0035058791477078728,0.0068455887923094825
2023Q2,E16,LA23,0.011979975627547776,0.023392131740108492
2023Q3,E16,LA23,0.010437766495493644,0.020380810155709483
2019Q1,E17,LA23,0.0016387511843659918,0.00933401960626085
2019Q2,E17,LA23,0.006445227436346224,0.036710807492682886
2019Q3,E17,LA23,0.011186748733444465,0.06371762413015852
2019Q4,E17,LA23,0.007447706946194908,0.04242074289292642
2020Q1,E17,LA23,0.0039794144715656465,0.022665998995694
2020Q2,E17,LA23,0.0006678415343554009,0.0038039002107329344
2020Q3,E17,LA23,0.025266043032464502,0.1439106456718715
2020Q4,E17,LA23,0.006461564553198508,0.036803860648319815
2021Q2,E17,LA23,0.014313662743809222,0.08152794027716304
2021Q3,E17,LA23,0.024222206625409345,0.1379651491363793
2021Q4,E17,LA23,0.010985727301841716,0.06257264373181659
2022Q1,E17,LA23,0.005694583249910457,0.032435278894833
2022Q2,E17,LA23,0.01084439283483837,0.06176762909711471
2022Q3,E17,LA23,0.010405727918704493,0.059269075950770835
2022Q4,E17,LA23,0.006050064695389322,0.034460034582832935
2023Q1,E17,LA23,0.00233910193104361,0.013323086197402578
2023Q2,E17,LA23,0.00943189865962162,0.05372232700916951
2023Q3,E17,LA23,0.011223942014234815,0.063929470086659
2019Q1,E18,LA23,0.005503030578632835,0.01016448467669248
2019Q2,E18,LA23,0.00834870760910502,0.0154206503762544
2019Q3,E18,LA23,0.008396933452008327,0.015509726901308531
2019Q4,E18,LA23,0.0058087871199621645,0.010729238521820587
2020Q1,E18,LA23,0.007895337712590324,0.014583244277896472
2020Q3,E18,LA23,0.009889899075654546,0.01826733945452657
2021Q3,E18,LA23,0.003903396593045454,0.007209848153691561
2022Q2,E18,LA23,0.001629735993048942,0.00301023704878552
2019Q1,E1W,LA23,0.002869367064087698,0.0038203851520578866
2019Q2,E1W,LA23,0.018717381118409124,0.024921037745623657
2019Q3,E1W,LA23,0.03182565166665828,0.04237389095442392
2019Q4,E1W,LA23,0.012886873293942952,0.017158076429055383
2020Q3,E1W,LA23,0.028494918138850807,0.03793922483088884
2021Q2,E1W,LA23,0.01925678237595721,0.0256392172288726
2021Q3,E1W,LA23,0.019431043790985068,0.02587123554778389
2021Q4,E1W,LA23,0.009313238142757592,0.012400001785579436
2022Q1,E1W,LA23,0.005322331345241873,0.007086355698502877
2022Q2,E1W,LA23,0.015711602501018215,0.02091902902949436
2022Q3,E1W,LA23,0.01765682473464651,0.023508972376867804
2022Q4,E1W,LA23,0.004850701432646977,0.006458409578295781
2023Q1,E1W,LA23,0.0013468468730199867,0.0017932434857082782
2023Q2,E1W,LA23,0.013900239534464924,0.018507311034603402
2023Q3,E1W,LA23,0.0018253190848649637,0.002430299705068638
2019Q1,E2,LA23,0.006378079100599377,0.030668498078093718
2019Q2,E2,LA23,0.01228191854079419,0.05905665157527649
2019Q3,E2,LA23,0.013689706167723291,0.06582588906039671
2019Q4,E2,LA23,0.01162214214270828,0.0558841679987138
2020Q1,E2,LA23,0.008065246951705423,0.03878111367644916
2020Q3,E2,LA23,0.02561782829868651,0.12318133807236258
2020Q4,E2,LA23,0.005714934501748365,0.02747981876970301
2021Q2,E2,LA23,0.01232214147403818,0.05925006042634776
2021Q3,E2,LA23,0.029993346641715282,0.1442206782525794
2021Q4,E2,LA23,0.010160267827600256,0.048854858873480164
2022Q1,E2,LA23,0.005971413968044717,0.028713080366982505
2022Q2,E2,LA23,0.01051510176355976,0.050561050300612816
2022Q3,E2,LA23,0.01223237290900393,0.058818415252181226
2022Q4,E2,LA23,0.003544294511354833,0.01704246493265801
2023Q1,E2,LA23,0.0026103856661768943,0.01255183677146716
2023Q2,E2,LA23,0.005977127880056947,0.02874055526919076
2023Q3,E2,LA23,0.011999876836548386,0.057700475941802165
2020Q3,E20,LA23,0.011289571712759856,0.008029612472736819
2021Q2,E20,LA23,0.009164136208416251,0.006517914432288923
2021Q3,E20,LA23,0.018484010277586973,0.013146596101901655
2022Q2,E20,LA23,0.006071235155247413,0.0043181146962727
2022Q3,E20,LA23,0.014064999306962504,0.010003611894025722
2019Q1,E3,LA23,0.003283529625417999,0.014438494924683506
2019Q2,E3,LA23,0.01175308464636952,0.05168123098459308
2019Q3,E3,LA23,0.014294541443464773,0.06285664745780087
2019Q4,E3,LA23,0.003136384431634119,0.013791460977679098
2020Q1,E3,LA23,0.004135274868819357,0.01818383021228832
2020Q3,E3,LA23,0.011100278915717202,0.048810682122824266
2020Q4,E3,LA23,0.004852404210834123,0.02133722596205369
2021Q2,E3,LA23,0.005185269034050222,0.02280091522601137
2021Q3,E3,LA23,0.016793214488830702,0.07384393315325638
2021Q4,E3,LA23,0.007387037311938723,0.03248263694995511
2022Q1,E3,LA23,0.0029492671777218878,0.012968659958916086
2022Q2,E3,LA23,0.0070321886777840814,0.03092227941164892
2022Q3,E3,LA23,0.006957621301115191,0.03059438814450566
2022Q4,E3,LA23,0.00308523137566567,0.013566528291442566
2023Q1,E3,LA23,0.0020840882966714704,0.009164253631563526
2023Q2,E3,LA23,0.006118651989725239,0.026905231801679308
2023Q3,E3,LA23,0.007490576621946222,0.0329379250004956
2019Q1,E4,LA23,0.0017321708944824242,0.006421246157940404
2019Q2,E4,LA23,0.005467813503641286,0.020269464499391817
2019Q3,E4,LA23,0.01062812673904542,0.03939900976663797
2019Q4,E4,LA23,0.003540836527771529,0.013126062227619695
2020Q1,E4,LA23,0.004141365086633764,0.01535225233023069
2020Q3,E4,LA23,0.017536740687645158,0.0650095952553146
2020Q4,E4,LA23,0.009683430367591986,0.035896971968324684
2021Q2,E4,LA23,0.01552279531801228,0.05754379669684088
2021Q3,E4,LA23,0.021659284401778046,0.08029207579441118
2021Q4,E4,LA23,0.007104882830958648,0.026338164280575768
2022Q1,E4,LA23,0.0032773763207851352,0.012149401756490454
2022Q2,E4,LA23,0.013573700791452368,0.05031840353268938
2022Q3,E4,LA23,0.009729147773956816,0.03606644873352508
2022Q4,E4,LA23,0.004522083419501278,0.016763594675244218
2023Q1,E4,LA23,0.0009229103889835023,0.0034212760462958643
2023Q2,E4,LA23,0.005310806199359345,0.0196874303868222
2023Q3,E4,LA23,0.006682659958524429,0.02477296248319601
2019Q1,E5,LA23,0.0016807366718847381,0.0026564615316671176
2019Q2,E5,LA23,0.007940464080157887,0.01255017381685982
2019Q3,E5,LA23,0.015493326249075488,0.024487729616849783
2019Q4,E5,LA23,0.005894723790925544,0.009316811641193572
2020Q1,E5,LA23,0.004552687054225875,0.00719567688834204
2020Q3,E5,LA23,0.013604172923395077,0.021501858468180528
2020Q4,E5,LA23,0.00757175507454043,0.01196741668054788
2021Q2,E5,LA23,0.009800203027350456,0.015489554538897731
2021Q3,E5,LA23,0.02580226536221648,0.040781358859584366
2021Q4,E5,LA23,0.009461869056438952,0.014954806179076009
2022Q1,E5,LA23,0.005318833260935698,0.00840659705198377
2022Q2,E5,LA23,0.008609492517770208,0.013607596040006484
2022Q3,E5,LA23,0.025290738798840005,0.039972873710919336
2022Q4,E5,LA23,0.005467460501537574,0.008641507465864355
2023Q1,E5,LA23,0.003263943864864213,0.005158774401471077
2023Q2,E5,LA23,0.006174137513792968,0.009758434543004159
2023Q3,E5,LA23,0.01112613733601323,0.017585238856019515
2019Q2,E6,LA23,0.00792023723941822,0.020908978999476076
2019Q3,E6,LA23,0.003061413746843468,0.008081959391680967
2020Q3,E6,LA23,0.0017536439632348116,0.004629521022091003
2021Q3,E6,LA23,0.006863422315018071,0.018119047284976226
2022Q2,E6,LA23,0.0008630732814839703,0.0022784647191809123
2023Q2,E6,LA23,0.0014237299357301024,0.0037585666220893133
2023Q3,E6,LA23,0.0019580942550597048,0.005169258245734753
2019Q2,E7,LA23,0.0077389398278977315,0.0095643749705648
2019Q3,E7,LA23,0.008645208334614119,0.010684411049796592
2019Q4,E7,LA23,0.004562232067604672,0.005638356049753595
2020Q3,E7,LA23,0.013724957102910364,0.016962353902008682
2021Q2,E7,LA23,0.008222875860920645,0.010162460210213976
2021Q3,E7,LA23,0.015562416354020576,0.019233226871895204
2021Q4,E7,LA23,0.0035402448141137063,0.00437530587429041
2022Q1,E7,LA23,0.003655495537645517,0.004517741551527944
2022Q2,E7,LA23,0.003964098363346178,0.0048991365756030645
2022Q3,E7,LA23,0.008156358057542133,0.010080252410711909
2022Q4,E7,LA23,0.0076579133039933875,0.009464236182253134
2023Q1,E7,LA23,0.0037906372489950007,0.004684760036004443
2023Q2,E7,LA23,0.01137717700846615,0.01406078732169423
2023Q3,E7,LA23,0.020060880254798,0.024792773333735644
2019Q1,E8,LA23,0.0042673937549301075,0.018883644892482274
2019Q2,E8,LA23,0.011436620491740584,0.050608191448612234
2019Q3,E8,LA23,0.019998285902812475,0.08849441863918882
2019Q4,E8,LA23,0.0068803015531472425,0.03044602367258108
2020Q1,E8,LA23,0.00408434626114629,0.018073641393958367
2020Q3,E8,LA23,0.015387868039652659,0.06809285770207471
2020Q4,E8,LA23,0.005630781421073371,0.024916771905543957
2021Q2,E8,LA23,0.00962068739711117,0.04257250557643991
2021Q3,E8,LA23,0.017606724565212083,0.07791152012281433
2021Q4,E8,LA23,0.008374892591162688,0.03705973875072774
2022Q1,E8,LA23,0.005007459200207638,0.022158508630957828
2022Q2,E8,LA23,0.006918633198279514,0.03061564504252995
2022Q3,E8,LA23,0.0092218160753,0.04080746001668222
2022Q4,E8,LA23,0.004724171023181502,0.02090493006651907
2023Q1,E8,LA23,0.0011947676415204856,0.0052869665109848574
2023Q2,E8,LA23,0.005564297421054952,0.024622573544792928
2023Q3,E8,LA23,0.006310555404058455,0.027924839883102508
2019Q1,E9,LA23,0.0028487439323065123,0.008223527440427716
2019Q2,E9,LA23,0.009813311460633104,0.028328287131318464
2019Q3,E9,LA23,0.013435117003576698,0.038783427352424585
2019Q4,E9,LA23,0.004303221845519082,0.012422198614468735
2020Q1,E9,LA23,0.002720455528947265,0.007853194679610128
2020Q3,E9,LA23,0.016188283320260625,0.046731048932782036
2020Q4,E9,LA23,0.008108117632226068,0.02340586919121261
2021Q2,E9,LA23,0.006816291982077718,0.019676729635435826
2021Q3,E9,LA23,0.034027083861249016,0.09822667972272092
2021Q4,E9,LA23,0.009637234249462565,0.027820001440465744
2022Q1,E9,LA23,0.007414077870983445,0.02140237040123695
2022Q2,E9,LA23,0.012621104291906356,0.03643360018987645
2022Q3,E9,LA23,0.009099785487400343,0.026268537094190112
2022Q4,E9,LA23,0.0066365579753409065,0.0191578877979452
2023Q1,E9,LA23,0.0013500087741240476,0.0038970979711183047
2023Q2,E9,LA23,0.008601860173307836,0.02483116589445297
2023Q3,E9,LA23,0.009392304086157205,0.027112956522848564
2019Q3,EC1A,LA23,0.023638318247907932,0.008958191865001611
2019Q3,EC1M,LA23,0.007983993740812077,0.0030779120710669058
2019Q1,EC1R,LA23,0.006975313192265253,0.008846556999187016
2019Q2,EC1R,LA23,0.015522587366619687,0.01968677966545411
2019Q3,EC1R,LA23,0.01175498899916085,0.014908460357193138
2019Q4,EC1R,LA23,0.007836830359209901,0.009939190478584787
2020Q1,EC1R,LA23,0.0036983896696907844,0.004690544225943023
2020Q3,EC1R,LA23,0.0233672849418856,0.02963594787168295
2021Q2,EC1R,LA23,0.005699627006140291,0.007228646770991946
2021Q3,EC1R,LA23,0.006360074093160789,0.008066269776472571
2021Q4,EC1R,LA23,0.005041973350907796,0.006394566581848704
2022Q2,EC1R,LA23,0.004226804348119183,0.0053607149327017534
2023Q2,EC1R,LA23,0.00490133261170369,0.0062161966246177406
2019Q1,EC1V,LA23,0.004793798797971143,0.012434562320462451
2019Q2,EC1V,LA23,0.011261246050568295,0.02921037609695192
2019Q3,EC1V,LA23,0.018949832572500942,0.049153684586182064
2019Q4,EC1V,LA23,0.008496240436173917,0.022038269782609598
2020Q1,EC1V,LA23,0.003969197391758907,0.01029564118354978
2020Q3,EC1V,LA23,0.009416812590504623,0.024426127994003902
2020Q4,EC1V,LA23,0.006274112048138916,0.01627432450881458
2021Q2,EC1V,LA23,0.011439083219605718,0.029671665244553683
2021Q3,EC1V,LA23,0.00728081537054574,0.018885597056586545
2021Q4,EC1V,LA23,0.0032377514430581237,0.008398354581321295
2022Q1,EC1V,LA23,0.003031287507155273,0.007862810895383016
2022Q2,EC1V,LA23,0.0030158173458988825,0.007822683077684115
2022Q3,EC1V,LA23,0.004186337132636889,0.010858876678819015
2023Q2,EC1V,LA23,0.002915442479801115,0.007562322228073783
2023Q3,EC1V,LA23,0.0023663493147747547,0.006138037758072679
2020Q3,EC1Y,LA23,0.012944350863463898,0.0032361096658870703
2019Q3,EC2A,LA23,0.0076508693939925515,0.002764770488267029
2021Q3,EC2A,LA23,0.0096446692713726,0.0034852636474914053
2019Q3,EC2M,LA23,0.012866433868853793,0.0024128748328786647
2021Q3,EC2M,LA23,0.02276146638845503,0.0042685152675493755
2023Q2,EC2M,LA23,0.023832512573510642,0.004469371263166568
2019Q2,EC2Y,LA23,0.02709927846972661,0.007403040097640134
2020Q3,EC3N,LA23,0.03500667887141752,0.006540761982546314
2021Q3,EC3N,LA23,0.0430424576723091,0.00804219308585323
2019Q2,EH1,LA23,0.008709631800594484,0.002337318851805964
2019Q3,EH1,LA23,0.012583932084955812,0.0033770269932657266
2020Q4,EH1,LA23,0.005748674907330853,0.0015427157589935302
2021Q2,EH1,LA23,0.011131743035393394,0.0029873171961538967
2021Q4,EH1,LA23,0.013199293826922521,0.003542165616012187
2022Q1,EH1,LA23,0.017885095672931714,0.004799648508659489
2022Q2,EH1,LA23,0.0568703096400249,0.015261729757691913
2022Q3,EH1,LA23,0.01693942154232614,0.004545867175104289
2023Q1,EH1,LA23,0.01793924966160742,0.004814181285880171
2023Q2,EH1,LA23,0.02917121798947525,0.007828394965248465
2023Q3,EH1,LA23,0.02585974199538032,0.006939726483559873
2019Q1,EH10,LA23,0.013397916702199164,0.028118031827051082
2019Q2,EH10,LA23,0.016209310503824185,0.03401826707627389
2019Q3,EH10,LA23,0.03847656227928056,0.08075025593992094
2019Q4,EH10,LA23,0.016541523853852616,0.03471547887099548
2020Q1,EH10,LA23,0.010070787771472658,0.021135430035571483
2020Q3,EH10,LA23,0.02797292907280249,0.058706418874495465
2020Q4,EH10,LA23,0.017765679922146737,0.037284599134590035
2021Q2,EH10,LA23,0.02245783605963737,0.04713196559789986
2021Q3,EH10,LA23,0.041846135143143545,0.08782193425645468
2021Q4,EH10,LA23,0.025529095597990013,0.05357757765595654
2022Q1,EH10,LA23,0.011876618650705287,0.02492530358570336
2022Q2,EH10,LA23,0.03166906528260755,0.0664634513963767
2022Q3,EH10,LA23,0.028724655226242325,0.06028405668024318
2023Q1,EH10,LA23,0.01092049326406845,0.022918695793635712
2023Q2,EH10,LA23,0.023908130096363164,0.050175678645954916
2023Q3,EH10,LA23,0.021654226332087526,0.04544544041655839
2019Q1,EH11,LA23,0.008098818464589638,0.02351533498580024
2019Q2,EH11,LA23,0.017040722248011172,0.049478611455981786
2019Q3,EH11,LA23,0.027664314424438397,0.08032475646756415
2019Q4,EH11,LA23,0.007146714995128737,0.020750853707030142
2020Q1,EH11,LA23,0.006866001972734789,0.01993578904230998
2020Q3,EH11,LA23,0.011444639792356728,0.03323009889476812
2020Q4,EH11,LA23,0.008094161910417041,0.02350181444181881
2021Q2,EH11,LA23,0.009053088352301958,0.026286106571128547
2021Q3,EH11,LA23,0.029744449466191137,0.0863645352990552
2021Q4,EH11,LA23,0.01237834115736015,0.03594114871898059
2022Q1,EH11,LA23,0.005799227744103824,0.016838355330200366
2022Q2,EH11,LA23,0.012518386401566977,0.036347777271662766
2022Q3,EH11,LA23,0.01009824820113713,0.02932078182240457
2022Q4,EH11,LA23,0.0042983730216938,0.012480546630474165
2023Q1,EH11,LA23,0.002944461219992257,0.008549394241092467
2023Q2,EH11,LA23,0.008801236005234414,0.02555484035814357
2023Q3,EH11,LA23,0.018187927866896058,0.05280958183686157
2019Q1,EH12,LA23,0.006864437676628099,0.022997216172051936
2019Q2,EH12,LA23,0.015581520330501657,0.05220115735769718
2019Q3,EH12,LA23,0.026092481451753483,0.08741494419190134
2019Q4,EH12,LA23,0.017235054099508137,0.05774082066662376
2020Q1,EH12,LA23,0.0063125763384665095,0.021148372160559054
2020Q3,EH12,LA23,0.01451461574666229,0.04862681718515165
2020Q4,EH12,LA23,0.004795567336782785,0.0160660936710257
2021Q2,EH12,LA23,0.00645346057512205,0.021620362059547187
2021Q3,EH12,LA23,0.03068468601862125,0.10279973259053654
2021Q4,EH12,LA23,0.014699418399615938,0.04924594241570241
2022Q1,EH12,LA23,0.009574667965145195,0.03207702063051219
2022Q2,EH12,LA23,0.010091006102703996,0.03380685493401878
2022Q3,EH12,LA23,0.017640355258269024,0.05909865925470543
2022Q4,EH12,LA23,0.0053867933881275405,0.018046817213118203
2023Q1,EH12,LA23,0.005211875076532386,0.017460806469965808
2023Q2,EH12,LA23,0.009093550886750285,0.030465183801752633
2023Q3,EH12,LA23,0.01118713207999183,0.037479092521274786
2021Q3,EH13,LA23,0.009840704510254959,0.0027312221866232647
2022Q2,EH13,LA23,0.009408260579427077,0.0026112002453977288
2019Q1,EH14,LA23,0.008853630406632555,0.01835995879591808
2019Q2,EH14,LA23,0.014110587864664513,0.029261421573159887
2019Q3,EH14,LA23,0.01864787601928454,0.038670491043873816
2019Q4,EH14,LA23,0.014033045859394027,0.02910062109286737
2020Q1,EH14,LA23,0.003274824814314678,0.006791072802138366
2020Q3,EH14,LA23,0.0060930443673783185,0.01263527371133118
2020Q4,EH14,LA23,0.0036153262637173686,0.007497177788890525
2021Q2,EH14,LA23,0.005021821089531885,0.010413855565419513
2021Q3,EH14,LA23,0.005687448078119512,0.011794180191887408
2021Q4,EH14,LA23,0.0029732686975950514,0.006165729567403631
2022Q1,EH14,LA23,0.005049644165164011,0.010471552860056849
2022Q2,EH14,LA23,0.008677068934200111,0.017993819572805964
2022Q3,EH14,LA23,0.007161966488593524,0.014851919900543516
2022Q4,EH14,LA23,0.002845101246437537,0.0058999460397258785
2023Q1,EH14,LA23,0.0025605248763756108,0.0053098140612422495
2023Q2,EH14,LA23,0.0020696114617135297,0.004291796632052161
2023Q3,EH14,LA23,0.006289862991367484,0.01304342061387223
2019Q2,EH15,LA23,0.008549499960943417,0.00784784430391694
2019Q3,EH15,LA23,0.024263150383898292,0.022271878753753995
2019Q4,EH15,LA23,0.012398909522138766,0.011381333635021256
2020Q3,EH15,LA23,0.007067109833020999,0.0064871136208659854
2020Q4,EH15,LA23,0.0028299315895853683,0.002597679701416298
2021Q2,EH15,LA23,0.008374086421364075,0.007686826916501719
2021Q3,EH15,LA23,0.010116328038766621,0.009286083132144868
2021Q4,EH15,LA23,0.008790289898300422,0.008068872661944929
2022Q1,EH15,LA23,0.008230415879741838,0.0075549473859020935
2022Q3,EH15,LA23,0.010166187387915129,0.009331850535033884
2023Q2,EH15,LA23,0.015355340503086698,0.014095130949454547
2023Q3,EH15,LA23,0.010686599267574185,0.009809552321586364
2019Q1,EH16,LA23,0.008282406472760039,0.013771867034262156
2019Q2,EH16,LA23,0.021211850168846573,0.03527076110509916
2019Q3,EH16,LA23,0.02632976130643796,0.043780750552235057
2019Q4,EH16,LA23,0.017388983614185387,0.028914153269722388
2020Q1,EH16,LA23,0.006847304185716147,0.01138559947510096
2020Q3,EH16,LA23,0.017948431742445804,0.029844395616594525
2020Q4,EH16,LA23,0.006548012916726839,0.01088794223326038
2021Q2,EH16,LA23,0.010006668564943972,0.016638945382067824
2021Q3,EH16,LA23,0.03360458717698672,0.0558772269707875
2021Q4,EH16,LA23,0.011508212383153874,0.0191356909690559
2022Q1,EH16,LA23,0.013553941909834092,0.022537300769560592
2022Q2,EH16,LA23,0.022456324397885363,0.037340055055626174
2022Q3,EH16,LA23,0.026742977190384692,0.04446784001456413
2022Q4,EH16,LA23,0.00675129443387416,0.01122595583279615
2023Q1,EH16,LA23,0.007189121513265898,0.01195396843894068
2023Q2,EH16,LA23,0.02489087602645464,0.04138819268651565
2023Q3,EH16,LA23,0.018544231389066683,0.030835082748324825
2019Q1,EH17,LA23,0.00812978151940409,0.009215660619642655
2019Q2,EH17,LA23,0.010205726907071165,0.011568885993779714
2019Q3,EH17,LA23,0.017178867456187526,0.019473415359094737
2019Q4,EH17,LA23,0.00845156676783806,0.00958042609764436
2020Q1,EH17,LA23,0.0061273779338072605,0.0069457998829953824
2020Q3,EH17,LA23,0.012350940635630064,0.014000631746332998
2020Q4,EH17,LA23,0.007107531335726942,0.008056870467822377
2021Q2,EH17,LA23,0.009076129929912474,0.010288410946126557
2021Q3,EH17,LA23,0.02969998114292202,0.03366694983987938
2021Q4,EH17,LA23,0.015706819537732113,0.017804748864188633
2022Q1,EH17,LA23,0.01377999881029073,0.015620566441006569
2022Q2,EH17,LA23,0.01509392866514499,0.01710999535019093
2022Q3,EH17,LA23,0.006390419036788764,0.007243974874329183
2022Q4,EH17,LA23,0.0023854205165871143,0.0027040364939119386
2023Q1,EH17,LA23,0.004956066872907082,0.0056180390825943324
2023Q2,EH17,LA23,0.007117800399155658,0.008068511150073768
2023Q3,EH17,LA23,0.0072055020278170455,0.008167926914643114
2019Q1,EH18,LA23,0.0071581955630357795,0.005836464555149962
2019Q2,EH18,LA23,0.019669408647202062,0.01603753423320396
2019Q3,EH18,LA23,0.0367202139846108,0.029939979355329563
2019Q4,EH18,LA23,0.031014620548826106,0.025287899992478092
2020Q1,EH18,LA23,0.0125085528031201,0.010198900606827032
2020Q3,EH18,LA23,0.008795775899031489,0.007171672500096933
2020Q4,EH18,LA23,0.002299724288390791,0.0018750897733391856
2021Q2,EH18,LA23,0.01778841259548056,0.014503856270989459
2021Q3,EH18,LA23,0.047024989969072464,0.03834202135773671
2021Q4,EH18,LA23,0.027884179165747067,0.022735481577331188
2022Q1,EH18,LA23,0.018359397584026417,0.014969411258670925
2022Q2,EH18,LA23,0.013830003074794334,0.01127635058763603
2022Q3,EH18,LA23,0.047684207612316745,0.03887951720777925
2022Q4,EH18,LA23,0.003640062555492929,0.002967940159859653
2023Q1,EH18,LA23,0.005594127659949606,0.004561195278441526
2023Q2,EH18,LA23,0.019619838743708182,0.015997117206008136
2023Q3,EH18,LA23,0.024302554117235302,0.019815188682090583
2019Q2,EH19,LA23,0.018640608767707914,0.00749768390551015
2019Q3,EH19,LA23,0.012742605756326277,0.0051253707045757785
2020Q3,EH19,LA23,0.05130279349764806,0.02063516990825854
2021Q4,EH19,LA23,0.016983789598651666,0.0068312729222114975
2023Q3,EH19,LA23,0.02823567154365284,0.01135704003727922
2019Q1,EH21,LA23,0.007588314284925702,0.01753817001039432
2019Q2,EH21,LA23,0.014913159990417084,0.034467409425004626
2019Q3,EH21,LA23,0.020634357355969968,0.047690284531721305
2019Q4,EH21,LA23,0.010439136913193332,0.024127013071805082
2020Q1,EH21,LA23,0.005182497657899247,0.011977828222437323
2020Q3,EH21,LA23,0.00848339419406542,0.019606885541927476
2020Q4,EH21,LA23,0.005412086342827822,0.012508455346927813
2021Q2,EH21,LA23,0.00705296189833588,0.016300859480157817
2021Q3,EH21,LA23,0.021197364245554327,0.04899151036077912
2021Q4,EH21,LA23,0.01665551881257023,0.038494362460244055
2022Q1,EH21,LA23,0.0051712669264795215,0.011951871670087945
2022Q2,EH21,LA23,0.016031665759723025,0.03705250851330452
2022Q3,EH21,LA23,0.020376738767553727,0.047094874479918725
2022Q4,EH21,LA23,0.008032788468801597,0.018565442143486138
2023Q2,EH21,LA23,0.02334549971741568,0.05395629749218507
2023Q3,EH21,LA23,0.01925385332582784,0.04449965305922632
2019Q1,EH22,LA23,0.003413320174586521,0.00560350630537365
2019Q2,EH22,LA23,0.00755791824466903,0.012407521232499587
2019Q3,EH22,LA23,0.014322635158460996,0.023512876705076347
2019Q4,EH22,LA23,0.009334803735742608,0.015324560520899741
2020Q1,EH22,LA23,0.0028271615675547145,0.004641234006716627
2020Q3,EH22,LA23,0.013324945555553828,0.02187501102159317
2020Q4,EH22,LA23,0.007631160544127585,0.012527760080847822
2021Q2,EH22,LA23,0.008082417669955811,0.013268570207231463
2021Q3,EH22,LA23,0.039779553229620464,0.06530444433743371
2021Q4,EH22,LA23,0.013691729602391373,0.022477145194199355
2022Q1,EH22,LA23,0.009264115888099205,0.015208515210256976
2022Q2,EH22,LA23,0.01181610133598041,0.0193980039827705
2022Q4,EH22,LA23,0.008133770959894883,0.013352874775586264
2023Q1,EH22,LA23,0.006483242749125932,0.010643270998858444
2023Q2,EH22,LA23,0.010855098946211528,0.01782036617702279
2023Q3,EH22,LA23,0.014034290399257658,0.0230395130609778
2019Q1,EH26,LA23,0.004655360499466485,0.0037819925913405625
2019Q2,EH26,LA23,0.010714057474339931,0.00870404901957525
2019Q3,EH26,LA23,0.035458542735240114,0.028806350429742108
2019Q4,EH26,LA23,0.016331853326739632,0.01326791948586337
2020Q1,EH26,LA23,0.005473528448376697,0.0044466683176576415
2020Q3,EH26,LA23,0.007726182528096744,0.006276713711850135
2021Q2,EH26,LA23,0.010536059443466396,0.00855944427111075
2021Q3,EH26,LA23,0.030534227211123706,0.024805860063471682
2021Q4,EH26,LA23,0.014021794882062871,0.011391239060291077
2022Q1,EH26,LA23,0.01065665310938322,0.00865741398819545
2022Q2,EH26,LA23,0.007011342436108619,0.0056959810420166975
2022Q3,EH26,LA23,0.026970884631066373,0.021911017603960838
2022Q4,EH26,LA23,0.004604720059682963,0.003740852540402411
2023Q1,EH26,LA23,0.009216560040600869,0.007487489270743403
2023Q2,EH26,LA23,0.012203455997674254,0.009914029252351964
2023Q3,EH26,LA23,0.01796916821372986,0.014598066264614084
2019Q3,EH29,LA23,0.01944814931261849,0.00444565608441839
2019Q2,EH3,LA23,0.014861596486661391,0.04149989985470448
2019Q3,EH3,LA23,0.02255448974501225,0.06298173056522266
2019Q4,EH3,LA23,0.015909147992483656,0.04442510931139287
2020Q1,EH3,LA23,0.009343942972134605,0.026092263905811885
2020Q3,EH3,LA23,0.023513282375903517,0.06565908748304293
2020Q4,EH3,LA23,0.008195152492864195,0.02288435216587539
2021Q2,EH3,LA23,0.012878659007747643,0.0359626948265018
2021Q3,EH3,LA23,0.0267857868810538,0.07479731225988283
2021Q4,EH3,LA23,0.014974849496856325,0.041816150439596335
2022Q1,EH3,LA23,0.011256919400854774,0.03143410791883902
2022Q2,EH3,LA23,0.014462569934280481,0.04038564796541126
2022Q3,EH3,LA23,0.0194188261541007,0.0542256238362002
2022Q4,EH3,LA23,0.010232696875870558,0.02857404290133388
2023Q1,EH3,LA23,0.004496486283370421,0.012556102611546865
2023Q2,EH3,LA23,0.015292936655119872,0.042704385107039534
2023Q3,EH3,LA23,0.010553554512435628,0.02947001392281993
2019Q2,EH30,LA23,0.028855195221744564,0.01217008023552088
2019Q3,EH30,LA23,0.015139197493035403,0.006385167273198511
2019Q4,EH30,LA23,0.008277598629276968,0.0034911924421784503
2019Q3,EH32,LA23,0.0160785946401163,0.0072156323436301404
2019Q4,EH32,LA23,0.010312579052878856,0.004628002672232126
2020Q3,EH32,LA23,0.026719679820083844,0.011991059556921826
2021Q3,EH32,LA23,0.02177033787591289,0.009769930620507088
2021Q4,EH32,LA23,0.006143016243141088,0.0027568172271014817
2022Q2,EH32,LA23,0.00872385962216695,0.003915028959927903
2022Q3,EH32,LA23,0.016758806934656978,0.007520892967638703
2019Q1,EH33,LA23,0.009903119498527272,0.007045143345190495
2019Q2,EH33,LA23,0.00939088917963793,0.0066807393790599525
2019Q3,EH33,LA23,0.016251929728761282,0.011561728058730722
2019Q4,EH33,LA23,0.011804672924404177,0.0083979207670759
2020Q3,EH33,LA23,0.007207710711371672,0.005127612078176977
2021Q3,EH33,LA23,0.004308832658657249,0.0030653314579504945
2022Q3,EH33,LA23,0.003752595250863327,0.0026696205637773873
2023Q3,EH33,LA23,0.005728544032578918,0.004075323323600803
2019Q2,EH39,LA23,0.014809723491574812,0.00948599919689704
2019Q3,EH39,LA23,0.012880606848376207,0.008250351621267877
2019Q4,EH39,LA23,0.018245221738254127,0.011686521956655586
2020Q3,EH39,LA23,0.03753774272844487,0.024043865341437997
2021Q2,EH39,LA23,0.021384071738103368,0.013697034076931777
2021Q3,EH39,LA23,0.024912244341954482,0.015956917085935
2021Q4,EH39,LA23,0.012524696680090356,0.008022382235313593
2022Q1,EH39,LA23,0.02012117197191812,0.012888115114021359
2022Q2,EH39,LA23,0.02860251241096845,0.018320626304335737
2022Q3,EH39,LA23,0.032744412761400665,0.02097361732203971
2022Q4,EH39,LA23,0.023336667390183502,0.014947720546401247
2023Q1,EH39,LA23,0.008486758671869151,0.0054359817042775255
2023Q2,EH39,LA23,0.004815680177421814,0.003084563889496273
2023Q3,EH39,LA23,0.023449208601024285,0.015019806013510804
2019Q1,EH4,LA23,0.008518486525347346,0.029620113651726086
2019Q2,EH4,LA23,0.018073156370271688,0.06284319921619368
2019Q3,EH4,LA23,0.019927689961266096,0.06929170336921964
2019Q4,EH4,LA23,0.02914070127103292,0.10132678862267712
2020Q1,EH4,LA23,0.005734669166187589,0.019940344091886608
2020Q3,EH4,LA23,0.017528906446395296,0.06095075687303875
2020Q4,EH4,LA23,0.011812868285472216,0.04107519570846424
2021Q2,EH4,LA23,0.01660369821063156,0.057733662731574764
2021Q3,EH4,LA23,0.02881619740032095,0.10019843777040864
2021Q4,EH4,LA23,0.0306681317997327,0.10663790412665557
2022Q1,EH4,LA23,0.01198389509161126,0.0416698827365245
2022Q2,EH4,LA23,0.01937493548253124,0.06736968935500373
2022Q3,EH4,LA23,0.03169834737543591,0.1102201252579924
2022Q4,EH4,LA23,0.02091376086712941,0.07272042656006142
2023Q1,EH4,LA23,0.008307827245955898,0.028887618298379155
2023Q2,EH4,LA23,0.028929459772726963,0.1005922688028517
2023Q3,EH4,LA23,0.018974493630540275,0.06597729023203905
2019Q2,EH41,LA23,0.013459349991489494,0.005509079404626332
2019Q3,EH41,LA23,0.022316784030773668,0.009134537355754072
2020Q3,EH41,LA23,0.014428592768617953,0.00590580253203869
2021Q2,EH41,LA23,0.01950250010053664,0.007982615929485855
2021Q3,EH41,LA23,0.07450892661999127,0.030497430660660213
2021Q4,EH41,LA23,0.019608486188795626,0.008025997354025205
2023Q2,EH41,LA23,0.01595496908302783,0.0065305673477795674
2019Q1,EH42,LA23,0.00908237463722331,0.0063681039128797
2019Q2,EH42,LA23,0.014252489278969813,0.009993128049762046
2019Q3,EH42,LA23,0.012675375903002543,0.008887335538254005
2019Q4,EH42,LA23,0.01824074852631584,0.012789494675568568
2020Q3,EH42,LA23,0.0065009780672881275,0.004558158578723772
2021Q2,EH42,LA23,0.006566768464428646,0.004604287493483947
2021Q3,EH42,LA23,0.02752348482755801,0.019298082101581533
2021Q4,EH42,LA23,0.006747949855926914,0.0047313227650100115
2022Q2,EH42,LA23,0.019902729452199487,0.01395479204106975
2022Q3,EH42,LA23,0.008265253779948255,0.005795179899463347
2023Q1,EH42,LA23,0.0058813315211793706,0.004123693611962178
2023Q2,EH42,LA23,0.012484810614733449,0.008753720750672806
2023Q3,EH42,LA23,0.013223560466010387,0.009271694959672649
2023Q2,EH44,LA23,0.2486502517300177,0.002915810148038201
2019Q1,EH45,LA23,0.011119110081959895,0.007306877939911242
2019Q3,EH45,LA23,0.030240876722512237,0.019872669069605227
2019Q4,EH45,LA23,0.029700764795020245,0.01951773671449911
2020Q1,EH45,LA23,0.01985607240630537,0.013048337175320026
2020Q3,EH45,LA23,0.023518249123879436,0.015454921701640485
2020Q4,EH45,LA23,0.0237593135429332,0.015613336203583343
2021Q2,EH45,LA23,0.012031766109367945,0.00790662613416776
2021Q3,EH45,LA23,0.05069812484114522,0.033316066417730265
2021Q4,EH45,LA23,0.04499905830616245,0.029570948037248163
2022Q1,EH45,LA23,0.014959747086026532,0.009830736917236413
2022Q2,EH45,LA23,0.019906463781899447,0.013081451662718395
2022Q3,EH45,LA23,0.06325437935107425,0.04156735796986317
2022Q4,EH45,LA23,0.015179686736272303,0.00997526936332668
2023Q2,EH45,LA23,0.02885181314854882,0.018959851594923062
2023Q3,EH45,LA23,0.033913505799652764,0.02228612232147775
2021Q3,EH46,LA23,0.08826402382623569,0.0028808157989097913
2021Q4,EH46,LA23,0.07654097357805681,0.002498191634472721
2022Q3,EH46,LA23,0.08485255417729475,0.002769470142592125
2020Q3,EH47,LA23,0.02778771097314177,0.0042800836474265365
2020Q4,EH47,LA23,0.014780337777443366,0.0022765848574508732
2021Q2,EH47,LA23,0.021803192717206762,0.003358300678339574
2021Q3,EH47,LA23,0.014811318890071153,0.0022813568141502017
2021Q4,EH47,LA23,0.03312256468548794,0.005101800130576064
2022Q3,EH47,LA23,0.023393556498766715,0.003603261122238439
2023Q3,EH47,LA23,0.09062069325788408,0.013958117950284435
2019Q1,EH48,LA23,0.004672045988259161,0.014129619181963331
2019Q2,EH48,LA23,0.007166597806628068,0.02167386581647905
2019Q3,EH48,LA23,0.02018128592695355,0.06103404920815431
2019Q4,EH48,LA23,0.006972375492026907,0.02108648132821625
2020Q1,EH48,LA23,0.004064921950925765,0.01229350038833533
2020Q3,EH48,LA23,0.016411283532024822,0.04963247090834802
2020Q4,EH48,LA23,0.0044174579247205385,0.013359671198764096
2021Q2,EH48,LA23,0.010919434812353988,0.03302353101158658
2021Q3,EH48,LA23,0.017502791901723325,0.05293350810629565
2021Q4,EH48,LA23,0.020092853093163585,0.060766602725869215
2022Q1,EH48,LA23,0.0060826441207569885,0.01839567616878881
2022Q2,EH48,LA23,0.01050930632798878,0.03178318378163233
2022Q3,EH48,LA23,0.019546046990313044,0.059112902822429175
2022Q4,EH48,LA23,0.0044757676521100295,0.013536016689516556
2023Q2,EH48,LA23,0.005522043547753216,0.01670025779541677
2023Q3,EH48,LA23,0.00792577180960196,0.02396982771022417
2019Q1,EH49,LA23,0.007836127404919199,0.006981011139246488
2019Q2,EH49,LA23,0.015416442213851684,0.013734125194912922
2019Q4,EH49,LA23,0.016844999737505924,0.015006791586148998
2020Q1,EH49,LA23,0.009836854599165551,0.008763409268819928
2020Q3,EH49,LA23,0.013981391984715548,0.012455674613738268
2020Q4,EH49,LA23,0.009779718790924864,0.008712508397360425
2021Q2,EH49,LA23,0.00877675811160893,0.007818995656598273
2021Q3,EH49,LA23,0.0291635286894893,0.025981062854242683
2021Q4,EH49,LA23,0.01592579495890645,0.014187894895594529
2022Q1,EH49,LA23,0.009031028690043694,0.008045518995067913
2022Q2,EH49,LA23,0.016838669349661075,0.015001152000958884
2022Q3,EH49,LA23,0.01425489720314043,0.012699333614900951
2022Q4,EH49,LA23,0.033405294339630694,0.029759946443491257
2023Q2,EH49,LA23,0.019295914898103263,0.017190250985588733
2023Q3,EH49,LA23,0.009222644660578158,0.008216224900630256
2019Q1,EH5,LA23,0.003565209748229952,0.002911472005584265
2019Q3,EH5,LA23,0.005985989646315363,0.004888363521842461
2019Q4,EH5,LA23,0.011535580195356826,0.009420348641094159
2021Q2,EH5,LA23,0.009742793561009246,0.007956297865265315
2021Q3,EH5,LA23,0.007594707763066585,0.006202097661642453
2021Q4,EH5,LA23,0.00495037182509142,0.004042642650447826
2022Q2,EH5,LA23,0.009031486937455074,0.007375420590683416
2019Q2,EH51,LA23,0.009419876727307763,0.0048086140030642885
2019Q3,EH51,LA23,0.013424815069758246,0.0068530359368554035
2019Q4,EH51,LA23,0.008152080606807187,0.004161435451311413
2020Q3,EH51,LA23,0.015586343010207278,0.007956442470013779
2021Q3,EH51,LA23,0.032589909568814586,0.01663634249659546
2022Q3,EH51,LA23,0.00456199812816479,0.0023287871716465573
2023Q2,EH51,LA23,0.00655016192477596,0.003343695598744659
2023Q3,EH51,LA23,0.02048798755742696,0.010458610735069276
2019Q2,EH52,LA23,0.010625621864541851,0.006047587487908132
2019Q3,EH52,LA23,0.00647334281830469,0.0036843120837527924
2021Q3,EH52,LA23,0.009593205178230606,0.005459986092522633
2022Q3,EH52,LA23,0.00705986525471407,0.004018132145583092
2019Q3,EH53,LA23,0.031663367604494966,0.007487923084988799
2021Q3,EH53,LA23,0.022010938395102604,0.005205264828102414
2022Q3,EH53,LA23,0.024430848350198757,0.005777538120150677
2023Q3,EH53,LA23,0.017742235578545124,0.004195779079071731
2019Q1,EH54,LA23,0.006348598346415249,0.028284616497282183
2019Q2,EH54,LA23,0.009697800877449682,0.043206163584211366
2019Q3,EH54,LA23,0.014151162504732832,0.06304701960915439
2019Q4,EH54,LA23,0.007363532793039116,0.032806406981767136
2020Q1,EH54,LA23,0.0054704220159042605,0.02437211812045241
2020Q3,EH54,LA23,0.014958095435488802,0.0666421105631046
2021Q2,EH54,LA23,0.008479765941546993,0.0377795088862098
2021Q3,EH54,LA23,0.026660286359349,0.11877834038874123
2021Q4,EH54,LA23,0.01728760855039408,0.07702068256989876
2022Q1,EH54,LA23,0.006903290693482785,0.030755911648540513
2022Q2,EH54,LA23,0.015226450984087656,0.06783770262340909
2022Q3,EH54,LA23,0.014528216980793894,0.0647268929720665
2022Q4,EH54,LA23,0.0076691491265667875,0.03416800529330888
2023Q1,EH54,LA23,0.004280787068514389,0.019071992577357283
2023Q2,EH54,LA23,0.007510547362146334,0.03346139418993708
2023Q3,EH54,LA23,0.010257475393930609,0.04569965556435898
2019Q1,EH6,LA23,0.0036505038082702453,0.006602435907766424
2019Q2,EH6,LA23,0.01194084165080449,0.02159664688079901
2019Q3,EH6,LA23,0.011983096461248786,0.021673070490362496
2019Q4,EH6,LA23,0.009866798060008944,0.017845455100881386
2020Q1,EH6,LA23,0.0048046957544837475,0.008689950056599963
2020Q3,EH6,LA23,0.005142094619336961,0.009300182095120155
2019Q1,EH7,LA23,0.006860720591040927,0.013267557973992207
2019Q2,EH7,LA23,0.01571249743984227,0.030385506585348693
2019Q3,EH7,LA23,0.0141090417421187,0.02728467466165016
2019Q4,EH7,LA23,0.01185828899646247,0.02293207173286868
2020Q1,EH7,LA23,0.0052921852100024595,0.0102342564678266
2020Q3,EH7,LA23,0.012690357141887376,0.024541161071407414
2020Q4,EH7,LA23,0.01247317071830736,0.024121156579492268
2021Q2,EH7,LA23,0.005876371450050276,0.011363981065205515
2021Q3,EH7,LA23,0.011340728028719629,0.021931189966371632
2021Q4,EH7,LA23,0.009239601736354365,0.017867941139267617
2022Q1,EH7,LA23,0.008802499571080827,0.017022654082118373
2022Q2,EH7,LA23,0.004563606825374503,0.008825300101162734
2022Q3,EH7,LA23,0.0029326710069190864,0.0056713259324035
2022Q4,EH7,LA23,0.004202850791440333,0.00812765449219575
2023Q1,EH7,LA23,0.004354683131973722,0.00842127443395292
2023Q2,EH7,LA23,0.0017219380141851046,0.0033299581476405322
2023Q3,EH7,LA23,0.0017745054288095675,0.003431615285811076
2019Q1,EH8,LA23,0.015847181675120857,0.04401190124265556
2019Q2,EH8,LA23,0.017103329596999974,0.04750056310173588
2019Q3,EH8,LA23,0.021167931758510918,0.05878906048824292
2019Q4,EH8,LA23,0.011695861544494672,0.03248256464758089
2020Q1,EH8,LA23,0.009091484807082698,0.02524950743176077
2020Q3,EH8,LA23,0.015281601405223362,0.04244113216245991
2020Q4,EH8,LA23,0.004256938503697493,0.011822667327334916
2021Q2,EH8,LA23,0.008109679112323478,0.02252276799233991
2021Q3,EH8,LA23,0.02225139871697324,0.06179814069904072
2021Q4,EH8,LA23,0.010394180831266843,0.028867445935968364
2022Q1,EH8,LA23,0.0076244385760464075,0.021175124039024988
2022Q2,EH8,LA23,0.015437438620211,0.042873934174614166
2022Q3,EH8,LA23,0.018240712170604183,0.050659381529568684
2022Q4,EH8,LA23,0.005922022438444263,0.016447054880855433
2023Q1,EH8,LA23,0.01020447388412102,0.028340578534937943
2023Q2,EH8,LA23,0.032080545984242134,0.08909633590467232
2023Q3,EH8,LA23,0.014106808527920987,0.039178415222855374
2019Q1,EH9,LA23,0.01507760705627401,0.020597066557038145
2019Q2,EH9,LA23,0.022684051653156914,0.030988002269826037
2019Q3,EH9,LA23,0.02765519386042567,0.037778930467215935
2019Q4,EH9,LA23,0.0247936802596848,0.033869902604349314
2020Q1,EH9,LA23,0.009475201134660736,0.012943787942180192
2020Q3,EH9,LA23,0.014976568871425875,0.020459041324628783
2020Q4,EH9,LA23,0.007790155199087128,0.01064189725374803
2021Q2,EH9,LA23,0.029009814762994093,0.039629437433316164
2021Q3,EH9,LA23,0.052414894803885996,0.07160241494730814
2021Q4,EH9,LA23,0.022310914302093875,0.030478270531488667
2022Q1,EH9,LA23,0.011281185913805836,0.015410889555733043
2022Q2,EH9,LA23,0.03165755506431034,0.04324643600665872
2022Q3,EH9,LA23,0.0458401088235876,0.06262079711305528
2022Q4,EH9,LA23,0.02770012912440475,0.03784031518293912
2023Q1,EH9,LA23,0.019841221383611114,0.02710449714506339
2023Q2,EH9,LA23,0.025860588447305898,0.03532737386412302
2023Q3,EH9,LA23,0.04960556750501012,0.06776467722543451
2019Q1,EN1,LA23,0.002842734804952236,0.009396344252849048
2019Q2,EN1,LA23,0.00707434305234122,0.023383455455200614
2019Q3,EN1,LA23,0.007674239958487121,0.02536634806852009
2019Q4,EN1,LA23,0.002536475677041616,0.00838403871122331
2020Q1,EN1,LA23,0.002455913405197118,0.008117749066925929
2020Q3,EN1,LA23,0.009002828410100236,0.029757849674638518
2020Q4,EN1,LA23,0.004653493812706614,0.015381607094168984
2021Q2,EN1,LA23,0.005526773090156487,0.018268134780643118
2021Q3,EN1,LA23,0.022439512899648708,0.07417131830378
2021Q4,EN1,LA23,0.01124179459505469,0.037158503793928994
2022Q2,EN1,LA23,0.0033465388356669987,0.011061612536166244
2022Q3,EN1,LA23,0.012252071295410371,0.040497861250219716
2022Q4,EN1,LA23,0.006369363019955578,0.021053222236069414
2023Q1,EN1,LA23,0.002367038979320334,0.007823984520420295
2023Q2,EN1,LA23,0.008358308361254695,0.027627460217885258
2023Q3,EN1,LA23,0.008222514013274613,0.027178607078651447
2019Q2,EN10,LA23,0.007148991710836525,0.005402433402633761
2019Q3,EN10,LA23,0.011007744182594393,0.00831846045779466
2019Q4,EN10,LA23,0.0097797288104238,0.0073904594845237235
2020Q3,EN10,LA23,0.02844718897784355,0.021497303418603897
2020Q4,EN10,LA23,0.015608855148522238,0.011795481634623588
2021Q3,EN10,LA23,0.021282984610663032,0.016083373938467208
2021Q4,EN10,LA23,0.016622936561037714,0.012561814499111212
2022Q1,EN10,LA23,0.007493333535880699,0.005662649647495631
2022Q3,EN10,LA23,0.01844453256187573,0.01393837940211903
2022Q4,EN10,LA23,0.01396952399256034,0.010556652754528207
2023Q2,EN10,LA23,0.0047627095606762775,0.003599139886907201
2023Q3,EN10,LA23,0.007746590777028777,0.005854034032088399
2019Q1,EN11,LA23,0.0034001910028960487,0.008746418210875349
2019Q2,EN11,LA23,0.008423574782730543,0.021668226231288938
2019Q3,EN11,LA23,0.0066523105318460245,0.017111947514295203
2019Q4,EN11,LA23,0.005522323934355515,0.014205247465410268
2020Q1,EN11,LA23,0.0032913579073912663,0.008466463417848076
2020Q3,EN11,LA23,0.01919813556086682,0.049383967648111766
2020Q4,EN11,LA23,0.005278489455144775,0.013578024368945492
2021Q2,EN11,LA23,0.006883215459421383,0.017705911518613143
2021Q3,EN11,LA23,0.03706683213640689,0.09534817759978656
2021Q4,EN11,LA23,0.004833094509026806,0.012432320946861251
2022Q1,EN11,LA23,0.0034973593942080397,0.00899636751859624
2022Q2,EN11,LA23,0.004828765920001047,0.012421186381229484
2022Q3,EN11,LA23,0.020729528521194054,0.05332321790340748
2022Q4,EN11,LA23,0.0035070284502136304,0.009021239535332137
2023Q2,EN11,LA23,0.004989991807350072,0.012835912799825674
2023Q3,EN11,LA23,0.008705663870149448,0.022393852859083803
2019Q2,EN2,LA23,0.01750671506334973,0.018603183982835367
2019Q3,EN2,LA23,0.009510958743009891,0.01010664277730668
2019Q4,EN2,LA23,0.006582683262995034,0.006994965497473311
2020Q1,EN2,LA23,0.006976980179757033,0.0074139577561492045
2020Q3,EN2,LA23,0.05126628779883434,0.0544771637961542
2020Q4,EN2,LA23,0.010889875277108016,0.01157192269349747
2021Q2,EN2,LA23,0.024602902870055343,0.02614381549863948
2021Q3,EN2,LA23,0.047114841365820274,0.05006570673474767
2021Q4,EN2,LA23,0.013453587706215058,0.01429620385219444
2022Q1,EN2,LA23,0.01753086957680107,0.01862885132568782
2022Q2,EN2,LA23,0.02365951602779389,0.02514134307990933
2022Q3,EN2,LA23,0.010014937563105857,0.01064218646324496
2022Q4,EN2,LA23,0.007762103928249989,0.008248254852415144
2023Q1,EN2,LA23,0.003899286920758682,0.004143504462501816
2023Q2,EN2,LA23,0.009339087472649095,0.009924006979996014
2023Q3,EN2,LA23,0.023954201091900232,0.025454484662709203
2019Q2,EN3,LA23,0.0019442103942757995,0.004305534083156288
2019Q3,EN3,LA23,0.005740691830860436,0.01271299876363085
2020Q3,EN3,LA23,0.004322618743739325,0.009572617441227277
2020Q4,EN3,LA23,0.002092599724776455,0.004634148374041868
2021Q2,EN3,LA23,0.002671628278446228,0.005916430981050831
2021Q3,EN3,LA23,0.010901440938358249,0.024141690453774227
2021Q4,EN3,LA23,0.0044625193556634855,0.00988243311481247
2022Q1,EN3,LA23,0.003881695111525607,0.008596173877220734
2022Q2,EN3,LA23,0.006061761286557563,0.0134240203118308
2022Q3,EN3,LA23,0.006205514470758748,0.0137423676655754
2023Q2,EN3,LA23,0.0032249294850457,0.007141739317164782
2023Q3,EN3,LA23,0.005175049333407444,0.011460360130057108
2019Q2,EN4,LA23,0.007813533214347659,0.006273170895512755
2019Q3,EN4,LA23,0.01426893111288585,0.011455949685228941
2019Q4,EN4,LA23,0.009525858981524988,0.007647928239164767
2020Q3,EN4,LA23,0.03466239419033443,0.027829039237244776
2020Q4,EN4,LA23,0.005719549900031514,0.004591996089864465
2021Q2,EN4,LA23,0.013876376783490352,0.01114078363595056
2021Q3,EN4,LA23,0.021510968623094068,0.017270289713863834
2021Q4,EN4,LA23,0.005297727353830894,0.0042533317689606035
2022Q2,EN4,LA23,0.01360494784364222,0.010922864280014556
2022Q3,EN4,LA23,0.004770449171080118,0.0038300013678307775
2022Q4,EN4,LA23,0.004415358159195182,0.003544913106233013
2023Q1,EN4,LA23,0.007445384074965052,0.005977598789651315
2023Q2,EN4,LA23,0.009677423316549676,0.007769613134997644
2023Q3,EN4,LA23,0.0092193081815107,0.0074018109572781855
2019Q1,EN5,LA23,0.003152853836716263,0.007290971417580145
2019Q2,EN5,LA23,0.009038316484173943,0.02090109804068476
2019Q3,EN5,LA23,0.01812756512721353,0.041919976648993856
2019Q4,EN5,LA23,0.008672599196112955,0.020055377169290126
2020Q1,EN5,LA23,0.0052907226069775475,0.012234790860458743
2020Q3,EN5,LA23,0.03506602536432399,0.08109014940118675
2021Q2,EN5,LA23,0.011646674589370831,0.02693292361101026
2021Q3,EN5,LA23,0.03613294309859715,0.08355739561948806
2021Q4,EN5,LA23,0.011621474270128536,0.02687464789737907
2022Q1,EN5,LA23,0.002830189699519597,0.0065448109155033215
2022Q2,EN5,LA23,0.015928321385894388,0.03683422764549735
2022Q3,EN5,LA23,0.019260860377307284,0.044540720807790236
2022Q4,EN5,LA23,0.0065715929275721036,0.015196802225631353
2023Q1,EN5,LA23,0.0026843655196857547,0.006207592642084103
2023Q3,EN5,LA23,0.013416043406046857,0.03102458727118755
2019Q1,EN6,LA23,0.005750704492013557,0.012345775004905246
2019Q2,EN6,LA23,0.014661076771413078,0.03147481415553178
2019Q3,EN6,LA23,0.014564519953463053,0.03126752324860792
2019Q4,EN6,LA23,0.0073179088751619764,0.015710293687428798
2020Q1,EN6,LA23,0.004636983734151885,0.00995480779141895
2020Q3,EN6,LA23,0.00946260183779735,0.02031458118091274
2020Q4,EN6,LA23,0.003119590140591219,0.006697224320384904
2021Q2,EN6,LA23,0.011707185809166515,0.025133317516369547
2021Q3,EN6,LA23,0.016722684394012626,0.03590073169178476
2021Q4,EN6,LA23,0.003325569037899332,0.007139425641189349
2022Q1,EN6,LA23,0.0026731790412094273,0.005738856349936422
2022Q2,EN6,LA23,0.009850614080421087,0.0211475768344425
2022Q3,EN6,LA23,0.008347264502585975,0.0179201434534633
2022Q4,EN6,LA23,0.003312905848659984,0.007112239948478024
2023Q2,EN6,LA23,0.008505689082856963,0.01826025382185181
2023Q3,EN6,LA23,0.0031726004061835944,0.0068110282574264675
2019Q2,EN7,LA23,0.00964789198239894,0.008504566769068472
2019Q3,EN7,LA23,0.01975806255534241,0.017416629719309906
2020Q3,EN7,LA23,0.017981702116126142,0.015850777200562056
2021Q2,EN7,LA23,0.00668491259900103,0.005892715802302653
2021Q3,EN7,LA23,0.04804719926326576,0.04235335708014197
2021Q4,EN7,LA23,0.018695789662130518,0.016480241670628032
2022Q2,EN7,LA23,0.00857134718096229,0.0075555981072701825
2022Q3,EN7,LA23,0.013783874581442227,0.012150413989729708
2022Q4,EN7,LA23,0.0031994501386391964,0.002820298711677397
2023Q2,EN7,LA23,0.02573577749506826,0.022685954450982097
2023Q3,EN7,LA23,0.010729850266265677,0.009458307387566091
2019Q2,EN8,LA23,0.0036617926699809415,0.009695242267925171
2019Q4,EN8,LA23,0.0014611069690985382,0.0038685385332965657
2020Q1,EN8,LA23,0.004543809191706269,0.012030536653252634
2020Q3,EN8,LA23,0.008192166395304696,0.02169020615305554
2020Q4,EN8,LA23,0.0030863341677883705,0.008171614335728956
2021Q2,EN8,LA23,0.006815932250427413,0.01804638339887281
2021Q3,EN8,LA23,0.025899073388836808,0.06857236704798299
2021Q4,EN8,LA23,0.006594438210125417,0.017459938841475026
2022Q1,EN8,LA23,0.0020784830340902162,0.005503150609939287
2022Q2,EN8,LA23,0.0075413928193662355,0.019967168272726783
2022Q3,EN8,LA23,0.00728699280957048,0.01929359935437913
2022Q4,EN8,LA23,0.005936509975259684,0.015717957739097413
2023Q1,EN8,LA23,0.0014939037071582954,0.003955373684749497
2023Q2,EN8,LA23,0.003947869795637913,0.01045268194038223
2023Q3,EN8,LA23,0.005653709792622839,0.014969194351548224
2019Q1,EN9,LA23,0.0031980915369357646,0.0055769713340304145
2019Q2,EN9,LA23,0.009116389332528951,0.015897556836690325
2019Q3,EN9,LA23,0.004730301363308846,0.008248905573783234
2019Q4,EN9,LA23,0.008382810968085198,0.014618310929399112
2020Q1,EN9,LA23,0.005945372156751939,0.010367798953033568
2020Q3,EN9,LA23,0.020333798844779986,0.03545896418522571
2020Q4,EN9,LA23,0.00941080746206691,0.01641097599611353
2021Q1,EN9,LA23,0.0005716297355217334,0.0009968328335400382
2021Q2,EN9,LA23,0.010439757570607043,0.0182053040174353
2021Q3,EN9,LA23,0.039495895627773926,0.06887466327464803
2021Q4,EN9,LA23,0.014140528364340191,0.024658869336657518
2022Q1,EN9,LA23,0.0048346185036999886,0.008430818347351576
2022Q2,EN9,LA23,0.017537842420981616,0.030583253578873894
2022Q3,EN9,LA23,0.031541174673416286,0.055002874359196895
2022Q4,EN9,LA23,0.011511247180753428,0.020073814274719347
2023Q1,EN9,LA23,0.003077728795061565,0.00536707754163419
2023Q2,EN9,LA23,0.012158792927426266,0.02120303275547864
2023Q3,EN9,LA23,0.00799435815078607,0.01394090998521716
2019Q1,EX1,LA23,0.00368907789442921,0.013092947740221324
2019Q2,EX1,LA23,0.008557855614966496,0.030372781367483805
2019Q3,EX1,LA23,0.00869002893250102,0.03084187917150265
2019Q4,EX1,LA23,0.006170790832477246,0.021900822969194086
2020Q1,EX1,LA23,0.0013625789678323988,0.004835944300524079
2020Q3,EX1,LA23,0.008108816733169953,0.028779092434656543
2020Q4,EX1,LA23,0.0028479194047558946,0.0101075827081717
2021Q2,EX1,LA23,0.006191835073693824,0.021975511321776
2021Q3,EX1,LA23,0.010116249923141349,0.03590369608912829
2021Q4,EX1,LA23,0.0037542478147117226,0.013324243035390294
2022Q1,EX1,LA23,0.002829136451801697,0.010040919919129565
2022Q2,EX1,LA23,0.008483253474274229,0.030108010073045317
2022Q3,EX1,LA23,0.005958576059240943,0.021147649136816733
2022Q4,EX1,LA23,0.0013611325582231276,0.004830810831953589
2023Q1,EX1,LA23,0.0008267962534122433,0.002934391858215889
2023Q2,EX1,LA23,0.005090445086149671,0.01806655576128361
2023Q3,EX1,LA23,0.0069550911641297775,0.024684392074761502
2019Q4,EX10,LA23,0.010940611897509963,0.008625528641159027
2021Q3,EX10,LA23,0.019875105626584327,0.015669442845987574
2021Q4,EX10,LA23,0.012294317510505524,0.009692783987201277
2022Q2,EX10,LA23,0.0196934315652508,0.015526211842633484
2022Q3,EX10,LA23,0.015953293633213805,0.012577504114319609
2023Q2,EX10,LA23,0.01082689365619064,0.008535873697111037
2023Q3,EX10,LA23,0.010883110819036404,0.008580195052515406
2019Q2,EX11,LA23,0.01004345820781562,0.005874784813493054
2019Q3,EX11,LA23,0.012803854854055613,0.007489441434847674
2020Q3,EX11,LA23,0.01361632517268966,0.007964684940676257
2021Q2,EX11,LA23,0.010912293423041343,0.006382998201971544
2021Q3,EX11,LA23,0.019203124725652016,0.011232607651225515
2021Q4,EX11,LA23,0.0071227429850856845,0.004166352012759206
2022Q2,EX11,LA23,0.030203797317691287,0.017667302050773118
2022Q3,EX11,LA23,0.01274551224179405,0.0074553147142100516
2022Q4,EX11,LA23,0.006340680044876101,0.003708894890991757
2023Q2,EX11,LA23,0.004449242221091199,0.002602523960489859
2023Q3,EX11,LA23,0.00821481285654952,0.004805143489101139
2019Q3,EX12,LA23,0.010460710233890036,0.007129014099299905
2019Q2,EX13,LA23,0.006883201170295679,0.005361437956444075
2019Q3,EX13,LA23,0.011646944836223885,0.009071995802043174
2019Q4,EX13,LA23,0.005271771122740853,0.004106268739772205
2020Q3,EX13,LA23,0.008217086526480174,0.006400423074161516
2020Q4,EX13,LA23,0.010493417117274357,0.008173494197458997
2021Q2,EX13,LA23,0.0049460506137045685,0.0038525597085912393
2021Q3,EX13,LA23,0.01812608177858142,0.014118701523454262
2021Q4,EX13,LA23,0.012545112874250409,0.00977159357511443
2022Q2,EX13,LA23,0.02003854106831484,0.015608347339761325
2022Q3,EX13,LA23,0.010258571609191773,0.007990569190651404
2023Q2,EX13,LA23,0.004579023286052968,0.0035666761208769204
2023Q3,EX13,LA23,0.009518019252083914,0.007413740849026508
2019Q1,EX14,LA23,0.001735083187936877,0.0022922021702850392
2019Q2,EX14,LA23,0.007187326109699725,0.009495109296050304
2019Q3,EX14,LA23,0.01048553300613943,0.013852339576782651
2019Q4,EX14,LA23,0.004156745519572083,0.005491437625313662
2020Q1,EX14,LA23,0.002194809358288887,0.0028995421138359443
2020Q3,EX14,LA23,0.005814113092997072,0.007680970424188905
2021Q2,EX14,LA23,0.0052345844718235685,0.006915360583443605
2021Q3,EX14,LA23,0.02315925312454244,0.03059547268011915
2021Q4,EX14,LA23,0.008773217209496175,0.011590215194178228
2022Q2,EX14,LA23,0.009735522596793722,0.01286150784030389
2022Q3,EX14,LA23,0.014635108986626259,0.01933430559107189
2022Q4,EX14,LA23,0.005471069803024883,0.007227779142501158
2023Q1,EX14,LA23,0.002141886119392412,0.002829625717953358
2023Q2,EX14,LA23,0.013777391303083798,0.01820118278210406
2023Q3,EX14,LA23,0.0076188666874646765,0.0100652135168716
2019Q2,EX15,LA23,0.006119399309625618,0.008238349427145325
2019Q3,EX15,LA23,0.009778267657537944,0.01316416557884009
2019Q4,EX15,LA23,0.011990087086266532,0.0161418665592211
2020Q3,EX15,LA23,0.00936108104811769,0.012602520735803969
2020Q4,EX15,LA23,0.0017023125590620153,0.002291768356039646
2021Q2,EX15,LA23,0.0025885118693147933,0.003484829833246012
2021Q3,EX15,LA23,0.01759804611763403,0.0236916804765527
2021Q4,EX15,LA23,0.0021961910426135907,0.002956660989479422
2022Q1,EX15,LA23,0.0018473719092221726,0.0024870570688409546
2022Q2,EX15,LA23,0.008733851077543653,0.011758101307145514
2022Q3,EX15,LA23,0.004565046213611078,0.006145774112115529
2022Q4,EX15,LA23,0.0024435062249488462,0.003289613422818936
2023Q2,EX15,LA23,0.0051396445058596975,0.0069193372140263784
2023Q3,EX15,LA23,0.005050815122237003,0.006799749087046236
2019Q2,EX16,LA23,0.004942414858243998,0.010258188553697476
2019Q3,EX16,LA23,0.0075585898966146,0.015688169160913732
2019Q4,EX16,LA23,0.0046191073053336845,0.009587150218447959
2020Q3,EX16,LA23,0.003335840024425357,0.006923675356480313
2020Q4,EX16,LA23,0.002723468138571417,0.005652671919851581
2021Q2,EX16,LA23,0.009047908699499492,0.01877931256646513
2021Q3,EX16,LA23,0.013454136740116557,0.02792462297597981
2021Q4,EX16,LA23,0.00400816367178761,0.008319111179162748
2022Q1,EX16,LA23,0.004466214637547521,0.009269815097942613
2022Q2,EX16,LA23,0.0040400729184707105,0.00838534015395949
2022Q3,EX16,LA23,0.003340194452193248,0.006932713153259345
2022Q4,EX16,LA23,0.0012557124619931167,0.002606283683949936
2023Q2,EX16,LA23,0.0065810731158564536,0.013659292237582542
2023Q3,EX16,LA23,0.005439133142582774,0.011289148107875138
2019Q1,EX17,LA23,0.002556373216127152,0.003195475731568545
2019Q2,EX17,LA23,0.010232549555891708,0.012790723815930516
2019Q3,EX17,LA23,0.0097303676330386,0.012162994602846118
2019Q4,EX17,LA23,0.005296625300343457,0.006620800710821415
2020Q3,EX17,LA23,0.005207780398995568,0.0065097442640006786
2020Q4,EX17,LA23,0.0038397655801290795,0.0047997208110337215
2021Q2,EX17,LA23,0.002699068770570669,0.0033738456887995078
2021Q3,EX17,LA23,0.02231030822499892,0.02788796567224406
2021Q4,EX17,LA23,0.004187741443741646,0.00523469189441494
2022Q2,EX17,LA23,0.004628668971720135,0.005785852893187386
2022Q3,EX17,LA23,0.008699801482442676,0.01087478320115011
2022Q4,EX17,LA23,0.002600911350266393,0.0032511485597273783
2023Q2,EX17,LA23,0.003927048754695464,0.004908825093750187
2019Q1,EX2,LA23,0.00312568367666725,0.014577821599829054
2019Q2,EX2,LA23,0.005793761173643375,0.027021421717070532
2019Q3,EX2,LA23,0.009739331632115782,0.04542309898292062
2019Q4,EX2,LA23,0.0035769492869602588,0.016682471411355638
2020Q1,EX2,LA23,0.00188401725766254,0.008786835238071177
2020Q3,EX2,LA23,0.0043823566266679975,0.020438796659843748
2020Q4,EX2,LA23,0.004553489989958544,0.02123694256899356
2021Q2,EX2,LA23,0.0062131224029551395,0.028977273242427142
2021Q3,EX2,LA23,0.015014824894882603,0.07002738002703279
2021Q4,EX2,LA23,0.004122718836253099,0.01922787649620201
2022Q1,EX2,LA23,0.002259723124076743,0.01053908327758977
2022Q2,EX2,LA23,0.007400824220309845,0.034516575039482564
2022Q3,EX2,LA23,0.00589894641414762,0.02751199332623636
2022Q4,EX2,LA23,0.001900279500446468,0.008862680428640808
2023Q1,EX2,LA23,0.0029173905460239155,0.013606366899644536
2023Q2,EX2,LA23,0.005885629668150104,0.027449885586770854
2023Q3,EX2,LA23,0.007560656177509371,0.03526201251781706
2019Q2,EX20,LA23,0.005638187613670168,0.005863505643112822
2019Q4,EX20,LA23,0.008030716934720655,0.008351647247567259
2020Q3,EX20,LA23,0.004448840590881957,0.004626628927121713
2021Q3,EX20,LA23,0.01406560847731054,0.014627710238049306
2021Q4,EX20,LA23,0.005621223758315031,0.0058458638638001536
2022Q2,EX20,LA23,0.010323062175579541,0.010735601130753027
2022Q3,EX20,LA23,0.012784489778010931,0.013295394388071624
2023Q3,EX20,LA23,0.005612741830637463,0.00583704297414382
2019Q3,EX22,LA23,0.0028848505624719605,0.0016862359718445474
2021Q3,EX22,LA23,0.00744640764129361,0.004352530626407251
2023Q3,EX22,LA23,0.0058691531381600895,0.0034306030525718244
2019Q1,EX23,LA23,0.002637305802762881,0.0027514668514082947
2019Q3,EX23,LA23,0.0069694037066048925,0.007271088264666277
2019Q4,EX23,LA23,0.002423784867844673,0.0025287032363987307
2020Q1,EX23,LA23,0.0021918987762392433,0.0022867794922176205
2020Q3,EX23,LA23,0.006421914129891536,0.006699899508231497
2020Q4,EX23,LA23,0.002810631300403401,0.0029322950893631537
2021Q2,EX23,LA23,0.003314668223370013,0.0034581502571543123
2021Q3,EX23,LA23,0.013393327608360314,0.013973084541750513
2021Q4,EX23,LA23,0.008946464800842692,0.00933373039676392
2022Q2,EX23,LA23,0.0026749370483521665,0.002790727040616407
2022Q3,EX23,LA23,0.0074369182236312574,0.007758840081237037
2022Q4,EX23,LA23,0.00376464921344594,0.0039276095730443146
2023Q2,EX23,LA23,0.005188676532725186,0.005413278758768599
2023Q3,EX23,LA23,0.00365043872959485,0.0038084552603095657
2019Q1,EX31,LA23,0.0012024000074752938,0.00427986674030384
2019Q2,EX31,LA23,0.010903989066674877,0.03881205909262056
2019Q3,EX31,LA23,0.007773572721234162,0.027669540199688432
2019Q4,EX31,LA23,0.005041308934271054,0.017944220144082642
2020Q1,EX31,LA23,0.001180441795357836,0.004201707873758777
2020Q3,EX31,LA23,0.0036723433954699946,0.013071473935074344
2020Q4,EX31,LA23,0.002088284879692284,0.007433117885320752
2021Q2,EX31,LA23,0.004279637260109804,0.015233098017495941
2021Q3,EX31,LA23,0.008153931205877452,0.02902340215718732
2021Q4,EX31,LA23,0.012854512064238946,0.045754822275898194
2022Q1,EX31,LA23,0.003047052328299133,0.010845789949082977
2022Q2,EX31,LA23,0.0030423600554044684,0.010829088100635329
2022Q3,EX31,LA23,0.0056118365048011525,0.01997497692914386
2022Q4,EX31,LA23,0.0037568652461829844,0.01337232411425474
2023Q1,EX31,LA23,0.001445484118862543,0.005145109252741181
2023Q2,EX31,LA23,0.005146570224921068,0.018318891047354163
2023Q3,EX31,LA23,0.005698227139524136,0.020282478926753618
2019Q3,EX32,LA23,0.003199515269360045,0.0024105611569032338
2020Q3,EX32,LA23,0.016623372359742542,0.012524289566884674
2020Q4,EX32,LA23,0.009861973205032546,0.00743015348797723
2021Q2,EX32,LA23,0.0069102428314579715,0.005206277061341666
2021Q3,EX32,LA23,0.034298918847057484,0.025841302364851743
2021Q4,EX32,LA23,0.02065798606563441,0.015564025984356952
2022Q1,EX32,LA23,0.009200669674103929,0.00693191782714279
2022Q2,EX32,LA23,0.024295683300198358,0.018304719782004642
2022Q3,EX32,LA23,0.01856294653817793,0.013985592852492687
2022Q4,EX32,LA23,0.010222134596931413,0.007701504298470866
2020Q3,EX36,LA23,0.009024339495611985,0.003655535738808356
2022Q3,EX36,LA23,0.017733998903984034,0.007183602391845255
2021Q3,EX38,LA23,0.026548819387752918,0.008631674342968769
2019Q1,EX39,LA23,0.0013864553692275869,0.0031472500479556346
2019Q2,EX39,LA23,0.005178448547859119,0.01175506460742776
2019Q3,EX39,LA23,0.015971007766306913,0.036254145697032
2019Q4,EX39,LA23,0.00452135616652334,0.010263466627016429
2020Q1,EX39,LA23,0.003068490830495699,0.0069654661287865535
2020Q3,EX39,LA23,0.003221313382393376,0.007312372920352892
2021Q2,EX39,LA23,0.0011120245423934102,0.0025242927915705635
2021Q3,EX39,LA23,0.009986816805910173,0.022670047928651
2021Q4,EX39,LA23,0.004193064786279623,0.009518246055804624
2022Q2,EX39,LA23,0.0021573206049565513,0.004897112109124561
2022Q3,EX39,LA23,0.005831878029347413,0.01323834781480238
2022Q4,EX39,LA23,0.0029038195938739845,0.006591662854005819
2023Q2,EX39,LA23,0.0020869292252787964,0.004737323862071288
2023Q3,EX39,LA23,0.009831541703679829,0.022317573854268774
2019Q1,EX4,LA23,0.0007024727265582125,0.0017179044117582732
2019Q2,EX4,LA23,0.005904289179791865,0.014439001041303131
2019Q3,EX4,LA23,0.010232686050197963,0.025024140931278846
2019Q4,EX4,LA23,0.007327299062029799,0.017918986615475585
2020Q1,EX4,LA23,0.001701072003167227,0.004159989403826768
2020Q3,EX4,LA23,0.008403921298461505,0.020551877573142988
2020Q4,EX4,LA23,0.00498255981433821,0.012184902222238487
2021Q2,EX4,LA23,0.007467172734982109,0.018261049147968358
2021Q3,EX4,LA23,0.02712863339144519,0.06634335715277694
2021Q4,EX4,LA23,0.00833979405334767,0.02039505372343324
2022Q1,EX4,LA23,0.002843063229431432,0.006952740910921678
2022Q2,EX4,LA23,0.0111962503865304,0.02738054760988213
2022Q3,EX4,LA23,0.01722394533907706,0.04212133876123067
2022Q4,EX4,LA23,0.004107721094689325,0.010045474968706196
2023Q1,EX4,LA23,0.0011704626587421324,0.0028623786934805677
2023Q2,EX4,LA23,0.008776001233803891,0.021461802952855862
2023Q3,EX4,LA23,0.004122385508509732,0.010081336946325393
2019Q2,EX5,LA23,0.032710044947243874,0.004524031858086149
2020Q3,EX5,LA23,0.053808392488849666,0.00744208337972555
2021Q2,EX5,LA23,0.07271321030264807,0.010056754139086427
2021Q3,EX5,LA23,0.12727072769615644,0.01760244682108679
2022Q2,EX5,LA23,0.07187155566447602,0.009940347316572505
2023Q2,EX5,LA23,0.024916113891028397,0.0034460757606575264
2023Q3,EX5,LA23,0.04918870178231158,0.006803147298635151
2020Q3,EX6,LA23,0.019221734462108998,0.003161999732299013
2019Q2,EX7,LA23,0.00546981083192553,0.0030617886416131144
2020Q3,EX7,LA23,0.002867236423998936,0.0016049681032074981
2021Q3,EX7,LA23,0.011196404527663562,0.006267314403199943
2022Q2,EX7,LA23,0.0063681633559778145,0.0035646516543984172
2022Q3,EX7,LA23,0.008009093688912424,0.004483181016644928
2019Q1,EX8,LA23,0.0035615166932678366,0.008428576973750377
2019Q2,EX8,LA23,0.004788619803610647,0.01133260183478872
2019Q3,EX8,LA23,0.011907773142965605,0.028180573380761974
2019Q4,EX8,LA23,0.006749754516819046,0.015973763539131117
2020Q1,EX8,LA23,0.002372022544180648,0.0056135563353919326
2020Q3,EX8,LA23,0.00422809046798362,0.010006070174749618
2020Q4,EX8,LA23,0.0014917101074467328,0.0035302357242638647
2021Q2,EX8,LA23,0.00673032372936285,0.015927779229119404
2021Q3,EX8,LA23,0.012260093647595836,0.029014364360408287
2021Q4,EX8,LA23,0.01104725811231913,0.02614410470813641
2022Q1,EX8,LA23,0.00384057457475349,0.009088986859987751
2022Q2,EX8,LA23,0.0034987943557716642,0.008280140199451566
2022Q3,EX8,LA23,0.0055583356199178,0.01315418785119604
2022Q4,EX8,LA23,0.004266799285132988,0.01009767728290188
2023Q3,EX8,LA23,0.005426658428194221,0.01284256461825504
2019Q1,FK1,LA23,0.006690108250652118,0.01087001124445078
2019Q2,FK1,LA23,0.009783495118133922,0.015896110789205678
2019Q3,FK1,LA23,0.016158457489544063,0.02625407661934366
2019Q4,FK1,LA23,0.006078995802243464,0.009877082739119284
2020Q1,FK1,LA23,0.00266961756389223,0.0043375640349411744
2020Q3,FK1,LA23,0.009703128913966878,0.01576553270134223
2020Q4,FK1,LA23,0.0037424129404476703,0.006080629672932272
2021Q2,FK1,LA23,0.007379806920854239,0.011990625742676432
2021Q3,FK1,LA23,0.02112349582284309,0.03432121402430701
2021Q4,FK1,LA23,0.006342121696617626,0.01030460667795458
2022Q1,FK1,LA23,0.003937543508151154,0.0063976755839406894
2022Q2,FK1,LA23,0.004269821717738821,0.006937557412332904
2022Q3,FK1,LA23,0.01390726928212067,0.022596371809308336
2022Q4,FK1,LA23,0.005335052169206554,0.008668331646704521
2023Q1,FK1,LA23,0.0068113695498521155,0.011067035214233665
2023Q2,FK1,LA23,0.012925564503533084,0.021001309131370657
2023Q3,FK1,LA23,0.01660033811378479,0.02697203919546991
2019Q1,FK10,LA23,0.007802477219414141,0.01790850277121191
2019Q2,FK10,LA23,0.006505671226044946,0.014932030931192847
2019Q3,FK10,LA23,0.010418896006239957,0.023913793370194173
2019Q4,FK10,LA23,0.006057347498359414,0.013903023541119459
2020Q1,FK10,LA23,0.0030524255824199327,0.007006027760730847
2020Q3,FK10,LA23,0.007282960994218116,0.01671609201537363
2020Q4,FK10,LA23,0.00491322736137666,0.011277001309004121
2021Q2,FK10,LA23,0.00516674825516623,0.011858890816825271
2021Q3,FK10,LA23,0.019268564462265263,0.04422584396800879
2021Q4,FK10,LA23,0.007352326427633203,0.016875301843433044
2022Q1,FK10,LA23,0.003031603351953369,0.006958235891363329
2022Q2,FK10,LA23,0.01172666438418156,0.026915426436446056
2022Q3,FK10,LA23,0.011892769711337674,0.027296676855772715
2022Q4,FK10,LA23,0.005152037239087735,0.011825125608058809
2023Q1,FK10,LA23,0.0024195683810988,0.0055534730624049325
2023Q2,FK10,LA23,0.011032002014667691,0.025321014479876468
2023Q3,FK10,LA23,0.0074030432068331545,0.016991708665946972
2021Q3,FK17,LA23,0.031374506683641175,0.003213840534623537
2022Q3,FK17,LA23,0.049902052823998816,0.005111705555845882
2019Q1,FK2,LA23,0.007153322563480352,0.022355821810237642
2019Q2,FK2,LA23,0.01050551639166418,0.03283221892936805
2019Q3,FK2,LA23,0.018298406360819888,0.05718683987525625
2019Q4,FK2,LA23,0.009033944550817808,0.028233209509203057
2020Q1,FK2,LA23,0.006032199883826608,0.018852048754942775
2020Q3,FK2,LA23,0.01151404096810136,0.03598409632927455
2020Q4,FK2,LA23,0.003805778872700779,0.011893957468327913
2021Q2,FK2,LA23,0.003912107387675781,0.012226259180299336
2021Q3,FK2,LA23,0.01463421376132342,0.045735372937229714
2021Q4,FK2,LA23,0.008929628781883454,0.02790719810378984
2022Q1,FK2,LA23,0.003384282089774416,0.010576680512190541
2022Q2,FK2,LA23,0.00666658504682259,0.02083465215876532
2022Q3,FK2,LA23,0.01229230277048584,0.038416348198447456
2022Q4,FK2,LA23,0.005241653390090576,0.016381404325052543
2023Q1,FK2,LA23,0.0036056147492099775,0.011268397326470482
2023Q2,FK2,LA23,0.0077890264221581375,0.02434254644939142
2023Q3,FK2,LA23,0.011311864098569909,0.03535224588085891
2019Q2,FK3,LA23,0.005021554834183034,0.004520633646497235
2019Q3,FK3,LA23,0.01046226862619988,0.009418613384112585
2019Q4,FK3,LA23,0.00723187743976731,0.006510467287743001
2020Q3,FK3,LA23,0.003087753457152468,0.002779737079733105
2021Q2,FK3,LA23,0.005221135215523715,0.004700305046464378
2021Q3,FK3,LA23,0.03122914942444601,0.028113910591719842
2021Q4,FK3,LA23,0.011421459167186508,0.010282120639568352
2022Q1,FK3,LA23,0.003350219729273736,0.0030160212387241
2022Q2,FK3,LA23,0.01796737441901387,0.0161750533489937
2022Q3,FK3,LA23,0.011342831725201586,0.010211336615194978
2022Q4,FK3,LA23,0.0028161313848409234,0.0025352104500796337
2023Q2,FK3,LA23,0.004459035320738309,0.00401422781737455
2023Q3,FK3,LA23,0.010140129024768298,0.009128608561067026
2019Q3,FK4,LA23,0.05462089136495095,0.009992332723645492
2023Q3,FK4,LA23,0.02353881309904161,0.004306184804524379
2019Q1,FK5,LA23,0.0035872978359642515,0.0035543124148832046
2019Q2,FK5,LA23,0.011721493307378705,0.01161371346580371
2019Q3,FK5,LA23,0.01754790599105603,0.017386551931629288
2019Q4,FK5,LA23,0.015244793498920968,0.015104616698485231
2020Q1,FK5,LA23,0.009761793488732679,0.009672033205796621
2020Q4,FK5,LA23,0.010172925448451605,0.01007938478222112
2021Q3,FK5,LA23,0.016500227335449962,0.016348506744776867
2021Q4,FK5,LA23,0.012687368816579926,0.012570707691141778
2022Q2,FK5,LA23,0.003634146738722425,0.00360073053914031
2022Q3,FK5,LA23,0.005654122559982549,0.005602132560263239
2022Q4,FK5,LA23,0.006005635277406414,0.005950413096939989
2023Q2,FK5,LA23,0.011637573933279173,0.011530565735436623
2023Q3,FK5,LA23,0.005645584675835032,0.005593673182478064
2019Q2,FK6,LA23,0.015609401483590963,0.007120265512017803
2019Q3,FK6,LA23,0.01666631198321611,0.007602377743398448
2020Q3,FK6,LA23,0.022178001965739373,0.010116548202576498
2020Q4,FK6,LA23,0.028419131378267883,0.012963454187971363
2021Q2,FK6,LA23,0.021495638483302926,0.009805286481506659
2021Q3,FK6,LA23,0.022751631104633102,0.010378210494923013
2022Q3,FK6,LA23,0.05633469277193631,0.025697203733006862
2022Q4,FK6,LA23,0.018252787266771608,0.008326052207089044
2023Q2,FK6,LA23,0.007219897009286939,0.003293373146279013
2023Q3,FK6,LA23,0.016579609817155082,0.007562828344693408
2019Q1,FK7,LA23,0.008299719243962516,0.013829564328899492
2019Q2,FK7,LA23,0.016975211298932882,0.028285267218650274
2019Q3,FK7,LA23,0.01392463902037805,0.02320219340300036
2019Q4,FK7,LA23,0.00857551739485927,0.014289118219519675
2020Q1,FK7,LA23,0.0043851298507670035,0.00730680563753701
2020Q3,FK7,LA23,0.009436757435607977,0.015724175743281388
2020Q4,FK7,LA23,0.005311761303315806,0.00885082283926672
2021Q2,FK7,LA23,0.005556968249621275,0.009259403556053168
2021Q3,FK7,LA23,0.01484072627049326,0.02472864112779164
2021Q4,FK7,LA23,0.0073566856987392374,0.012258216829709992
2022Q1,FK7,LA23,0.006018092691027789,0.010027760887019295
2022Q2,FK7,LA23,0.011433430172158345,0.0190511694935784
2022Q3,FK7,LA23,0.012998181134947495,0.02165846541076758
2022Q4,FK7,LA23,0.0025874518152884593,0.0043113905754691
2023Q1,FK7,LA23,0.0032539495493624287,0.00542195504367647
2023Q2,FK7,LA23,0.007858468237595447,0.013094321485331736
2023Q3,FK7,LA23,0.005058874012027844,0.008429444602241163
2019Q1,FK8,LA23,0.006635354653873633,0.015663947865545917
2019Q2,FK8,LA23,0.01262155358345706,0.029795446909239295
2019Q3,FK8,LA23,0.0187615958347253,0.044290120778701265
2019Q4,FK8,LA23,0.010252740088384964,0.024203436681368568
2020Q1,FK8,LA23,0.00397413777593772,0.009381666870879905
2020Q3,FK8,LA23,0.011698432397795028,0.027616253349879258
2020Q4,FK8,LA23,0.005065803616035658,0.01195874039564001
2021Q2,FK8,LA23,0.0063052178502820255,0.014884600573696491
2021Q3,FK8,LA23,0.01690276544723312,0.039902017384171734
2021Q4,FK8,LA23,0.013415088646473571,0.031668729123222675
2022Q1,FK8,LA23,0.008202486097362995,0.019363443447887485
2022Q2,FK8,LA23,0.012082872249235965,0.02852379275124247
2022Q3,FK8,LA23,0.010119539888104798,0.023888993655832514
2022Q4,FK8,LA23,0.0038120862101335452,0.008999115008817067
2023Q1,FK8,LA23,0.007076945936384423,0.016706403497226508
2023Q2,FK8,LA23,0.005955387386359273,0.014058762855215729
2023Q3,FK8,LA23,0.010540855582529714,0.02488358511577135
2019Q1,FK9,LA23,0.004860656795839455,0.0027432243807458184
2019Q2,FK9,LA23,0.03394696234728485,0.019158755426435983
2019Q3,FK9,LA23,0.07283080749377029,0.041103755146285975
2019Q4,FK9,LA23,0.03031027737684405,0.01710630792910509
2020Q3,FK9,LA23,0.011765707812917308,0.006640250049489891
2021Q2,FK9,LA23,0.006211458441956616,0.0035055806146506684
2021Q3,FK9,LA23,0.04504687765689498,0.02542325003704087
2021Q4,FK9,LA23,0.0436740409308146,0.024648457794768076
2022Q1,FK9,LA23,0.008076881693958891,0.004558375485846469
2022Q2,FK9,LA23,0.012315047480837487,0.0069502826301977814
2022Q3,FK9,LA23,0.014345990054423918,0.00809649216890165
2023Q1,FK9,LA23,0.004986974172837892,0.0028145145217388172
2023Q3,FK9,LA23,0.03367024273844446,0.019002582298094324
2019Q1,FY1,LA23,0.06559622530984603,0.08716383804619272
2019Q2,FY1,LA23,0.09211752748796607,0.12240517208497935
2019Q3,FY1,LA23,0.10149843640769536,0.1348704629144905
2019Q4,FY1,LA23,0.09337080016073153,0.1240705126706708
2020Q1,FY1,LA23,0.09756226894588617,0.12964010916252952
2020Q2,FY1,LA23,0.011011420312604287,0.014631903775754778
2020Q3,FY1,LA23,0.16199184556139087,0.21525371200280854
2020Q4,FY1,LA23,0.10220122240350307,0.13580432038007428
2021Q1,FY1,LA23,0.003026506864262546,0.0040216026595462405
2021Q2,FY1,LA23,0.15240531351699774,0.20251519050107367
2021Q3,FY1,LA23,0.14429030086487962,0.19173201440807588
2021Q4,FY1,LA23,0.1076562477382587,0.14305292260635433
2022Q1,FY1,LA23,0.07610150476359284,0.10112318513683913
2022Q2,FY1,LA23,0.0915031610681252,0.12158880597752306
2022Q3,FY1,LA23,0.10575525406099537,0.14052689455780218
2022Q4,FY1,LA23,0.07946863104050296,0.10559740065907924
2023Q1,FY1,LA23,0.06563159314023276,0.08721083458944369
2023Q2,FY1,LA23,0.15472272258802974,0.20559454861962528
2023Q3,FY1,LA23,0.10955550023002604,0.145576636978931
2019Q2,FY2,LA23,0.1047710197579468,0.03851265496092481
2019Q3,FY2,LA23,0.09376955226342124,0.034468638565366576
2019Q4,FY2,LA23,0.06320533081640832,0.02323357263341716
2020Q1,FY2,LA23,0.07685803160061976,0.028252152731251905
2020Q2,FY2,LA23,0.02501018372901754,0.009193463790753356
2020Q3,FY2,LA23,0.2811507118142553,0.10334785688959124
2020Q4,FY2,LA23,0.08910614325198403,0.032754421574694145
2021Q1,FY2,LA23,0.019169956795465137,0.0070466616950493706
2021Q2,FY2,LA23,0.16603341100647048,0.06103202474167579
2021Q3,FY2,LA23,0.18796868339060646,0.06909518551605638
2021Q4,FY2,LA23,0.08423089521294894,0.030962334926973582
2022Q1,FY2,LA23,0.04814017315459215,0.017695789186220626
2022Q2,FY2,LA23,0.06560754998451675,0.02411660152991564
2022Q3,FY2,LA23,0.05614166957305206,0.02063704976998858
2022Q4,FY2,LA23,0.04041090070474455,0.014854595088390113
2023Q2,FY2,LA23,0.04443643230996088,0.01633433547942735
2019Q1,FY3,LA23,0.130966608446175,0.31329833434721266
2019Q2,FY3,LA23,0.15757117291694125,0.3769417762414089
2019Q3,FY3,LA23,0.1922602015319567,0.4599248741023702
2019Q4,FY3,LA23,0.16296782769803864,0.3898516543700742
2020Q1,FY3,LA23,0.09740173934552572,0.2330044509934457
2020Q2,FY3,LA23,0.02068823450845645,0.04949039674298165
2020Q3,FY3,LA23,0.22444400527664946,0.5369149727679687
2020Q4,FY3,LA23,0.11698836160524265,0.2798595708004103
2021Q1,FY3,LA23,0.010437117168883944,0.024967672777003458
2021Q2,FY3,LA23,0.1833662421929645,0.4386487436465428
2021Q3,FY3,LA23,0.2345752835971742,0.561151017820116
2021Q4,FY3,LA23,0.17275231335663305,0.4132581019802806
2022Q1,FY3,LA23,0.13988994572375849,0.33464474271079386
2022Q2,FY3,LA23,0.19103799465875296,0.4570011106931665
2022Q3,FY3,LA23,0.17552481097485972,0.4198904710709792
2022Q4,FY3,LA23,0.15397038064121052,0.3683279605848755
2023Q1,FY3,LA23,0.09877688075501737,0.23629406441626466
2023Q2,FY3,LA23,0.13145941429877867,0.3144772245590695
2019Q1,FY4,LA23,0.07549238070691411,0.2910244311269801
2019Q2,FY4,LA23,0.09486848621837927,0.36571965243444704
2019Q3,FY4,LA23,0.1143635196939215,0.4408733430969207
2019Q4,FY4,LA23,0.10108695019212742,0.3896919384253951
2020Q1,FY4,LA23,0.07932639620487386,0.3058046270722853
2020Q2,FY4,LA23,0.007347388751184986,0.028324310500735687
2020Q3,FY4,LA23,0.12094116825054932,0.4662302918567906
2020Q4,FY4,LA23,0.05289471714378107,0.2039100479047623
2021Q1,FY4,LA23,0.002711298756496658,0.010452103521388372
2021Q2,FY4,LA23,0.08107972561565778,0.312563742225013
2021Q3,FY4,LA23,0.1171303906878508,0.4515396785531592
2021Q4,FY4,LA23,0.08668961451002212,0.33418996077687296
2022Q1,FY4,LA23,0.08780233462558187,0.33847951603532395
2022Q2,FY4,LA23,0.09471602360680656,0.3651319064343131
2022Q3,FY4,LA23,0.08057953796797265,0.3106355102066131
2022Q4,FY4,LA23,0.07065930279128249,0.2723928323110716
2023Q1,FY4,LA23,0.07868771871540589,0.3033425143225545
2023Q2,FY4,LA23,0.0960846235857796,0.3704078829844147
2023Q3,FY4,LA23,0.09105035654056984,0.3510006966001167
2019Q1,FY5,LA23,0.1087065471810432,0.012416052912658994
2019Q2,FY5,LA23,0.1967598379254281,0.022473168563616586
2019Q3,FY5,LA23,0.18672630287604924,0.02132717593203541
2019Q4,FY5,LA23,0.18720360795032254,0.021381691922206528
2020Q1,FY5,LA23,0.11232305101303698,0.012829116376647841
2020Q2,FY5,LA23,0.025057250338142798,0.0028619448792351733
2020Q3,FY5,LA23,0.17479177692740952,0.01996405927063479
2020Q4,FY5,LA23,0.1406891523103661,0.016068985765994987
2021Q2,FY5,LA23,0.3593556472653718,0.04104425029229283
2021Q3,FY5,LA23,0.11689479802417985,0.013351284123353156
2021Q4,FY5,LA23,0.1051976585514718,0.01201528085228963
2022Q1,FY5,LA23,0.16830954355796854,0.019223682958496545
2022Q2,FY5,LA23,0.1358357066811177,0.015514643462756324
2022Q3,FY5,LA23,0.09963395258623578,0.01137981528516238
2022Q4,FY5,LA23,0.12217553931010527,0.01395443052919859
2023Q1,FY5,LA23,0.1514886543887512,0.017302464270397187
2023Q2,FY5,LA23,0.10484126232227303,0.011974574615596872
2023Q3,FY5,LA23,0.14005169049366425,0.015996177275143113
2019Q1,FY6,LA23,0.20634140598766168,0.1535280905851228
2019Q2,FY6,LA23,0.25337071954898416,0.18852019833993086
2019Q3,FY6,LA23,0.24056033835209845,0.1789886486472675
2019Q4,FY6,LA23,0.2034486264182946,0.15137572120660292
2020Q1,FY6,LA23,0.15132359355709513,0.11259214924942985
2020Q2,FY6,LA23,0.05220899139349594,0.03884604120850972
2020Q3,FY6,LA23,0.35076601811082275,0.2609870604735598
2020Q4,FY6,LA23,0.16460575562701246,0.1224747269689908
2021Q1,FY6,LA23,0.007223154655856512,0.005374380081431649
2021Q2,FY6,LA23,0.22504579276083111,0.16744506848446905
2021Q3,FY6,LA23,0.2301681377989596,0.17125634353737368
2021Q4,FY6,LA23,0.21457079976612206,0.1596511617517294
2022Q1,FY6,LA23,0.15943433760415052,0.1186269392170989
2022Q2,FY6,LA23,0.2290154571159728,0.17039869277423073
2022Q3,FY6,LA23,0.24511994744054086,0.1823812206509932
2022Q4,FY6,LA23,0.186421758329192,0.13870689919362794
2023Q1,FY6,LA23,0.15489785598178052,0.1152515751784405
2023Q2,FY6,LA23,0.239216904661128,0.17798906832350664
2023Q3,FY6,LA23,0.16490991095813268,0.12270103340033775
2019Q1,FY7,LA23,0.0767598395790039,0.1109713469262655
2019Q2,FY7,LA23,0.08073410723852238,0.11671692739700552
2019Q3,FY7,LA23,0.08898761681306158,0.12864898821655382
2019Q4,FY7,LA23,0.07960953342592413,0.11509113621001915
2020Q1,FY7,LA23,0.0596982854110653,0.08630553656168169
2020Q2,FY7,LA23,0.005128098595676714,0.007413668546652275
2020Q3,FY7,LA23,0.10496870790853854,0.1517527780882241
2020Q4,FY7,LA23,0.034661639458089144,0.0501101726949005
2021Q1,FY7,LA23,0.0011736857704374142,0.001696792118482456
2021Q2,FY7,LA23,0.03425814121384639,0.0495268371395947
2021Q3,FY7,LA23,0.06596496122890744,0.09536524096010536
2021Q4,FY7,LA23,0.045903426622086616,0.06636237267720002
2022Q1,FY7,LA23,0.05113455030243611,0.07392498411477072
2022Q2,FY7,LA23,0.06798925410619673,0.09829175185952994
2022Q3,FY7,LA23,0.043518595960619584,0.06291463396193514
2022Q4,FY7,LA23,0.031929574251533185,0.04616043859534112
2023Q1,FY7,LA23,0.05283161350544671,0.07637842057959368
2023Q2,FY7,LA23,0.06451965932504385,0.09327577464716756
2023Q3,FY7,LA23,0.050975361542963546,0.07369484565758946
2019Q1,FY8,LA23,0.16555356655508832,0.3469806122904293
2019Q2,FY8,LA23,0.1621351884184829,0.3398160977253813
2019Q3,FY8,LA23,0.16931636635779732,0.35486699375981207
2019Q4,FY8,LA23,0.1917523124434121,0.4018900719821181
2020Q1,FY8,LA23,0.130002275246525,0.27246932822300923
2020Q2,FY8,LA23,0.016285307852982257,0.03413207101331545
2020Q3,FY8,LA23,0.22176294788112605,0.4647887994217222
2020Q4,FY8,LA23,0.09638583750233977,0.20201326741915346
2021Q1,FY8,LA23,0.003945463336564989,0.008269222540942495
2021Q2,FY8,LA23,0.1795095090073984,0.3762306100884605
2021Q3,FY8,LA23,0.20541137059499226,0.43051783554750656
2021Q4,FY8,LA23,0.1287891410007119,0.2699267429307579
2022Q1,FY8,LA23,0.1278950383622832,0.2680528099954065
2022Q2,FY8,LA23,0.15939206165330289,0.3340668298335555
2022Q3,FY8,LA23,0.16465204698374572,0.3450911343446179
2022Q4,FY8,LA23,0.11623210109068605,0.24360867871021874
2023Q1,FY8,LA23,0.11165971718740432,0.23402550512235354
2023Q2,FY8,LA23,0.12450025642155267,0.26093775025433336
2023Q3,FY8,LA23,0.10149244755959587,0.21271611557437928
2019Q1,G1,LA23,0.0073164119972744125,0.0066510231032504965
2019Q2,G1,LA23,0.00950292867010563,0.008638687673269297
2019Q3,G1,LA23,0.010441052570874762,0.009491494177338692
2020Q1,G1,LA23,0.0032341612697732273,0.0029400314434060047
2020Q3,G1,LA23,0.0045792694859502145,0.004162809196421826
2021Q2,G1,LA23,0.003697854558580691,0.003361554285180025
2021Q3,G1,LA23,0.012466509396392923,0.011332746439537184
2021Q4,G1,LA23,0.005905925413447384,0.005368812798615765
2022Q2,G1,LA23,0.007668198518096953,0.0069708165044797404
2022Q3,G1,LA23,0.013975063531695009,0.01270410557160028
2023Q2,G1,LA23,0.007379961043201885,0.006708792700262064
2019Q1,G11,LA23,0.020763475527241827,0.028144277588897388
2019Q2,G11,LA23,0.02438150012291297,0.033048403028322466
2019Q3,G11,LA23,0.025894362268080524,0.03509904296629757
2019Q4,G11,LA23,0.01888293272603309,0.025595257385339392
2020Q1,G11,LA23,0.00869343652405042,0.011783696347623732
2020Q3,G11,LA23,0.007867555253560705,0.010664238687385795
2021Q2,G11,LA23,0.010188802766826923,0.013810621106850643
2021Q3,G11,LA23,0.00868180814990027,0.0117679344300411
2021Q4,G11,LA23,0.011135235072084242,0.015093482132853466
2022Q1,G11,LA23,0.0052904835089912046,0.007171094081103075
2022Q2,G11,LA23,0.0094636296174174,0.012827670329163198
2022Q3,G11,LA23,0.010349839746456741,0.014028901974657807
2022Q4,G11,LA23,0.003225807003349833,0.004372486081695353
2023Q1,G11,LA23,0.005415195154693264,0.007340137032058077
2023Q2,G11,LA23,0.011119552769331287,0.015072225234829184
2023Q3,G11,LA23,0.011299365839331988,0.015315956538366104
2019Q1,G12,LA23,0.00950900516242042,0.02758928456429063
2019Q2,G12,LA23,0.022087600184678625,0.06408463098176143
2019Q3,G12,LA23,0.01781068848547487,0.05167566370177719
2019Q4,G12,LA23,0.012878656165500562,0.037365939305601316
2020Q1,G12,LA23,0.0135280950371922,0.03925021148046799
2020Q3,G12,LA23,0.011975432501617237,0.0347453397515534
2020Q4,G12,LA23,0.012975470179411077,0.037646834029493606
2021Q2,G12,LA23,0.013123544534792366,0.03807645473718165
2021Q3,G12,LA23,0.011320610920271885,0.03284545026385255
2021Q4,G12,LA23,0.009092218963539232,0.02638002735525624
2022Q1,G12,LA23,0.006605531703284696,0.019165190337742652
2022Q2,G12,LA23,0.0074831625763607905,0.021711535353454055
2022Q3,G12,LA23,0.006116652082976705,0.017746762360054364
2022Q4,G12,LA23,0.009115793238226323,0.02644842540127995
2023Q1,G12,LA23,0.004271229950124836,0.01239248233865928
2023Q2,G12,LA23,0.008319700448423128,0.024138653754056476
2023Q3,G12,LA23,0.008144214145731271,0.02362950043471296
2019Q1,G13,LA23,0.00526869166722328,0.008025925051650973
2019Q2,G13,LA23,0.008591757382256869,0.013088031178773529
2019Q3,G13,LA23,0.015716558741281722,0.023941412877150896
2019Q4,G13,LA23,0.007576559453602856,0.011541555696319924
2020Q1,G13,LA23,0.007853699137805521,0.011963729259462036
2020Q3,G13,LA23,0.016972824054088044,0.025855112118330102
2020Q4,G13,LA23,0.0064393801945154035,0.009809263112089434
2021Q2,G13,LA23,0.011254700006368957,0.017144555885073947
2021Q3,G13,LA23,0.02317042491116067,0.035296066936080436
2021Q4,G13,LA23,0.015028764399137381,0.022893679172151352
2022Q1,G13,LA23,0.010149511181799846,0.015460995101075996
2022Q2,G13,LA23,0.01624297700425342,0.024743318509760786
2022Q3,G13,LA23,0.02222969729668956,0.033863033878797244
2022Q4,G13,LA23,0.008744732412601994,0.013321061730924077
2023Q1,G13,LA23,0.004906544760138792,0.007474257936258902
2023Q2,G13,LA23,0.016583860239729274,0.02526259416149681
2023Q3,G13,LA23,0.030197831060049567,0.046001084162533235
2021Q2,G14,LA23,0.062409564514471584,0.0070757995518649685
2021Q3,G14,LA23,0.06695648876637404,0.007591315480140915
2021Q4,G14,LA23,0.03872474449825036,0.004390489372879182
2022Q2,G14,LA23,0.06728746403800623,0.007628840412367455
2022Q3,G14,LA23,0.10118915269935078,0.011472506928928124
2019Q3,G15,LA23,0.01218577025186769,0.007966130988160902
2023Q2,G15,LA23,0.0050344358773508815,0.003291131772677813
2023Q3,G15,LA23,0.012536485253670885,0.00819540181685137
2019Q1,G2,LA23,0.003014220159381545,0.002247447000635276
2019Q2,G2,LA23,0.005462328579911286,0.0040727927405026735
2019Q3,G2,LA23,0.003750320572129753,0.0027962943234322904
2020Q1,G2,LA23,0.007331719142019041,0.005466637910952
2021Q3,G2,LA23,0.004793719391938833,0.0035742678701713064
2023Q2,G2,LA23,0.01276873851263942,0.009520559731780056
2019Q1,G20,LA23,0.006256290846897192,0.009791621332776765
2019Q2,G20,LA23,0.011990739053484913,0.018766515046226024
2019Q3,G20,LA23,0.015858546526685186,0.02481995902644697
2019Q4,G20,LA23,0.01368520312961019,0.021418493830690742
2020Q1,G20,LA23,0.004824134004454383,0.0075501754292027655
2020Q3,G20,LA23,0.01561564208239099,0.0244397931427338
2020Q4,G20,LA23,0.013375035682103305,0.020933055690095414
2021Q2,G20,LA23,0.0026335590825178933,0.004121741447857908
2021Q3,G20,LA23,0.016895302239665462,0.026442568908967137
2021Q4,G20,LA23,0.013003056491259476,0.02035087697277733
2022Q1,G20,LA23,0.0027002677203194943,0.004226146076249277
2022Q2,G20,LA23,0.008850489985227437,0.013851761157788791
2022Q3,G20,LA23,0.004110619523259287,0.006433465259185655
2022Q4,G20,LA23,0.008414342998049522,0.013169154442662116
2023Q1,G20,LA23,0.00673318369179049,0.010537998741976286
2023Q2,G20,LA23,0.02105276564016216,0.0329493487756243
2023Q3,G20,LA23,0.008566470106277133,0.013407246161008916
2019Q1,G21,LA23,0.002693296746360584,0.003350708929045188
2019Q2,G21,LA23,0.011872810828048308,0.014770868939029163
2019Q3,G21,LA23,0.012247720896683745,0.015237291555201413
2019Q4,G21,LA23,0.00998518425398552,0.012422487823965664
2020Q1,G21,LA23,0.005851061213777504,0.0072792584329545214
2020Q3,G21,LA23,0.031276019615074806,0.03891024571682796
2020Q4,G21,LA23,0.008780659981386219,0.01092394881562804
2021Q2,G21,LA23,0.011389222751608145,0.014169240883042606
2021Q3,G21,LA23,0.03709378002753033,0.0461480748893474
2021Q4,G21,LA23,0.017693767652498086,0.02201267474213138
2022Q1,G21,LA23,0.014061132595898066,0.017493342538370326
2022Q2,G21,LA23,0.027084244925806744,0.033695292370578424
2022Q3,G21,LA23,0.02453240393933744,0.03052056742041453
2022Q4,G21,LA23,0.01239923082521151,0.01542578384482489
2023Q1,G21,LA23,0.0047216235647523745,0.005874134092124964
2023Q2,G21,LA23,0.011282172008091408,0.0140360599097068
2023Q3,G21,LA23,0.015156978860692647,0.018856676106893643
2020Q3,G22,LA23,0.02128888339165752,0.0038549456869409024
2020Q4,G22,LA23,0.02179318520390621,0.003946263585596235
2021Q3,G22,LA23,0.072820702542096,0.013186217802980928
2022Q2,G22,LA23,0.024430488030432424,0.00442382076740025
2022Q3,G22,LA23,0.04555087152916125,0.008248254852415144
2022Q4,G22,LA23,0.01973245547071897,0.0035731110321835908
2023Q2,G22,LA23,0.02152087021106884,0.0038969533663698406
2023Q3,G22,LA23,0.08666404682607233,0.015692941117613053
2019Q2,G23,LA23,0.0141452774925388,0.00303691662487722
2019Q3,G23,LA23,0.05403413157156293,0.01160084364319037
2019Q4,G23,LA23,0.03970699921518176,0.008524883736227734
2023Q3,G23,LA23,0.019728895349032226,0.004235689989647935
2019Q1,G3,LA23,0.009384323041856605,0.02010179529354723
2019Q2,G3,LA23,0.033128796268328466,0.07096391268046312
2019Q3,G3,LA23,0.021717296891882683,0.0465197813952754
2019Q4,G3,LA23,0.01897018909037064,0.04063530806363522
2020Q1,G3,LA23,0.008934319463769705,0.019137860040282863
2020Q3,G3,LA23,0.020305888279693686,0.04349645761675385
2020Q4,G3,LA23,0.0127240435661763,0.027255681409583028
2021Q2,G3,LA23,0.02308445447715359,0.04944831676117848
2021Q3,G3,LA23,0.03318148570617678,0.07107677668663967
2021Q4,G3,LA23,0.022330938134728445,0.047834238558817715
2022Q1,G3,LA23,0.016819879463487647,0.036029213010795466
2022Q2,G3,LA23,0.02725748495765461,0.05838720389226008
2022Q3,G3,LA23,0.021600036733596308,0.046268602947192566
2022Q4,G3,LA23,0.008474763604509794,0.01815346321511077
2023Q1,G3,LA23,0.009560719583941972,0.02047964750128497
2023Q2,G3,LA23,0.030221864963798018,0.06473708760683325
2023Q3,G3,LA23,0.020339270633333642,0.043567964664869535
2019Q1,G31,LA23,0.0029485448909546503,0.0051558100041275545
2019Q2,G31,LA23,0.004675851602235688,0.00817616938530559
2019Q3,G31,LA23,0.00999323055702381,0.017474110106824547
2019Q4,G31,LA23,0.002537206566546555,0.004436545985265127
2020Q1,G31,LA23,0.0030092036486855183,0.005261877587126268
2020Q3,G31,LA23,0.008627064670569902,0.015085239662190988
2020Q4,G31,LA23,0.006242807487013451,0.010916140159210956
2021Q2,G31,LA23,0.018383986570175915,0.03214614170027822
2021Q3,G31,LA23,0.02413689292454088,0.04220564332958548
2021Q4,G31,LA23,0.014498973004995837,0.025352827524538657
2022Q1,G31,LA23,0.013591779314051566,0.023766513433883082
2022Q2,G31,LA23,0.01874909688426151,0.032784571664749004
2022Q3,G31,LA23,0.011221291296360405,0.019621490621522387
2022Q4,G31,LA23,0.018152887867409845,0.031742043730694176
2023Q1,G31,LA23,0.004527657336586452,0.007917037676057203
2023Q2,G31,LA23,0.014460642624343815,0.02528580322362536
2023Q3,G31,LA23,0.0047861703245437705,0.008369072119757234
2019Q2,G32,LA23,0.01091016301724554,0.006855205008082372
2019Q3,G32,LA23,0.010883696841784724,0.006838575462008954
2020Q3,G32,LA23,0.023658919736721254,0.014865657351647644
2020Q4,G32,LA23,0.03359811932553907,0.021110774925958285
2021Q2,G32,LA23,0.04813000584910533,0.03024162486062652
2021Q3,G32,LA23,0.15721333983939434,0.0987821788639473
2021Q4,G32,LA23,0.049085664923897016,0.03084209607862535
2022Q1,G32,LA23,0.05142677074889845,0.032313087882380485
2022Q2,G32,LA23,0.08045602269760381,0.05055309703944726
2022Q3,G32,LA23,0.07607886248736889,0.04780278702602669
2022Q4,G32,LA23,0.03418244645158268,0.021477926382309654
2023Q1,G32,LA23,0.00510417454311076,0.003207116413819938
2023Q2,G32,LA23,0.05272579968271222,0.03312930938508837
2023Q3,G32,LA23,0.0386299146322809,0.02427241314638614
2019Q1,G33,LA23,0.00268944578247614,0.003109074394361006
2019Q2,G33,LA23,0.007540029900518444,0.008716485027943198
2019Q3,G33,LA23,0.019969671247938168,0.023085497370989517
2019Q4,G33,LA23,0.014574205576980071,0.016848188453095953
2020Q1,G33,LA23,0.006913153430721034,0.00799179833101335
2020Q3,G33,LA23,0.030767670038830432,0.035568285375064866
2020Q4,G33,LA23,0.029653139589684487,0.03427985706624617
2021Q2,G33,LA23,0.04310631016270879,0.04983209776360326
2021Q3,G33,LA23,0.06482952182606247,0.07494473680094238
2021Q4,G33,LA23,0.02921658389187087,0.03377518649410506
2022Q1,G33,LA23,0.028043262274251454,0.03241879395350804
2022Q2,G33,LA23,0.03666529984986669,0.042386110055669175
2022Q3,G33,LA23,0.04055908897290143,0.0468874389682464
2022Q4,G33,LA23,0.019983118164131567,0.023101042381449447
2023Q1,G33,LA23,0.006143552017884847,0.007102117616085508
2023Q2,G33,LA23,0.01979167160381531,0.02287972481392453
2023Q3,G33,LA23,0.013726424418833424,0.015868129770377798
2020Q3,G34,LA23,0.037926265843706064,0.0039499510066820795
2021Q3,G34,LA23,0.039221691738607414,0.00408486723699946
2022Q3,G34,LA23,0.07747146694299087,0.008068511150073768
2019Q1,G4,LA23,0.004894237834263431,0.006921578587627578
2019Q2,G4,LA23,0.014628163234129575,0.020687589129576918
2019Q3,G4,LA23,0.01396175015822288,0.019745127681459536
2019Q4,G4,LA23,0.013993600971133495,0.01979017206060623
2020Q1,G4,LA23,0.009797729275488052,0.013856243904991194
2020Q3,G4,LA23,0.008628553929656812,0.012202760908673857
2020Q4,G4,LA23,0.006592453648792982,0.009323246552500246
2021Q3,G4,LA23,0.016249691698152033,0.022980803533101214
2021Q4,G4,LA23,0.009147471668088186,0.012936630007131198
2022Q1,G4,LA23,0.002996481533714408,0.004237714456126437
2022Q2,G4,LA23,0.008189902284756205,0.011582406537761145
2022Q3,G4,LA23,0.00942605125003031,0.013330605644322731
2022Q4,G4,LA23,0.005706868125136996,0.0080708248260492
2023Q1,G4,LA23,0.0026197932680235344,0.003704990562783215
2023Q2,G4,LA23,0.012533473817478321,0.017725216252533153
2023Q3,G4,LA23,0.0097726780743224,0.013820815741617393
2019Q1,G40,LA23,0.005618866202240615,0.0035765092437725064
2019Q3,G40,LA23,0.020005553623471013,0.012733894149783969
2019Q4,G40,LA23,0.009596122928178692,0.006108104575140528
2020Q3,G40,LA23,0.008049588675489855,0.005123707749968435
2020Q4,G40,LA23,0.010631954426545895,0.00676742992576442
2021Q2,G40,LA23,0.028242907346312664,0.017977117724358314
2021Q3,G40,LA23,0.0632919284900994,0.04028644910796462
2021Q4,G40,LA23,0.03130723746271271,0.019927618874021738
2022Q1,G40,LA23,0.014300813025708344,0.00910272431109188
2022Q2,G40,LA23,0.02115122710658666,0.01346313589629045
2022Q3,G40,LA23,0.04701293742468662,0.029924578949618093
2022Q4,G40,LA23,0.008874141899159945,0.005648550684520343
2023Q2,G40,LA23,0.01461273245706226,0.009301266630733641
2023Q3,G40,LA23,0.0129548795435115,0.008246013478813943
2019Q1,G41,LA23,0.009082707054212049,0.01949850428295333
2019Q2,G41,LA23,0.01465987582698809,0.031471415943942864
2019Q3,G41,LA23,0.016640807230160704,0.035724024689161145
2019Q4,G41,LA23,0.009851072816355305,0.02114801064868789
2020Q1,G41,LA23,0.005410690646964082,0.011615521025159515
2020Q3,G41,LA23,0.026556073311294,0.0570098436631357
2020Q4,G41,LA23,0.008817446742883902,0.018929050783500125
2021Q2,G41,LA23,0.014345039185254285,0.030795533349619788
2021Q3,G41,LA23,0.0392802157211179,0.08432568064807996
2021Q4,G41,LA23,0.026812105419815654,0.057559486312049275
2022Q1,G41,LA23,0.01161877884738235,0.024942873062641795
2022Q2,G41,LA23,0.020082084887674143,0.043111664381089806
2022Q3,G41,LA23,0.02077726493923893,0.04460405768761769
2022Q4,G41,LA23,0.014994549736798628,0.03218988463668873
2023Q1,G41,LA23,0.007248483867919247,0.015560844679890731
2023Q2,G41,LA23,0.00929034161735806,0.019944248420095158
2023Q3,G41,LA23,0.008898951307817132,0.01910402252914217
2019Q1,G42,LA23,0.003561914325472515,0.005934145062737733
2019Q2,G42,LA23,0.018489110269420336,0.03080283588941724
2019Q3,G42,LA23,0.008671256791270199,0.01444630358110059
2019Q4,G42,LA23,0.006647483259756757,0.01107469926590228
2020Q1,G42,LA23,0.002711123960234277,0.004516729318288693
2020Q3,G42,LA23,0.007706674733639866,0.012839311011414587
2020Q4,G42,LA23,0.0030318846003830127,0.005051116166239256
2021Q2,G42,LA23,0.007614973037978347,0.012686536094661844
2021Q3,G42,LA23,0.023334544542450538,0.03887532367007378
2021Q4,G42,LA23,0.012251485416586142,0.02041096024576433
2022Q1,G42,LA23,0.004821912115411393,0.008033299893822662
2022Q2,G42,LA23,0.00815528828217423,0.013586700653853364
2022Q3,G42,LA23,0.020329784201314302,0.033869396487729686
2022Q4,G42,LA23,0.005189239683835003,0.008645267189324431
2023Q1,G42,LA23,0.0024183555556282193,0.00402897750171793
2023Q2,G42,LA23,0.010581933011428265,0.017629487909049654
2023Q3,G42,LA23,0.010985238197316805,0.01830139387278996
2019Q1,G43,LA23,0.007043372417171382,0.008952696884559961
2019Q2,G43,LA23,0.011060648154234055,0.014058979762338424
2019Q3,G43,LA23,0.030116826328758717,0.03828092585151045
2019Q4,G43,LA23,0.010147284474606515,0.012898020539291177
2020Q1,G43,LA23,0.021476930376922942,0.027298918229373914
2020Q3,G43,LA23,0.028092204453627437,0.035707467445461966
2020Q4,G43,LA23,0.028220417801941594,0.03587043699698145
2021Q2,G43,LA23,0.022997345011833845,0.02923148839022774
2021Q3,G43,LA23,0.0891047503580241,0.11325935555884505
2021Q4,G43,LA23,0.0655074647141275,0.08326529402758978
2022Q1,G43,LA23,0.02370314413600515,0.030128616249701506
2022Q2,G43,LA23,0.04369919327512381,0.055545214468313016
2022Q3,G43,LA23,0.04102793016501676,0.05214982267199229
2022Q4,G43,LA23,0.01623616710264231,0.02063748358423397
2023Q1,G43,LA23,0.01289721620082647,0.016393406519175098
2023Q2,G43,LA23,0.01722273867014932,0.021891495962918128
2023Q3,G43,LA23,0.014332306957089981,0.018217523118680547
2019Q1,G44,LA23,0.013630819818299474,0.008488226432491983
2019Q2,G44,LA23,0.011956792270021874,0.0074457708008113955
2019Q3,G44,LA23,0.040003081523159865,0.02491084311085691
2019Q4,G44,LA23,0.011636801985443358,0.0072465054574273125
2020Q1,G44,LA23,0.013568006050535692,0.008449110848032336
2020Q3,G44,LA23,0.05054882810069889,0.03147792315762376
2020Q4,G44,LA23,0.04721876955498176,0.02940421876226858
2021Q2,G44,LA23,0.026236184559168808,0.016337878295764732
2021Q3,G44,LA23,0.1229294461832076,0.07655100634688608
2022Q1,G44,LA23,0.015955509759457337,0.009935864569370104
2022Q2,G44,LA23,0.08415756095092965,0.05240685761238794
2022Q3,G44,LA23,0.05284147257068707,0.03290560583921378
2022Q4,G44,LA23,0.038272974400335315,0.023833465432422145
2023Q1,G44,LA23,0.006331883225504151,0.003943009978755785
2023Q2,G44,LA23,0.03018265399778412,0.018795435995918926
2023Q3,G44,LA23,0.02732665943317513,0.017016942194554026
2020Q3,G45,LA23,0.07759757073160893,0.005929083896541475
2020Q4,G45,LA23,0.038258467663158865,0.0029232572925841217
2021Q3,G45,LA23,0.2421720976039739,0.01850391282301449
2021Q4,G45,LA23,0.09161176543595416,0.0069998820589211065
2022Q2,G45,LA23,0.0677308584978339,0.005175187040421797
2022Q3,G45,LA23,0.1668711136750285,0.012750306788734688
2019Q1,G46,LA23,0.007297956880278239,0.011220966968974127
2019Q2,G46,LA23,0.019926039192856345,0.030637263452425387
2019Q3,G46,LA23,0.028764046254062533,0.04422613317750572
2019Q4,G46,LA23,0.016095993173429805,0.02474837967595704
2020Q1,G46,LA23,0.010727966048127558,0.016494774447848713
2020Q3,G46,LA23,0.02088453821080609,0.03211100274640135
2020Q4,G46,LA23,0.018422668069672642,0.02832575654822033
2021Q2,G46,LA23,0.010412808298125143,0.01601020393574417
2021Q3,G46,LA23,0.011523901601177524,0.017718564434103787
2021Q4,G46,LA23,0.005941019841473453,0.009134609658128305
2022Q1,G46,LA23,0.009960480277045878,0.015314727398004152
2022Q2,G46,LA23,0.016368311664964268,0.02516708272513601
2022Q3,G46,LA23,0.012105593837454735,0.018612944803356728
2022Q4,G46,LA23,0.0075805737226408935,0.01165550423810995
2023Q1,G46,LA23,0.006599502976848536,0.010147059804502508
2023Q2,G46,LA23,0.010121491935656484,0.015562290727375378
2023Q3,G46,LA23,0.021474224600694227,0.03301767451927377
2019Q1,G5,LA23,0.0069313029641925004,0.0084405068654987
2019Q2,G5,LA23,0.014575691945910862,0.017749365245526724
2019Q3,G5,LA23,0.011969988951311357,0.014576303249970175
2019Q4,G5,LA23,0.005523536979551514,0.006726217572452037
2020Q1,G5,LA23,0.006572088109402202,0.008003077501393584
2020Q3,G5,LA23,0.007500287419309098,0.009133380517766354
2020Q4,G5,LA23,0.0019411258260593753,0.0023637815207749675
2021Q2,G5,LA23,0.014264214073476169,0.017370066990304342
2021Q3,G5,LA23,0.03208910828608857,0.03907610736331674
2021Q4,G5,LA23,0.01914621113467906,0.023315057409176908
2022Q1,G5,LA23,0.010694627780915388,0.013023248251461434
2022Q2,G5,LA23,0.027633537850853263,0.0336503925961802
2022Q3,G5,LA23,0.037804958805254266,0.04603651232590704
2022Q4,G5,LA23,0.006182117338119114,0.00752819550743616
2023Q1,G5,LA23,0.0045094229762757615,0.0054912930205651975
2023Q2,G5,LA23,0.018322570065976408,0.022312078873827128
2023Q3,G5,LA23,0.009843437010952787,0.011986721414467893
2019Q1,G51,LA23,0.005885736230161668,0.005752521498666318
2019Q3,G51,LA23,0.009866571780015364,0.009643256860852186
2019Q4,G51,LA23,0.005588053886955483,0.005461576744755742
2020Q1,G51,LA23,0.004058880995202235,0.00396701436700089
2020Q3,G51,LA23,0.021953998834730752,0.02145710329853076
2020Q4,G51,LA23,0.008944008036942714,0.008741573951801791
2021Q2,G51,LA23,0.012841693747391898,0.012551041445350606
2021Q3,G51,LA23,0.02233601464494863,0.02183047275906611
2021Q4,G51,LA23,0.0181313255238867,0.01772095041245345
2022Q1,G51,LA23,0.010110620997271131,0.00988178239344438
2022Q2,G51,LA23,0.03127262500934646,0.03056481647344467
2022Q3,G51,LA23,0.025447993554405544,0.024872016735894197
2022Q4,G51,LA23,0.01277193369529363,0.012482860306449592
2023Q2,G51,LA23,0.006322198910309903,0.006179105506636597
2023Q3,G51,LA23,0.014389804680860053,0.014064113230908913
2019Q1,G52,LA23,0.0034093604987258013,0.00567768854133594
2019Q2,G52,LA23,0.0087726331535846,0.01460927313262008
2019Q3,G52,LA23,0.006477120676492255,0.01078650200221253
2019Q4,G52,LA23,0.0068907054067234115,0.01147525441914895
2020Q1,G52,LA23,0.0026108458694573326,0.004347903274456388
2020Q3,G52,LA23,0.009899071934378991,0.016485158232075827
2020Q4,G52,LA23,0.0078140422173287,0.013012909011946223
2021Q2,G52,LA23,0.0040465397450907435,0.006738798185568449
2021Q3,G52,LA23,0.036489800121226906,0.06076732574961154
2021Q4,G52,LA23,0.007024905532814583,0.011698741057900836
2022Q1,G52,LA23,0.005007735666000628,0.008339500448696243
2022Q2,G52,LA23,0.01470848143538949,0.024494381435279145
2022Q3,G52,LA23,0.01737364123488243,0.028932734979900083
2022Q4,G52,LA23,0.005653250863258325,0.009414492148781343
2023Q2,G52,LA23,0.003037585772191118,0.005058563310785178
2023Q3,G52,LA23,0.006068138085816474,0.010105413636944732
2020Q3,G53,LA23,0.020608697840995848,0.008690022358974194
2020Q4,G53,LA23,0.012029485029810341,0.005072445366637771
2021Q2,G53,LA23,0.019395735626774997,0.008178555363655256
2021Q3,G53,LA23,0.04942949623693648,0.020842822327053562
2021Q4,G53,LA23,0.02471329064337341,0.010420796593345808
2022Q2,G53,LA23,0.03071928830770955,0.012953331855578848
2022Q3,G53,LA23,0.02477193258248332,0.010445524005333237
2022Q4,G53,LA23,0.0071445429148912065,0.003012623027135184
2023Q2,G53,LA23,0.015878076618471224,0.006695272156280635
2023Q3,G53,LA23,0.009147113695197308,0.0038570424557936383
2019Q1,G61,LA23,0.004612826719515854,0.007366455096278615
2019Q2,G61,LA23,0.00600223453986549,0.00958527035671792
2019Q3,G61,LA23,0.005230653202717468,0.008353093295051905
2019Q4,G61,LA23,0.004112489590257386,0.006567441558638015
2023Q1,G61,LA23,0.006124025045494419,0.009779763743402677
2019Q2,G62,LA23,0.01277136672382152,0.003325547702812364
2021Q3,G63,LA23,0.0320472624994185,0.004125862683189146
2019Q1,G64,LA23,0.0069666251254032995,0.010995745073240665
2019Q2,G64,LA23,0.007689307121578748,0.01213638732912865
2019Q3,G64,LA23,0.022668742173897447,0.035779119098326116
2019Q4,G64,LA23,0.010724516534775564,0.016926998041009108
2020Q1,G64,LA23,0.0033353496540019342,0.0052643358678501635
2020Q3,G64,LA23,0.002729709525234464,0.004308426178125578
2021Q3,G64,LA23,0.0070620909773321545,0.011146423221140674
2022Q3,G64,LA23,0.0045969739476548295,0.007255615556580577
2023Q1,G64,LA23,0.005125151141867744,0.008089261931478424
2023Q3,G64,LA23,0.00872665079572892,0.013773674593617963
2019Q1,G66,LA23,0.006995903570897226,0.011986215297848265
2019Q2,G66,LA23,0.0108061999855208,0.0185144689696524
2019Q3,G66,LA23,0.008257815540932875,0.014148273194515252
2019Q4,G66,LA23,0.009394139776532978,0.016095159225467063
2020Q1,G66,LA23,0.00664091566025482,0.011378007725806574
2020Q3,G66,LA23,0.017388837197773108,0.029792627116644238
2021Q2,G66,LA23,0.012816785341517804,0.021959243287573742
2021Q3,G66,LA23,0.004657127418292282,0.007979145415522707
2021Q4,G66,LA23,0.0023909355745680948,0.00409643561687662
2022Q1,G66,LA23,0.004254959706877382,0.007290103789089359
2022Q2,G66,LA23,0.008168013558782727,0.013994413742149023
2022Q3,G66,LA23,0.003431507602697012,0.005879267560695454
2022Q4,G66,LA23,0.002457780659025723,0.004210962577660505
2023Q1,G66,LA23,0.01038445139077993,0.017791879041575292
2023Q2,G66,LA23,0.009790104061549348,0.016773572402888272
2023Q3,G66,LA23,0.011813391671600485,0.020240109735453524
2019Q1,G67,LA23,0.004623585379396646,0.010055814208221409
2019Q2,G67,LA23,0.00857640514044352,0.018652783411558696
2019Q3,G67,LA23,0.010838331723806676,0.023572236954321018
2019Q4,G67,LA23,0.009244943406043656,0.020106784157369256
2020Q1,G67,LA23,0.0036384970707808734,0.00791335025497136
2023Q1,G67,LA23,0.0012672972264019234,0.0027562388081076236
2023Q3,G67,LA23,0.0041443720975156955,0.009013575483663515
2019Q1,G68,LA23,0.009774851752746243,0.008936790362228865
2019Q2,G68,LA23,0.019021431459439037,0.0173906008645863
2019Q3,G68,LA23,0.012444602651356796,0.011377646213935413
2023Q1,G68,LA23,0.006849110343196314,0.006261891725132524
2019Q2,G69,LA23,0.00836777738542442,0.005043669021693334
2019Q3,G69,LA23,0.011011931703307824,0.006637430256894832
2019Q4,G69,LA23,0.004849515527078449,0.002923040385461425
2020Q3,G69,LA23,0.07291726652376598,0.043950805736429316
2020Q4,G69,LA23,0.01413038562527919,0.008517075079810652
2021Q2,G69,LA23,0.0075606043869651625,0.00455714634548452
2021Q3,G69,LA23,0.02418208254590513,0.014575724830976319
2022Q1,G69,LA23,0.009714984986211449,0.0058556969866957395
2022Q2,G69,LA23,0.011337247971969066,0.006833514295812697
2022Q3,G69,LA23,0.01592958131615308,0.009601538390920178
2022Q4,G69,LA23,0.01399699635877797,0.008436674839664388
2023Q1,G69,LA23,0.012600247600558384,0.007594785994104063
2023Q2,G69,LA23,0.03836296896362768,0.023123239210338747
2023Q3,G69,LA23,0.013773641310014241,0.008302047818843939
2019Q1,G71,LA23,0.007581444534089736,0.009608913233091869
2019Q2,G71,LA23,0.009721493069081287,0.012321264500040514
2019Q3,G71,LA23,0.0211748087490618,0.02683748447702369
2019Q4,G71,LA23,0.018180030054669,0.023041826736953232
2020Q1,G71,LA23,0.008415694941290153,0.0106662631538643
2020Q3,G71,LA23,0.02012948568686675,0.02551261577159193
2020Q4,G71,LA23,0.006632872613211143,0.008406669354358005
2021Q2,G71,LA23,0.012725741509617094,0.016128924434233527
2021Q3,G71,LA23,0.019366087235748317,0.024545065399615956
2021Q4,G71,LA23,0.01844558227331766,0.02337839428900436
2022Q1,G71,LA23,0.003284119371725988,0.004162375382176433
2022Q2,G71,LA23,0.01535964301063258,0.01946719735491077
2022Q3,G71,LA23,0.015428384240164615,0.019554321715860627
2022Q4,G71,LA23,0.009340079076839631,0.011837850825923688
2023Q1,G71,LA23,0.009407280046456842,0.011923023022769277
2023Q2,G71,LA23,0.012950106037210038,0.016413289672088962
2023Q3,G71,LA23,0.013446754289746064,0.01704275414215494
2019Q1,G72,LA23,0.005950818180048817,0.009818228606494232
2019Q2,G72,LA23,0.014794045835757543,0.024408630819439697
2019Q3,G72,LA23,0.019845146443199457,0.0327424193805716
2019Q4,G72,LA23,0.012040947750839309,0.019866306460672792
2020Q1,G72,LA23,0.008167135760030031,0.013474921183290304
2020Q3,G72,LA23,0.018462593732753045,0.03046135177591832
2020Q4,G72,LA23,0.01637007441601349,0.027008913406328355
2021Q2,G72,LA23,0.01521973657173258,0.02511097608273178
2021Q3,G72,LA23,0.05046762190429194,0.08326630626082904
2021Q4,G72,LA23,0.03008766696388852,0.049641508705127055
2022Q1,G72,LA23,0.017872744308599864,0.029488161818752225
2022Q2,G72,LA23,0.03344950192480317,0.05518818534435415
2022Q3,G72,LA23,0.035516823364953716,0.058599049848760576
2022Q4,G72,LA23,0.014646408190142981,0.024165044120651246
2023Q1,G72,LA23,0.004377199831466605,0.007221922650188347
2023Q2,G72,LA23,0.013599754130226592,0.02243817421448817
2023Q3,G72,LA23,0.013416795634993343,0.022136311802068532
2019Q1,G73,LA23,0.004169721593516564,0.0071492587640849346
2019Q2,G73,LA23,0.011648569328683935,0.019972229438923038
2019Q3,G73,LA23,0.01579290487447298,0.02707796217372016
2019Q4,G73,LA23,0.016258034619380825,0.02787545736150188
2020Q3,G73,LA23,0.010040013198175345,0.017214255373833837
2020Q4,G73,LA23,0.011434980737753904,0.019606017913436687
2021Q2,G73,LA23,0.011518813732575009,0.0197497550334104
2021Q3,G73,LA23,0.03304006762590806,0.0566493440252137
2021Q4,G73,LA23,0.018211031344305302,0.0312239972193201
2022Q1,G73,LA23,0.003662337995082186,0.006279316597322496
2022Q2,G73,LA23,0.013245528842705702,0.02271032035109836
2022Q3,G73,LA23,0.01859692457147228,0.031885636245919426
2022Q4,G73,LA23,0.0067341341091408475,0.011546110745896556
2023Q1,G73,LA23,0.004219186434022176,0.007234069449059365
2023Q2,G73,LA23,0.00956940141638282,0.016407360877401918
2023Q3,G73,LA23,0.01378546730633218,0.0236360799507681
2019Q1,G74,LA23,0.005621112901797269,0.015058487783725056
2019Q2,G74,LA23,0.0174115207573741,0.046643996874206416
2019Q3,G74,LA23,0.02512226229354078,0.06730042368048922
2019Q4,G74,LA23,0.02841491720849996,0.07612116873207532
2020Q1,G74,LA23,0.00785964215065077,0.02105531900492215
2020Q3,G74,LA23,0.01932987455043193,0.05178310502988631
2020Q4,G74,LA23,0.009874645046566582,0.026453341962727743
2021Q2,G74,LA23,0.0063971126240460465,0.017137325647650727
2021Q3,G74,LA23,0.014482062429167209,0.0387962248726637
2021Q4,G74,LA23,0.008975465624389334,0.024044516062806085
2022Q1,G74,LA23,0.005452563991619069,0.01460695945664465
2022Q2,G74,LA23,0.010025353952000542,0.02685707842044063
2022Q3,G74,LA23,0.007771278798861589,0.02081860103168576
2022Q4,G74,LA23,0.0034481409472308547,0.009237279029538095
2023Q1,G74,LA23,0.0041714303377617746,0.01117491035658818
2023Q2,G74,LA23,0.010486252228880144,0.028091786065204773
2023Q3,G74,LA23,0.011942223327114443,0.03199220994553776
2019Q1,G75,LA23,0.004951005078746444,0.006106803132404346
2019Q2,G75,LA23,0.011263650859515112,0.013893118115849642
2019Q3,G75,LA23,0.01330227242458158,0.016407650086898852
2019Q4,G75,LA23,0.010853148046812816,0.01338678458910119
2020Q1,G75,LA23,0.004196882747543382,0.005176633087906443
2020Q3,G75,LA23,0.02272115189775456,0.02802534018328533
2020Q4,G75,LA23,0.015130220405633756,0.018662327324957352
2021Q2,G75,LA23,0.008322075513659532,0.010264840372126844
2021Q3,G75,LA23,0.0342423122326661,0.04223608262913725
2021Q4,G75,LA23,0.02165318806159532,0.02670806322714796
2022Q1,G75,LA23,0.0056737667067086476,0.006998291406687996
2022Q2,G75,LA23,0.026168894855731283,0.032277948928503615
2022Q3,G75,LA23,0.042079439899761865,0.05190276545924069
2022Q4,G75,LA23,0.00839060011569423,0.010349361847604344
2023Q1,G75,LA23,0.0016394320527856378,0.002022152802527584
2023Q2,G75,LA23,0.006944490678400834,0.008565662275294723
2023Q3,G75,LA23,0.02115938887635983,0.026098988026615484
2019Q2,G76,LA23,0.01923847988281052,0.008733765295384706
2019Q3,G76,LA23,0.017076928088700625,0.0077524774723046015
2019Q4,G76,LA23,0.014413371339165272,0.006543292565644443
2020Q3,G76,LA23,0.03901957743159011,0.017713864779778692
2020Q4,G76,LA23,0.019145628077920588,0.008691613011207303
2021Q2,G76,LA23,0.032742445036861766,0.014864211304163
2021Q3,G76,LA23,0.0958119140591949,0.04349609610488269
2021Q4,G76,LA23,0.08435244053356898,0.03829379567412379
2022Q1,G76,LA23,0.0197748861930494,0.008977279691798927
2022Q2,G76,LA23,0.03739188369921441,0.01697493451512509
2022Q3,G76,LA23,0.04692344796550491,0.021302014705802588
2022Q4,G76,LA23,0.03431375877107104,0.015577546528338385
2023Q1,G76,LA23,0.00498803718241436,0.002264438058579855
2023Q2,G76,LA23,0.03497056982315688,0.015875721519672183
2023Q3,G76,LA23,0.023413147995631656,0.010628955128760458
2019Q1,G77,LA23,0.011156916888804087,0.01632399623991214
2019Q2,G77,LA23,0.021754638868036184,0.031829818813012126
2019Q3,G77,LA23,0.01194347621857233,0.01747483313056687
2019Q4,G77,LA23,0.013764516481265641,0.020139247923399533
2020Q1,G77,LA23,0.009714257274978995,0.014213200726575812
2023Q3,G77,LA23,0.00703688185958393,0.01029585809067248
2019Q1,G78,LA23,0.002368861941536575,0.002745321149598554
2019Q2,G78,LA23,0.008904038587254191,0.010319067152801032
2019Q3,G78,LA23,0.0221348531089668,0.025652520865731332
2019Q4,G78,LA23,0.010464168441665702,0.012127132625226921
2021Q3,G78,LA23,0.00540109256951925,0.006259433444408627
2022Q3,G78,LA23,0.0035199154791017537,0.004079299954183577
2023Q2,G78,LA23,0.010276568550746542,0.011909719385910544
2023Q3,G78,LA23,0.01371899847463659,0.015899219791297662
2019Q2,G81,LA23,0.005300357775539818,0.008982630067492111
2019Q3,G81,LA23,0.009234424045637112,0.0156497766001964
2019Q4,G81,LA23,0.008057344181931908,0.013654954095128609
2020Q3,G81,LA23,0.0040066365074355546,0.006790132871273347
2020Q4,G81,LA23,0.002670209297193961,0.004525260998448097
2021Q2,G81,LA23,0.005619265785006887,0.009523090314878186
2021Q3,G81,LA23,0.005326041069412618,0.009026156096779928
2021Q4,G81,LA23,0.0069310336200682846,0.011746171415397194
2022Q1,G81,LA23,0.002511459236561592,0.004256223863929893
2022Q2,G81,LA23,0.002635140081972298,0.004465828446829188
2022Q3,G81,LA23,0.01238681372048951,0.0209921990322174
2022Q4,G81,LA23,0.0032935624645950763,0.005581670988355511
2023Q1,G81,LA23,0.002747472495206652,0.004656200598182704
2023Q3,G81,LA23,0.004358864537691088,0.007387061272934806
2019Q1,G82,LA23,0.004343957249107479,0.007823044589555277
2019Q2,G82,LA23,0.011399138973390122,0.02052874081338867
2019Q3,G82,LA23,0.01675843535529854,0.030180312447277563
2019Q4,G82,LA23,0.009414229257072285,0.0169541114313462
2020Q1,G82,LA23,0.004085766424155215,0.007358068020867674
2020Q3,G82,LA23,0.007383992617823156,0.013297852668795523
2020Q4,G82,LA23,0.004325770272944615,0.007790291614028068
2021Q2,G82,LA23,0.004014102511460486,0.0072290082828631065
2021Q3,G82,LA23,0.012665803648750716,0.02280988072041617
2021Q4,G82,LA23,0.01034080149297235,0.01862277792625231
2022Q1,G82,LA23,0.006385114103624375,0.011498969597897129
2022Q2,G82,LA23,0.018044170259527474,0.03249579598206539
2022Q3,G82,LA23,0.008738621233079634,0.01573740707776589
2022Q4,G82,LA23,0.00902495570105655,0.016253067610790296
2023Q1,G82,LA23,0.003616959976795922,0.006513793196957685
2023Q2,G82,LA23,0.012433588482909649,0.022391683787856838
2023Q3,G82,LA23,0.01972560237581201,0.035523891717286274
2019Q2,G83,LA23,0.004385254698420464,0.0030205762883007315
2019Q3,G83,LA23,0.013732564118427734,0.009459030411308413
2019Q4,G83,LA23,0.008511343017005128,0.005862638014622036
2020Q3,G83,LA23,0.023776442228832077,0.016377283089721306
2020Q4,G83,LA23,0.008278523644596945,0.005702271348574904
2021Q2,G83,LA23,0.0278762885081462,0.019201269222484548
2021Q3,G83,LA23,0.019074813504966048,0.013138787445484572
2022Q1,G83,LA23,0.007527791385145499,0.0051851647680658496
2022Q2,G83,LA23,0.006939759769171364,0.004780126867616781
2022Q3,G83,LA23,0.019515259892082696,0.013442168207763094
2023Q2,G83,LA23,0.003107057449631273,0.0021401502772746164
2019Q1,G84,LA23,0.005934852912708739,0.006131169032520615
2019Q2,G84,LA23,0.013525185380568041,0.013972578425130885
2019Q3,G84,LA23,0.013245726098259927,0.013683875044821507
2019Q4,G84,LA23,0.01764498769789018,0.018228657684312314
2020Q1,G84,LA23,0.00996570137382912,0.010295351974052852
2020Q3,G84,LA23,0.009860440477112013,0.010186609203207549
2020Q4,G84,LA23,0.0035739013901988437,0.0036921207401698743
2021Q2,G84,LA23,0.005730839938020996,0.005920407611633605
2021Q3,G84,LA23,0.017281613644861443,0.017853263757298468
2021Q4,G84,LA23,0.008669256659209647,0.008956022793774644
2022Q1,G84,LA23,0.0064988805501044605,0.006713853866458322
2022Q2,G84,LA23,0.005265634365894261,0.0054398137301118355
2022Q3,G84,LA23,0.0034554128940937497,0.0035697128205946743
2022Q4,G84,LA23,0.004588857190858075,0.004740649771285972
2023Q1,G84,LA23,0.0036338805048840572,0.0037540838748869134
2023Q2,G84,LA23,0.007670817860960812,0.007924557122977358
2023Q3,G84,LA23,0.010396403207869729,0.010740300785078124
2019Q1,GL1,LA23,0.002683878138605684,0.0111825744082568
2019Q2,GL1,LA23,0.008916540626599034,0.03715141816125423
2019Q3,GL1,LA23,0.009512111551928042,0.039632907947279306
2019Q4,GL1,LA23,0.004788497133876162,0.019951623262266845
2020Q1,GL1,LA23,0.002495876174647336,0.010399250485824598
2020Q3,GL1,LA23,0.011529063395461621,0.04803668520666802
2020Q4,GL1,LA23,0.0032559531566797905,0.013566166779571405
2021Q2,GL1,LA23,0.007041744227845481,0.029339941951576118
2021Q3,GL1,LA23,0.006701990632466074,0.02792433376648288
2021Q4,GL1,LA23,0.004063369012413406,0.01693032395022379
2022Q1,GL1,LA23,0.003640650917339992,0.015169038113926166
2022Q2,GL1,LA23,0.0071587899401307905,0.029827621465772638
2022Q3,GL1,LA23,0.00498271145735981,0.020760831434674196
2022Q4,GL1,LA23,0.0011428138582614865,0.004761617459813325
2023Q1,GL1,LA23,0.00443277881569431,0.018469496892879942
2023Q2,GL1,LA23,0.005074196260201642,0.021142009551626616
2023Q3,GL1,LA23,0.013883426184832943,0.05784630983062861
2019Q3,GL10,LA23,0.03580060655753129,0.010349940266598202
2020Q3,GL10,LA23,0.013038455460574623,0.003769411978224151
2021Q3,GL10,LA23,0.035561765782512134,0.010280891499206404
2022Q1,GL10,LA23,0.022363749678521568,0.006465350606222078
2022Q2,GL10,LA23,0.05121921663156908,0.014807453940390682
2022Q3,GL10,LA23,0.01798533559657351,0.0051995529405380655
2023Q2,GL10,LA23,0.01532932614033953,0.004431701726191566
2023Q3,GL10,LA23,0.02167698866469685,0.006266808286580317
2019Q1,GL11,LA23,0.00568237652479521,0.007750814517697259
2019Q2,GL11,LA23,0.009941402541719142,0.013560165682510127
2019Q3,GL11,LA23,0.01585361847520383,0.021624483294878424
2019Q4,GL11,LA23,0.008739092240082902,0.01192020323017422
2020Q1,GL11,LA23,0.004275988334908396,0.005832487924567188
2020Q3,GL11,LA23,0.021422082433284632,0.029219920010350574
2020Q4,GL11,LA23,0.003304683601323065,0.0045076192191354295
2021Q2,GL11,LA23,0.012392245461499285,0.01690313825751246
2021Q3,GL11,LA23,0.020658142037059363,0.02817789819291538
2021Q4,GL11,LA23,0.010939740969592212,0.014921908598800337
2022Q1,GL11,LA23,0.003478229317201605,0.004744337192371817
2022Q2,GL11,LA23,0.012346553217428636,0.016840813610924262
2022Q3,GL11,LA23,0.013915885674453702,0.018981397702444273
2022Q4,GL11,LA23,0.008047347709779008,0.010976657246443351
2023Q1,GL11,LA23,0.0069674841410931115,0.009503713278583945
2023Q2,GL11,LA23,0.015012234495930747,0.020476827708689912
2023Q3,GL11,LA23,0.01123451425181596,0.015323982101905878
2019Q3,GL12,LA23,0.03173141101867149,0.0099717265469893
2021Q3,GL12,LA23,0.026567352053394683,0.008348899757346434
2021Q3,GL13,LA23,0.012650638628676651,0.0018047395632112058
2019Q2,GL14,LA23,0.004961289739980014,0.003255631306929778
2019Q3,GL14,LA23,0.008277557364434095,0.005431788166572056
2019Q4,GL14,LA23,0.007303876156470088,0.004792852085481657
2020Q3,GL14,LA23,0.013152023432141207,0.00863044520260682
2021Q3,GL14,LA23,0.020826112201348543,0.01366623326550884
2021Q4,GL14,LA23,0.008508719882744438,0.0055834785477113175
2022Q1,GL14,LA23,0.007048253161961036,0.0046251105772628365
2022Q3,GL14,LA23,0.006109830298067239,0.004009311255926758
2019Q2,GL15,LA23,0.010692275544928931,0.011933506867032954
2019Q3,GL15,LA23,0.007711330018119452,0.008606513116735943
2019Q4,GL15,LA23,0.00902387891127792,0.010071431521055574
2020Q3,GL15,LA23,0.008280699359315333,0.009241978683863195
2020Q4,GL15,LA23,0.0038856267021195844,0.004336696406450388
2021Q2,GL15,LA23,0.004174943288509482,0.0046595988097716205
2021Q3,GL15,LA23,0.007165800467293359,0.007997654823326164
2022Q2,GL15,LA23,0.011351886266519156,0.012669689641465727
2022Q3,GL15,LA23,0.014573367504315132,0.016265142107287085
2022Q4,GL15,LA23,0.003560874340370243,0.003974244604424116
2023Q1,GL15,LA23,0.004521851107613356,0.005046778023785321
2023Q2,GL15,LA23,0.009240250921699384,0.01031292145099129
2023Q3,GL15,LA23,0.005730360046060186,0.0063955788150879544
2019Q2,GL16,LA23,0.009013975751630763,0.00504930860688345
2019Q3,GL16,LA23,0.011262693970671244,0.00630896057075772
2019Q4,GL16,LA23,0.004940674778351028,0.002767590280862087
2020Q3,GL16,LA23,0.023091762384296773,0.012935183959646554
2021Q3,GL16,LA23,0.02431447548778493,0.013620104350748664
2022Q2,GL16,LA23,0.016045899099887306,0.008988341955056461
2022Q3,GL16,LA23,0.014288563630237656,0.008003945129884369
2023Q3,GL16,LA23,0.022077502955688114,0.012367031902929529
2020Q3,GL17,LA23,0.031746927460999,0.008467909465332721
2021Q2,GL17,LA23,0.021642872395947192,0.005772838465825581
2021Q3,GL17,LA23,0.06615032010342006,0.017644382198141496
2022Q2,GL17,LA23,0.014805998436168873,0.003949227982939758
2020Q3,GL18,LA23,0.0102817326369943,0.002507301733625985
2021Q3,GL18,LA23,0.08591493828038271,0.02095120358602771
2022Q2,GL18,LA23,0.025510129652430637,0.0062208962789428385
2022Q3,GL18,LA23,0.015967253862180373,0.003893772061903621
2021Q3,GL19,LA23,0.17972247373418018,0.014182038403281716
2019Q1,GL2,LA23,0.010282379937029127,0.03929800334983552
2019Q2,GL2,LA23,0.008651684297999982,0.03306568329576399
2019Q3,GL2,LA23,0.011187285671520424,0.042756442816486766
2019Q4,GL2,LA23,0.004581869196388573,0.017511345829554156
2020Q3,GL2,LA23,0.00759367501346503,0.029022100714451143
2020Q4,GL2,LA23,0.0025650756514109647,0.00980340661977662
2021Q2,GL2,LA23,0.006308063009224753,0.02410864826875009
2021Q3,GL2,LA23,0.02263248073359381,0.08649858390088179
2021Q4,GL2,LA23,0.007293691942534324,0.027875601966250343
2022Q1,GL2,LA23,0.006339334499181773,0.024228164093356003
2022Q2,GL2,LA23,0.008354765946593195,0.031930897532188814
2022Q3,GL2,LA23,0.011875636811009905,0.04538723700530143
2022Q4,GL2,LA23,0.00438512177016171,0.01675940113753875
2023Q1,GL2,LA23,0.002312955175514293,0.008839832878383417
2023Q2,GL2,LA23,0.007391933229495486,0.028251068195638426
2023Q3,GL2,LA23,0.011808780522136278,0.04513172041476465
2019Q1,GL20,LA23,0.0023025707553739603,0.003948215749700506
2019Q2,GL20,LA23,0.007650048562720457,0.013117530547460291
2019Q3,GL20,LA23,0.015685454206645934,0.02689583249302912
2019Q4,GL20,LA23,0.008610679378347199,0.014764723237219422
2020Q1,GL20,LA23,0.0052364541510588475,0.008978942646406267
2020Q3,GL20,LA23,0.014115057688939553,0.02420307516949741
2020Q4,GL20,LA23,0.005994138951603003,0.010278144008985577
2021Q2,GL20,LA23,0.01346869170822046,0.023094752074891242
2021Q3,GL20,LA23,0.02804441534662548,0.04808773068287599
2022Q1,GL20,LA23,0.005143224639455358,0.008819082096978759
2022Q2,GL20,LA23,0.007806611736209269,0.013385989262984637
2022Q3,GL20,LA23,0.017418991828103518,0.0298683277024654
2022Q4,GL20,LA23,0.01001983227218576,0.017180996281687004
2023Q2,GL20,LA23,0.01548453217010562,0.026551311679812444
2023Q3,GL20,LA23,0.011530605755334324,0.01977151804805431
2019Q2,GL3,LA23,0.013310551240851856,0.02154039563364632
2019Q3,GL3,LA23,0.00852364772935938,0.013793774653654528
2019Q4,GL3,LA23,0.006691085136437028,0.010828148169770308
2020Q3,GL3,LA23,0.014118733817426753,0.022848273281133497
2020Q4,GL3,LA23,0.013509905028052762,0.02186300882747062
2021Q2,GL3,LA23,0.011245081589955876,0.01819785687288937
2021Q3,GL3,LA23,0.029676952096939112,0.04802605675765588
2021Q4,GL3,LA23,0.01723136932767164,0.02788543508914593
2022Q1,GL3,LA23,0.010866255780525916,0.017584805041774117
2022Q2,GL3,LA23,0.009125551409585871,0.014767832239311409
2022Q3,GL3,LA23,0.01783984069205737,0.02887012112381495
2022Q4,GL3,LA23,0.009009969104007936,0.014580785997172574
2023Q1,GL3,LA23,0.0033575609834486896,0.00543352342355363
2023Q2,GL3,LA23,0.018770262614616503,0.03037581806720157
2023Q3,GL3,LA23,0.011918872370945759,0.019288248978685942
2019Q1,GL4,LA23,0.007302318305302372,0.016334841596046968
2019Q2,GL4,LA23,0.010199501877192823,0.022815664910354756
2019Q3,GL4,LA23,0.012706720370767234,0.028424160079550433
2019Q4,GL4,LA23,0.007177555337851075,0.01605575443151049
2020Q1,GL4,LA23,0.005251066439146477,0.011746316020145656
2020Q3,GL4,LA23,0.008067477302316514,0.01804645570124704
2020Q4,GL4,LA23,0.0030598279377492413,0.006844648861444464
2021Q2,GL4,LA23,0.009475036293655672,0.02119507949431309
2021Q3,GL4,LA23,0.025022926189009444,0.055974762873626814
2021Q4,GL4,LA23,0.006936109906021747,0.015515655695995575
2022Q1,GL4,LA23,0.0055791025419089715,0.012480112816228768
2022Q2,GL4,LA23,0.010190419391738469,0.02279534794319549
2022Q3,GL4,LA23,0.014368459666779191,0.032141369743578896
2022Q4,GL4,LA23,0.007792190723616331,0.01743065637991097
2023Q1,GL4,LA23,0.0038409216868238744,0.00859190803714103
2023Q2,GL4,LA23,0.007759351559126558,0.017357197167690998
2023Q3,GL4,LA23,0.015558944023558003,0.034804410791301144
2019Q1,GL5,LA23,0.006831216282386703,0.01292860444359142
2019Q2,GL5,LA23,0.01811317361453274,0.034280580089988494
2019Q3,GL5,LA23,0.009208940889655001,0.017428631913432458
2019Q4,GL5,LA23,0.008275409205289762,0.01566185109669319
2020Q1,GL5,LA23,0.006836488314324925,0.012938582171235469
2020Q3,GL5,LA23,0.034794417510888284,0.06585112258900377
2020Q4,GL5,LA23,0.009483736003652344,0.017948702891285036
2021Q2,GL5,LA23,0.026148132319683576,0.04948736004326389
2021Q3,GL5,LA23,0.02121832401988577,0.04015731706758582
2021Q4,GL5,LA23,0.01350847395092532,0.02556583031902687
2022Q1,GL5,LA23,0.012152644867682465,0.022999819057524296
2022Q2,GL5,LA23,0.025605418655086563,0.048460232514920536
2022Q3,GL5,LA23,0.020902536947412245,0.03955966564218203
2022Q4,GL5,LA23,0.011345489137314615,0.02147221449474531
2023Q1,GL5,LA23,0.011790784820444477,0.022314970968796415
2023Q2,GL5,LA23,0.016915467286306576,0.03201382835543321
2023Q3,GL5,LA23,0.015857087773143427,0.03001076337970293
2019Q1,GL50,LA23,0.006197657957938743,0.021635400953387496
2019Q2,GL50,LA23,0.012661854456692273,0.04420126116076982
2019Q3,GL50,LA23,0.017086385949547936,0.05964685585613435
2019Q4,GL50,LA23,0.01000763264117,0.034935639600532684
2020Q1,GL50,LA23,0.006452597960960675,0.02252537087781227
2020Q4,GL50,LA23,0.016646387133706038,0.058110864217944425
2021Q2,GL50,LA23,0.006987476958283074,0.02439257969236014
2021Q3,GL50,LA23,0.013422718535903723,0.046857361180565785
2021Q4,GL50,LA23,0.012067035872990359,0.04212480927519382
2022Q1,GL50,LA23,0.004860098010326719,0.016966113625468758
2022Q2,GL50,LA23,0.00687561320360589,0.024002074569131757
2022Q3,GL50,LA23,0.010029276341158458,0.035011195581605384
2022Q4,GL50,LA23,0.009528343778554795,0.03326249035842417
2023Q1,GL50,LA23,0.00550663364558,0.019223104539502687
2023Q2,GL50,LA23,0.009300556780972928,0.03246730884661788
2023Q3,GL50,LA23,0.00853540538511305,0.02979624223535585
2019Q1,GL51,LA23,0.0035220730598233257,0.009591199151404965
2019Q2,GL51,LA23,0.009724478393548869,0.026481395283929857
2019Q3,GL51,LA23,0.019224735075048283,0.05235219701746836
2019Q4,GL51,LA23,0.008936556128684506,0.02433575002621359
2020Q1,GL51,LA23,0.0037114600902613064,0.010106931986803607
2020Q3,GL51,LA23,0.020463649643153854,0.055725970403893633
2020Q4,GL51,LA23,0.011420598157805006,0.031100215554634488
2021Q2,GL51,LA23,0.016479937399505325,0.044877649871712534
2021Q3,GL51,LA23,0.050856457985148366,0.13849071509467353
2021Q4,GL51,LA23,0.012173977800126284,0.033151795423474587
2022Q1,GL51,LA23,0.010393983981593745,0.028304571952570287
2022Q2,GL51,LA23,0.028473953711855276,0.07753937980264093
2022Q3,GL51,LA23,0.02839525706833667,0.07732507556541654
2022Q4,GL51,LA23,0.01265717625336346,0.03446762633212732
2023Q1,GL51,LA23,0.009590874645173162,0.02611756973679317
2023Q2,GL51,LA23,0.030001369537880237,0.08169879078747384
2023Q3,GL51,LA23,0.018121442117972744,0.04934774415862142
2019Q1,GL52,LA23,0.00780371597463823,0.016538155872388063
2019Q2,GL52,LA23,0.015491571658592563,0.0328307728818834
2019Q3,GL52,LA23,0.022414428727115517,0.04750215375396899
2019Q4,GL52,LA23,0.004806598578793265,0.010186464598459084
2020Q1,GL52,LA23,0.007129024246556748,0.015108304119571075
2020Q3,GL52,LA23,0.017925627147062084,0.037989185771483316
2020Q4,GL52,LA23,0.008080743524801134,0.017125251151153938
2021Q2,GL52,LA23,0.00815801783528377,0.017289016028789985
2021Q3,GL52,LA23,0.011721915858081484,0.024841866645839344
2021Q4,GL52,LA23,0.0051081219147956995,0.010825472981923715
2022Q1,GL52,LA23,0.005797313237559351,0.012286053243789407
2022Q2,GL52,LA23,0.008831822529337634,0.01871698791987693
2022Q3,GL52,LA23,0.0036953496423516186,0.00783143166496622
2022Q4,GL52,LA23,0.005017780910752425,0.010634016294956715
2023Q1,GL52,LA23,0.011648462617256272,0.024686199634117303
2023Q2,GL52,LA23,0.010224704769547113,0.021668876952657026
2023Q3,GL52,LA23,0.006674385190710582,0.014144802680552106
2019Q1,GL53,LA23,0.00532370809931101,0.006222270024053251
2019Q2,GL53,LA23,0.022774179769243758,0.026618119073603043
2019Q3,GL53,LA23,0.02873808883672508,0.033588646368585856
2019Q4,GL53,LA23,0.009128725139719577,0.01066951676070475
2020Q1,GL53,LA23,0.007721879027232434,0.009025216165914908
2020Q3,GL53,LA23,0.02335697359677613,0.027299279741245075
2020Q4,GL53,LA23,0.008897117020594087,0.010398816671579205
2021Q2,GL53,LA23,0.017466864872808883,0.020415009178721338
2021Q3,GL53,LA23,0.04940936091324665,0.057748918532537774
2021Q4,GL53,LA23,0.019806886326377216,0.02314999108880468
2022Q1,GL53,LA23,0.020566108133542583,0.02403735812775709
2022Q2,GL53,LA23,0.021791082485819003,0.025469089742304118
2022Q3,GL53,LA23,0.016649617313576292,0.019459822512739075
2022Q4,GL53,LA23,0.012416397441814452,0.01451209874165194
2023Q1,GL53,LA23,0.006677724795736943,0.00780482439124875
2023Q2,GL53,LA23,0.00954826741106281,0.011159871462747871
2023Q3,GL53,LA23,0.008760465755864333,0.010239100726900164
2019Q1,GL54,LA23,0.006958221953308853,0.007297623236009513
2019Q2,GL54,LA23,0.028651891467233237,0.030049445149917187
2019Q3,GL54,LA23,0.02994602754407224,0.031406705319005
2019Q4,GL54,LA23,0.014309055506745454,0.015007008493271691
2020Q1,GL54,LA23,0.007854438073003449,0.00823755410102877
2020Q3,GL54,LA23,0.042185099573129235,0.04424276272357913
2020Q4,GL54,LA23,0.009302723322429918,0.009756482378899891
2021Q2,GL54,LA23,0.07041149520261207,0.07384595761973488
2021Q3,GL54,LA23,0.05323185946448484,0.0558283505658065
2021Q4,GL54,LA23,0.025960140821581275,0.027226398948018968
2022Q1,GL54,LA23,0.012384534799253579,0.012988615414204187
2022Q2,GL54,LA23,0.0383992069247332,0.040272205540240864
2022Q3,GL54,LA23,0.05170105339234495,0.054222876345979366
2022Q4,GL54,LA23,0.023616535668579904,0.02476847973599361
2023Q1,GL54,LA23,0.005144694165256078,0.00539563697945593
2023Q2,GL54,LA23,0.017787408146683215,0.01865502478515989
2023Q3,GL54,LA23,0.02083695584319787,0.0218533203093235
2020Q3,GL55,LA23,0.0392434278128916,0.0060957408691468115
2022Q1,GL55,LA23,0.07856645123427107,0.012203845444287341
2023Q2,GL55,LA23,0.043378210211709234,0.006738002859451894
2023Q3,GL55,LA23,0.06119366237115381,0.009505303930817052
2019Q1,GL56,LA23,0.007252072887734002,0.00591802163328394
2019Q2,GL56,LA23,0.02105441087412501,0.01718135779355816
2019Q3,GL56,LA23,0.014317463663160815,0.011683702164060528
2019Q4,GL56,LA23,0.014763923636542838,0.01204803382781684
2020Q1,GL56,LA23,0.009562961759682766,0.007803812158009498
2020Q3,GL56,LA23,0.02037519631648529,0.016627087792693732
2020Q4,GL56,LA23,0.0124987528329142,0.010199551328195122
2021Q2,GL56,LA23,0.053294686332389714,0.043490890333937965
2021Q3,GL56,LA23,0.02698039397785253,0.02201722979170801
2021Q4,GL56,LA23,0.006380948764238861,0.005207144689832453
2022Q1,GL56,LA23,0.009915238968289015,0.008091286397956926
2022Q2,GL56,LA23,0.02050437643976193,0.01673250465432435
2022Q3,GL56,LA23,0.02376692766021164,0.019394894980678517
2023Q1,GL56,LA23,0.0037414391260122844,0.0030531846590794768
2023Q2,GL56,LA23,0.004077236565805467,0.003327210657419706
2023Q3,GL56,LA23,0.022809949257254863,0.018613957036595977
2019Q1,GL6,LA23,0.009285404045680136,0.018583011620424573
2019Q2,GL6,LA23,0.018558849906567303,0.03714209115497828
2019Q3,GL6,LA23,0.01490163236947556,0.02982284950907332
2019Q4,GL6,LA23,0.011825091280049802,0.023665723924203325
2020Q1,GL6,LA23,0.01199857527816416,0.02401291992526659
2020Q3,GL6,LA23,0.012576108637984262,0.025168745679743348
2021Q2,GL6,LA23,0.0046587426090880435,0.009323608064371406
2021Q3,GL6,LA23,0.02381485146126688,0.047661002070157235
2021Q4,GL6,LA23,0.003892443341282204,0.007790002404531139
2022Q1,GL6,LA23,0.003693634003168228,0.007392122439131066
2022Q2,GL6,LA23,0.007541351565677925,0.015092614504362676
2022Q3,GL6,LA23,0.005428329474525788,0.010863793240266808
2022Q4,GL6,LA23,0.0013260579239457524,0.002653858646194757
2023Q1,GL6,LA23,0.0017176794440539654,0.0034376163828723533
2023Q2,GL6,LA23,0.008020040231861857,0.016050620962939997
2023Q3,GL6,LA23,0.024497551817861424,0.04902730003602408
2019Q1,GL7,LA23,0.007176393520274799,0.02537545816767335
2019Q2,GL7,LA23,0.016031156431447428,0.05668556751470406
2019Q3,GL7,LA23,0.020079518929788067,0.07100042537945042
2019Q4,GL7,LA23,0.012738214539304684,0.045041848563593966
2020Q1,GL7,LA23,0.004669973218035747,0.016512850041406776
2020Q3,GL7,LA23,0.018293737660253447,0.06468596982825105
2020Q4,GL7,LA23,0.010185725521556652,0.036016343188182136
2021Q2,GL7,LA23,0.01454464800709233,0.05142932951276792
2021Q3,GL7,LA23,0.024918983307545942,0.08811258980086832
2021Q4,GL7,LA23,0.019339290980324827,0.06838300712986872
2022Q1,GL7,LA23,0.005759632272396019,0.02036584356424341
2022Q2,GL7,LA23,0.018234418821508856,0.0644762206406033
2022Q3,GL7,LA23,0.01091139469363756,0.03858228214731047
2022Q4,GL7,LA23,0.010303688424251422,0.036433455585127984
2023Q1,GL7,LA23,0.009522851300797571,0.03367244482032103
2023Q2,GL7,LA23,0.012437040056068195,0.04397690689352715
2023Q3,GL7,LA23,0.019099255183005717,0.06753424955875634
2019Q1,GL8,LA23,0.010143589635956879,0.0061807684612439386
2019Q2,GL8,LA23,0.018092101016365228,0.011024015301565474
2019Q3,GL8,LA23,0.01970159566246828,0.01200472470565172
2019Q4,GL8,LA23,0.005715699469783085,0.0034827330643932767
2020Q3,GL8,LA23,0.027545805524598496,0.016784417759023108
2020Q4,GL8,LA23,0.00845340667082183,0.005150893442679762
2021Q2,GL8,LA23,0.02471412016374601,0.015058993900344684
2021Q3,GL8,LA23,0.03977803603055728,0.024237852611503127
2022Q1,GL8,LA23,0.017484328119185946,0.010653682540747887
2022Q2,GL8,LA23,0.01986427755275192,0.012103851260724136
2022Q3,GL8,LA23,0.012504197604813713,0.007619151894220331
2023Q1,GL8,LA23,0.006137770573896071,0.003739912609537392
2023Q2,GL8,LA23,0.007575802542056116,0.0046161450828580385
2023Q3,GL8,LA23,0.01962233125494861,0.011956426719664577
2019Q1,GU1,LA23,0.004648137230536018,0.01835576525821261
2019Q2,GU1,LA23,0.017348102294632368,0.06850866865628435
2019Q3,GU1,LA23,0.014610814050710168,0.05769895759194329
2019Q4,GU1,LA23,0.006845921152361891,0.027034942261051968
2020Q1,GU1,LA23,0.002947308065375587,0.01163909159915923
2020Q3,GU1,LA23,0.023873986268107918,0.0942797654157566
2020Q4,GU1,LA23,0.004868519811900713,0.01922606893684621
2021Q2,GU1,LA23,0.013517268248620736,0.053380481383799416
2021Q3,GU1,LA23,0.02045639931389512,0.08078351503206778
2021Q4,GU1,LA23,0.00594093730137946,0.023461108205126053
2022Q1,GU1,LA23,0.0030889080391460076,0.012198278161471456
2022Q2,GU1,LA23,0.009550638106739538,0.03771602740163388
2022Q3,GU1,LA23,0.008208514228120363,0.03241590185853875
2022Q4,GU1,LA23,0.0039222130826147075,0.01548904842227811
2023Q1,GU1,LA23,0.002778098476859136,0.01097087305650477
2023Q2,GU1,LA23,0.010911821407739756,0.04309141971630478
2023Q3,GU1,LA23,0.011543272338095076,0.04558505630120087
2019Q2,GU10,LA23,0.013191128002840277,0.005795975225579901
2019Q3,GU10,LA23,0.02960751090950987,0.013009076986111914
2019Q4,GU10,LA23,0.033810215513785415,0.01485567962400359
2020Q3,GU10,LA23,0.02627710611366285,0.011545749234025394
2021Q3,GU10,LA23,0.04256694713150363,0.01870325046877281
2022Q2,GU10,LA23,0.01666239086999739,0.0073211938100092265
2023Q2,GU10,LA23,0.01866517543298242,0.008201186006789948
2023Q3,GU10,LA23,0.012841451131889394,0.005642332680336369
2019Q1,GU11,LA23,0.0012296802835807985,0.004374149036302693
2019Q2,GU11,LA23,0.009749349532538759,0.03467983380049898
2019Q3,GU11,LA23,0.01135347475949166,0.0403859371749082
2019Q4,GU11,LA23,0.005557342656188794,0.019768264441213858
2020Q1,GU11,LA23,0.002306976800987421,0.008206247172986205
2020Q3,GU11,LA23,0.007324583759298525,0.02605459436883688
2020Q4,GU11,LA23,0.0033855741802101247,0.012042972661620582
2021Q2,GU11,LA23,0.0064599984747867574,0.022979140578493876
2021Q3,GU11,LA23,0.0203449706543348,0.07236997695215773
2021Q4,GU11,LA23,0.0060687033057032535,0.02158724757214881
2022Q1,GU11,LA23,0.0040171019399849175,0.014289407429016606
2022Q2,GU11,LA23,0.011905365384963344,0.04234909124006226
2022Q3,GU11,LA23,0.025537828090430842,0.09084171521863883
2022Q4,GU11,LA23,0.003955534589345784,0.01407040353746712
2023Q1,GU11,LA23,0.002334599788613233,0.008304506099567835
2023Q2,GU11,LA23,0.008863787851242713,0.03152976395994829
2023Q3,GU11,LA23,0.0064057281458971965,0.02278609323929376
2019Q2,GU12,LA23,0.0069801736550781,0.003817276149965901
2019Q3,GU12,LA23,0.005986877862393015,0.0032740684123590017
2020Q3,GU12,LA23,0.0168698988221515,0.009225710649660941
2021Q2,GU12,LA23,0.01214285266593394,0.006640611561361053
2021Q3,GU12,LA23,0.01317515048961092,0.0072051484993664655
2022Q3,GU12,LA23,0.013454510799732521,0.007357923416119209
2019Q1,GU14,LA23,0.0014552574979329693,0.007014053324270626
2019Q2,GU14,LA23,0.009634266670446102,0.0464352599197979
2019Q3,GU14,LA23,0.010995107193922932,0.052994242100650735
2019Q4,GU14,LA23,0.003307534323154816,0.015941661284971997
2020Q1,GU14,LA23,0.001630650453977009,0.007859412683794099
2020Q3,GU14,LA23,0.010404588573098984,0.0501480591389982
2020Q4,GU14,LA23,0.002058287042922223,0.00992053646603287
2021Q2,GU14,LA23,0.006150199307030746,0.02964274429486078
2021Q3,GU14,LA23,0.02025077589784154,0.0976047346995751
2021Q4,GU14,LA23,0.005352890410884602,0.025799873104416664
2022Q1,GU14,LA23,0.002996216326509079,0.0144411701125301
2022Q2,GU14,LA23,0.005577982038103283,0.026884770229771586
2022Q3,GU14,LA23,0.010396127948123886,0.05010728059993121
2022Q4,GU14,LA23,0.0029139502496235577,0.014044663892240437
2023Q1,GU14,LA23,0.001577951561179993,0.007605414443116205
2023Q2,GU14,LA23,0.007776934471790555,0.03748328605898026
2023Q3,GU14,LA23,0.008669095374528082,0.0417833251616949
2019Q1,GU15,LA23,0.002561872918167523,0.006920710959136791
2019Q3,GU15,LA23,0.0130629584008402,0.035288619791534526
2019Q4,GU15,LA23,0.004968404572666973,0.0134217789382296
2020Q1,GU15,LA23,0.00302982375448258,0.008184845670213459
2020Q3,GU15,LA23,0.017419044325988533,0.0470562650120787
2020Q4,GU15,LA23,0.0023344548069704828,0.006306357685285357
2021Q2,GU15,LA23,0.006195209793678943,0.01673590286591327
2021Q3,GU15,LA23,0.02322400067970466,0.06273792695931152
2021Q4,GU15,LA23,0.00822695789973869,0.022224520698631872
2022Q1,GU15,LA23,0.003526546447869171,0.009526705433589798
2022Q2,GU15,LA23,0.014990458708487276,0.04049561987661852
2022Q3,GU15,LA23,0.008307867038275662,0.022443090775935967
2022Q4,GU15,LA23,0.003018100895508319,0.008153177230299735
2023Q2,GU15,LA23,0.008736527561864198,0.02360108560163969
2023Q3,GU15,LA23,0.007034759200767179,0.019003883740830504
2019Q2,GU16,LA23,0.008549155555568034,0.00614837699758789
2019Q3,GU16,LA23,0.018743558834678417,0.01347998234948656
2020Q1,GU16,LA23,0.004225366121158659,0.003038796486607259
2021Q3,GU16,LA23,0.028416791065891244,0.020436772193365246
2022Q3,GU16,LA23,0.02344173889068704,0.016858816902108095
2023Q2,GU16,LA23,0.015527660015205598,0.01116717400254533
2023Q3,GU16,LA23,0.02302009703596437,0.01655558074457804
2019Q2,GU17,LA23,0.011857526135729402,0.013041685356890658
2019Q3,GU17,LA23,0.01232768046207221,0.013558791937399714
2019Q4,GU17,LA23,0.004763402214922568,0.005239102339243107
2021Q2,GU17,LA23,0.004694246405175276,0.00516304024155078
2021Q3,GU17,LA23,0.00744476754171183,0.008188243881802375
2022Q2,GU17,LA23,0.003153426039522441,0.003468344891921059
2022Q3,GU17,LA23,0.005461008158875292,0.006006375134595751
2020Q3,GU18,LA23,0.02991854447116012,0.010352326244947866
2021Q2,GU18,LA23,0.015500364076732647,0.0053633901205483465
2021Q3,GU18,LA23,0.01531794539462173,0.0053002701478435926
2022Q3,GU18,LA23,0.02695700955528613,0.00932758469495418
2019Q1,GU2,LA23,0.005811803715870155,0.009698206665268695
2019Q2,GU2,LA23,0.012989490059106157,0.02167567337583486
2019Q3,GU2,LA23,0.015057768425344856,0.025127027209811338
2019Q4,GU2,LA23,0.008699594327191891,0.014517087605473962
2020Q1,GU2,LA23,0.00433058104428251,0.00722647769976498
2020Q3,GU2,LA23,0.014430417373396181,0.024080161133302583
2020Q4,GU2,LA23,0.004859923388481489,0.008109795805760385
2021Q2,GU2,LA23,0.01279763216436006,0.02135551846273445
2021Q3,GU2,LA23,0.013398292958141713,0.022357846276716144
2021Q4,GU2,LA23,0.0062469069180021135,0.010424267107308956
2022Q1,GU2,LA23,0.0015071763479546074,0.002515038087668836
2022Q2,GU2,LA23,0.009803600460464378,0.01635935210091171
2022Q3,GU2,LA23,0.003786030452329268,0.006317781460414054
2022Q4,GU2,LA23,0.00836722262199828,0.013962456092738369
2023Q2,GU2,LA23,0.012520157467441813,0.02089249405815112
2023Q3,GU2,LA23,0.007749793760179877,0.0129321472599288
2020Q3,GU20,LA23,0.021572283233485284,0.0038383161408674852
2019Q2,GU21,LA23,0.011349293471852628,0.05460839260538573
2019Q3,GU21,LA23,0.0175384374646602,0.08438814989941662
2019Q4,GU21,LA23,0.007087481838776557,0.03410221013275753
2020Q1,GU21,LA23,0.0038750709017359906,0.01864533626701277
2020Q3,GU21,LA23,0.017121493179293096,0.08238197592159438
2020Q4,GU21,LA23,0.005356938406178353,0.0257755072043004
2021Q2,GU21,LA23,0.011558344140322271,0.055614263235704814
2021Q3,GU21,LA23,0.025603507668778152,0.1231941355926017
2021Q4,GU21,LA23,0.010159573976063712,0.048883924427921534
2022Q1,GU21,LA23,0.0038198479857910563,0.018379625041709254
2022Q2,GU21,LA23,0.00955063426293377,0.045953943014533816
2022Q3,GU21,LA23,0.012569261601599952,0.06047840546217946
2022Q4,GU21,LA23,0.006547799926895653,0.03150547036220625
2023Q1,GU21,LA23,0.0061451910597085406,0.029568272849401563
2023Q2,GU21,LA23,0.00944206676151822,0.0454315583607058
2023Q3,GU21,LA23,0.015288302742934384,0.07356137547475672
2019Q2,GU22,LA23,0.008344378025331965,0.012678221321625134
2019Q3,GU22,LA23,0.015672773895882994,0.02381278695339172
2019Q4,GU22,LA23,0.0063927405484291155,0.009712956349612077
2020Q1,GU22,LA23,0.005954845101670606,0.009047629901926904
2020Q3,GU22,LA23,0.01791602442405037,0.02722112087470001
2020Q4,GU22,LA23,0.01024062425033013,0.015559326330031856
2021Q2,GU22,LA23,0.017514437847741406,0.02661096113855405
2021Q3,GU22,LA23,0.024062074036161712,0.0365592617162921
2021Q4,GU22,LA23,0.00695236350581665,0.010563232270583341
2022Q1,GU22,LA23,0.007187633565453041,0.010920695208787587
2022Q2,GU22,LA23,0.010753469200310185,0.01633852901713282
2022Q3,GU22,LA23,0.011002111203061023,0.016716308922496332
2022Q4,GU22,LA23,0.008389347727264894,0.012746547065274613
2023Q1,GU22,LA23,0.002421844487272425,0.003679684731801928
2023Q2,GU22,LA23,0.0165634119290858,0.025165998189522518
2023Q3,GU22,LA23,0.01618366777942998,0.02458902524314916
2019Q2,GU23,LA23,0.021796410855058183,0.005110765624980864
2019Q3,GU23,LA23,0.013174176744638338,0.003089046636698673
2020Q3,GU23,LA23,0.028451954129477094,0.006671340070409759
2021Q3,GU23,LA23,0.040025149560142914,0.009384992780094586
2022Q3,GU23,LA23,0.035921864054551146,0.00842286508618603
2019Q1,GU24,LA23,0.01897489296438016,0.012128578672711566
2020Q3,GU24,LA23,0.02035105570733178,0.013008209357621129
2021Q3,GU24,LA23,0.034344456723919184,0.02195266377151861
2021Q4,GU24,LA23,0.006884885871485578,0.004400756310020164
2022Q2,GU24,LA23,0.0077099500706545015,0.004928129827670198
2022Q3,GU24,LA23,0.009128644228315134,0.005834946205291084
2022Q4,GU24,LA23,0.011160650435316858,0.007133786055999234
2020Q3,GU25,LA23,0.03061990730423461,0.004032881829926472
2019Q2,GU26,LA23,0.013734753250091313,0.006979637394136075
2019Q3,GU26,LA23,0.01880201698102551,0.00955468645241768
2020Q3,GU26,LA23,0.01111852847164352,0.005650141336753452
2021Q3,GU26,LA23,0.014330759645398997,0.007282512039794973
2021Q4,GU26,LA23,0.013563449430575804,0.006892585335560445
2022Q2,GU26,LA23,0.03646921729722071,0.01853268916795893
2022Q3,GU26,LA23,0.012856323198854816,0.006533242535626161
2023Q3,GU26,LA23,0.006043866236876425,0.0030713325550117713
2020Q3,GU27,LA23,0.017293497678882358,0.009879468717468948
2021Q2,GU27,LA23,0.008412040432407512,0.004805649605720766
2021Q3,GU27,LA23,0.0464254368166605,0.02652202921824838
2021Q3,GU28,LA23,0.0487034813247259,0.00945418615223485
2019Q2,GU29,LA23,0.006327218657301243,0.0040435825813128455
2019Q3,GU29,LA23,0.008760198616984809,0.005598445139177393
2020Q3,GU29,LA23,0.01229885228724673,0.007859918800413725
2021Q2,GU29,LA23,0.00789324091268092,0.005044392045435657
2019Q2,GU3,LA23,0.01930151620312268,0.008835060921684089
2019Q3,GU3,LA23,0.02723387767325769,0.01246601385325348
2019Q4,GU3,LA23,0.008408281044589239,0.0038487999851311615
2020Q3,GU3,LA23,0.016456581767180067,0.007532822859387023
2021Q3,GU3,LA23,0.053054844429325516,0.02428528296899948
2022Q2,GU3,LA23,0.020616020915571426,0.009436761280044878
2022Q4,GU3,LA23,0.009253816219515714,0.004235834594396399
2023Q2,GU3,LA23,0.01927829676155455,0.008824432472671949
2023Q3,GU3,LA23,0.013208703144568791,0.006046141440423488
2019Q2,GU30,LA23,0.009121568266032814,0.007673884791514144
2019Q3,GU30,LA23,0.010969756680529649,0.009228747349378695
2020Q3,GU30,LA23,0.01333849739572898,0.011221545387967984
2021Q2,GU30,LA23,0.015166145608827775,0.012759127678391024
2021Q3,GU30,LA23,0.02562970234695397,0.021562014043541758
2019Q2,GU31,LA23,0.007673367542068466,0.009639135625520948
2019Q3,GU31,LA23,0.006944289130047634,0.00872328145112103
2019Q4,GU31,LA23,0.01213883611709114,0.015248570725581645
2020Q3,GU31,LA23,0.009398244928303587,0.011805893176513031
2021Q2,GU31,LA23,0.010775245949001968,0.013535655177645394
2021Q3,GU31,LA23,0.015885011022340044,0.019954443054861902
2021Q4,GU31,LA23,0.00788972546034322,0.009910920250259978
2022Q1,GU31,LA23,0.005524292800769514,0.006939509576437176
2022Q2,GU31,LA23,0.008040755834791998,0.010100641680245402
2022Q3,GU31,LA23,0.01240325438699117,0.015580727832804604
2023Q2,GU31,LA23,0.003619894172954461,0.004547240920214701
2023Q3,GU31,LA23,0.006918906357512606,0.008691396104084606
2019Q2,GU32,LA23,0.005618249150958153,0.003703616817672802
2019Q3,GU32,LA23,0.00807277823399135,0.005321671650616339
2020Q3,GU32,LA23,0.02562530995007047,0.016892509808500322
2021Q3,GU32,LA23,0.022665485032302302,0.014941357937468813
2022Q2,GU32,LA23,0.01923030692422778,0.012676847576514723
2022Q3,GU32,LA23,0.01235227310694319,0.00814276568841029
2023Q2,GU32,LA23,0.013848198848195692,0.009128897770563952
2023Q3,GU32,LA23,0.01857617530747949,0.012245636216593579
2022Q3,GU33,LA23,0.04404667941977089,0.008436964049161319
2019Q1,GU34,LA23,0.0016177997755081244,0.003996586038061882
2019Q2,GU34,LA23,0.012744987763986077,0.031485008790298516
2019Q3,GU34,LA23,0.01197197004072968,0.029575358482076326
2019Q4,GU34,LA23,0.00839253389222683,0.020732778113472083
2020Q1,GU34,LA23,0.0018821453788873375,0.004649621082127569
2020Q3,GU34,LA23,0.010147569776486629,0.025068389984308985
2020Q4,GU34,LA23,0.004941377945186676,0.01220709905112779
2021Q2,GU34,LA23,0.008887479474461757,0.02195548356411367
2021Q3,GU34,LA23,0.02141805228158821,0.052910805160786716
2021Q4,GU34,LA23,0.009391029751935114,0.023199445912779542
2022Q1,GU34,LA23,0.005208591780312031,0.01286721972786824
2022Q2,GU34,LA23,0.011389104375174208,0.028135456699241054
2022Q3,GU34,LA23,0.011249029302347271,0.0277894175361655
2022Q4,GU34,LA23,0.002067204861855314,0.005106788994398089
2023Q1,GU34,LA23,0.001998718511998432,0.004937601438694623
2023Q2,GU34,LA23,0.00505792181062689,0.012495007105320612
2023Q3,GU34,LA23,0.009373820361458255,0.023156932116730974
2019Q2,GU35,LA23,0.0039214436233569825,0.004228821264095871
2019Q3,GU35,LA23,0.009207561427910243,0.009929285053314968
2019Q4,GU35,LA23,0.008597500979118608,0.009271405750175722
2020Q3,GU35,LA23,0.012044050860438978,0.012988109297584559
2021Q2,GU35,LA23,0.0028492954052421297,0.003072633997747952
2021Q3,GU35,LA23,0.03394213010639331,0.03660264314083145
2021Q4,GU35,LA23,0.005970600398433228,0.0064385987277561455
2022Q2,GU35,LA23,0.0071315188148336215,0.007690514337587564
2022Q3,GU35,LA23,0.00865643527239126,0.009334959537125868
2022Q4,GU35,LA23,0.006640734939115984,0.007161260958207487
2023Q2,GU35,LA23,0.005061510429737131,0.0054582508355410595
2019Q2,GU4,LA23,0.02105234517038197,0.02116659235886558
2019Q3,GU4,LA23,0.01891245620250464,0.019015090608836504
2019Q4,GU4,LA23,0.015447802151916141,0.015531634520700903
2020Q1,GU4,LA23,0.00781490586437252,0.007857315914941364
2020Q3,GU4,LA23,0.03074854401753632,0.030915410686096857
2020Q4,GU4,LA23,0.015106291491955475,0.015188270545471947
2021Q2,GU4,LA23,0.021850066322402103,0.021968642596223942
2021Q3,GU4,LA23,0.054063388321142616,0.05435678034305751
2021Q4,GU4,LA23,0.012774900547351418,0.01284422757286238
2022Q1,GU4,LA23,0.003999608314527718,0.004021313450049311
2022Q2,GU4,LA23,0.024308094511097705,0.024440010049856496
2022Q3,GU4,LA23,0.017803355568987413,0.017899971091052503
2022Q4,GU4,LA23,0.005607635239644665,0.005638066840256665
2023Q2,GU4,LA23,0.02273113362201003,0.022854491285317472
2023Q3,GU4,LA23,0.01178330431863009,0.01184725013457388
2019Q2,GU46,LA23,0.003958189314206122,0.002278681626303609
2020Q3,GU46,LA23,0.020525037716529238,0.011816015508905549
2021Q2,GU46,LA23,0.009362958921629215,0.005390141999014279
2021Q3,GU46,LA23,0.028998170159825205,0.01669389518648433
2021Q4,GU46,LA23,0.008491092243776097,0.004888218917093996
2022Q2,GU46,LA23,0.01209021114139016,0.0069601880554676
2022Q3,GU46,LA23,0.028755775649848762,0.016554351604216092
2023Q2,GU46,LA23,0.008824039314215252,0.0050798925111836925
2023Q3,GU46,LA23,0.032814941744376686,0.018891164339402428
2019Q2,GU47,LA23,0.016485236418289185,0.02258545415079927
2019Q3,GU47,LA23,0.01859756318220577,0.025479428981819333
2019Q4,GU47,LA23,0.00320843996250119,0.004395695143823905
2020Q3,GU47,LA23,0.012671955176588274,0.017361101495899537
2020Q4,GU47,LA23,0.0030831548044154963,0.004224049307396542
2021Q2,GU47,LA23,0.002774955426479334,0.0038018034418802
2021Q3,GU47,LA23,0.02116532841043555,0.028997373302463714
2021Q4,GU47,LA23,0.007009213797939964,0.009602912136030591
2022Q1,GU47,LA23,0.003824944266105685,0.005240331479605056
2022Q2,GU47,LA23,0.007126846745443337,0.009764074128194276
2022Q3,GU47,LA23,0.007305855699203521,0.010009323781590073
2022Q4,GU47,LA23,0.003011012929477357,0.004125211961821054
2023Q2,GU47,LA23,0.0058003756213978845,0.007946753951866658
2023Q3,GU47,LA23,0.005954580858098136,0.008158021489373295
2021Q3,GU5,LA23,0.031086238855835762,0.0048621900623703855
2022Q2,GU5,LA23,0.03470806673823335,0.005428679164480069
2022Q3,GU5,LA23,0.01958976668797002,0.003064030015214314
2019Q1,GU51,LA23,0.0027683169597364273,0.006747040656230925
2019Q2,GU51,LA23,0.017122881567754083,0.04173249659260963
2019Q3,GU51,LA23,0.013536739753532256,0.03299222408354402
2019Q4,GU51,LA23,0.00735253260609358,0.01791985424396637
2020Q1,GU51,LA23,0.005373531733969346,0.013096562858932936
2020Q3,GU51,LA23,0.01790374292221449,0.043635639687150916
2020Q4,GU51,LA23,0.0035806536541057553,0.008726896569832642
2021Q2,GU51,LA23,0.017933438318301978,0.04370801436375741
2021Q3,GU51,LA23,0.026056093284466692,0.063504838242793
2021Q4,GU51,LA23,0.012212520881850623,0.029764790702564818
2022Q1,GU51,LA23,0.003111816451541651,0.007584229847466155
2022Q2,GU51,LA23,0.015878255850620634,0.038699050481695564
2022Q3,GU51,LA23,0.012981723604280685,0.031639518964032845
2022Q4,GU51,LA23,0.0062149111783583065,0.015147202796908028
2023Q1,GU51,LA23,0.004240538160169785,0.010335190582254824
2023Q2,GU51,LA23,0.010499532613838788,0.025589834707271976
2023Q3,GU51,LA23,0.006903067125452681,0.01682440097197354
2020Q3,GU52,LA23,0.07333229934336928,0.008519171848663387
2021Q2,GU52,LA23,0.01563524509750841,0.0018163802454625984
2021Q3,GU52,LA23,0.09086080196761204,0.010555495916540493
2019Q1,GU6,LA23,0.004972424311694122,0.005979623256129818
2019Q2,GU6,LA23,0.016943747929044503,0.020375821291887457
2019Q3,GU6,LA23,0.02216724951635904,0.026657379262811157
2019Q4,GU6,LA23,0.0073561553333709295,0.008846195487315855
2020Q1,GU6,LA23,0.005564283675010048,0.006691367828072092
2020Q3,GU6,LA23,0.012718663305080669,0.015294916547464515
2021Q2,GU6,LA23,0.015498310002035344,0.018637599912969927
2021Q3,GU6,LA23,0.036861763517970714,0.044328368734670116
2021Q4,GU6,LA23,0.011223382690933262,0.013496756500308444
2022Q1,GU6,LA23,0.006232079484472661,0.007494430298669698
2022Q2,GU6,LA23,0.010690204223451993,0.012855579045616846
2022Q3,GU6,LA23,0.021018643129038086,0.02527611470547824
2022Q4,GU6,LA23,0.004643366378391801,0.00558391236195671
2023Q1,GU6,LA23,0.0044111078736691865,0.005304608290297526
2023Q3,GU6,LA23,0.006469268146427286,0.007779663165015928
2019Q1,GU7,LA23,0.004855126260200756,0.0158925679728683
2019Q2,GU7,LA23,0.011710907259076548,0.03833399579419692
2019Q3,GU7,LA23,0.013979225993989704,0.045759015813603664
2019Q4,GU7,LA23,0.007308366844965831,0.02392290346934744
2020Q1,GU7,LA23,0.0022088353926232366,0.007230309725599287
2020Q3,GU7,LA23,0.01801744474165781,0.05897755277786641
2020Q4,GU7,LA23,0.005918979100175412,0.01937493952539041
2021Q2,GU7,LA23,0.012779089373128005,0.04183053861206856
2021Q3,GU7,LA23,0.030199646495513432,0.09885426433105686
2021Q4,GU7,LA23,0.011356591516903276,0.037174193409137385
2022Q1,GU7,LA23,0.007968669494210129,0.02608431064464634
2022Q2,GU7,LA23,0.01520997676725164,0.04978770410582466
2022Q3,GU7,LA23,0.011189870288680357,0.03662845508843236
2022Q4,GU7,LA23,0.006682632123936804,0.02187464950972201
2023Q1,GU7,LA23,0.005326840429507681,0.01743665747697224
2023Q2,GU7,LA23,0.009809384061507031,0.03210962900129094
2023Q3,GU7,LA23,0.010214900096078384,0.03343702828982082
2019Q2,GU8,LA23,0.016904988877450802,0.008814671652150595
2019Q3,GU8,LA23,0.030975285368287045,0.01615126586787129
2019Q4,GU8,LA23,0.025888979472214628,0.013499142478658108
2020Q3,GU8,LA23,0.010069585013137126,0.005250526114371803
2021Q3,GU8,LA23,0.012611004670813178,0.006575684029300492
2022Q2,GU8,LA23,0.012821634115379413,0.00668551133575928
2022Q3,GU8,LA23,0.02331497395576763,0.01215699350578484
2023Q2,GU8,LA23,0.03120186108416672,0.016269407947366792
2023Q3,GU8,LA23,0.01843472161771063,0.009612311444680782
2019Q1,GU9,LA23,0.003240228608702039,0.009809841531083292
2019Q2,GU9,LA23,0.009943645880726923,0.03010453955908217
2019Q3,GU9,LA23,0.013146308490508813,0.039800649455498126
2019Q4,GU9,LA23,0.0028808320939217717,0.008721763101262152
2020Q1,GU9,LA23,0.002784397571582566,0.008429806114112325
2020Q3,GU9,LA23,0.016070485967799992,0.04865364136599181
2020Q4,GU9,LA23,0.008849360034242335,0.02679157246938621
2021Q2,GU9,LA23,0.010879524053443322,0.0329379250004956
2021Q3,GU9,LA23,0.027243994412029748,0.08248160859328643
2021Q4,GU9,LA23,0.008435942992089291,0.025539946069051724
2022Q1,GU9,LA23,0.00440756874043567,0.013343981583555698
2022Q2,GU9,LA23,0.01351418302793158,0.04091439522817171
2022Q3,GU9,LA23,0.018790068459236788,0.05688721883643781
2022Q4,GU9,LA23,0.006086957558022426,0.01842835684194179
2023Q1,GU9,LA23,0.0048517454816409435,0.014688733441901329
2023Q2,GU9,LA23,0.007150770286501858,0.02164906610211739
2023Q3,GU9,LA23,0.008928575812003394,0.027031399444714586
2019Q2,HA0,LA23,0.016662014108254044,0.029585408512094607
2019Q3,HA0,LA23,0.015543001400932437,0.027598466965818132
2019Q4,HA0,LA23,0.002668389859302514,0.004738046885813611
2020Q3,HA0,LA23,0.015342294962506312,0.02724208856322736
2020Q4,HA0,LA23,0.005886533750901853,0.010452248126136838
2021Q2,HA0,LA23,0.01676523805254502,0.02976869503077336
2021Q3,HA0,LA23,0.04290435039284079,0.0761818304240562
2021Q4,HA0,LA23,0.00793020496984455,0.01408103198647926
2022Q1,HA0,LA23,0.003501307326944286,0.006216991950734297
2022Q2,HA0,LA23,0.016139623583082872,0.028657841353069063
2022Q3,HA0,LA23,0.02064731346748335,0.03666178648295343
2022Q4,HA0,LA23,0.003055428751012856,0.005425280952891153
2023Q1,HA0,LA23,0.0025683013168696874,0.004560327649950739
2023Q2,HA0,LA23,0.014722381223695347,0.026141357217915585
2023Q3,HA0,LA23,0.010376510650779026,0.018424741723230182
2019Q1,HA1,LA23,0.0032573635786088627,0.011435921927566609
2019Q2,HA1,LA23,0.008193968020326497,0.028767307147656688
2019Q3,HA1,LA23,0.020368366454809862,0.07150907258217433
2019Q4,HA1,LA23,0.00987685407938776,0.03467556796041928
2020Q1,HA1,LA23,0.003180526143022716,0.01116616176930608
2020Q3,HA1,LA23,0.0242599323461701,0.08517154612422306
2020Q4,HA1,LA23,0.013200634363910672,0.04634466504488489
2021Q2,HA1,LA23,0.007588741926248319,0.02664248497371931
2021Q3,HA1,LA23,0.02289856492671509,0.08039206997797438
2021Q4,HA1,LA23,0.004771437935847653,0.016751520178747436
2022Q1,HA1,LA23,0.005133136108240978,0.018021366777388453
2022Q2,HA1,LA23,0.005292350853487963,0.01858033643257798
2022Q3,HA1,LA23,0.0122719331691218,0.04308418947888155
2022Q4,HA1,LA23,0.0036798973941867172,0.01291934973968969
2023Q1,HA1,LA23,0.004630531547672788,0.016256827334250375
2023Q2,HA1,LA23,0.00795406470026672,0.0279250567902252
2023Q3,HA1,LA23,0.012339235431114705,0.04332047363787255
2019Q1,HA2,LA23,0.00479433550043861,0.013970337051529684
2019Q2,HA2,LA23,0.014821322919382438,0.04318823259540176
2019Q3,HA2,LA23,0.021011670778341485,0.061226445825986325
2019Q4,HA2,LA23,0.008854909714997474,0.025802548292263257
2020Q1,HA2,LA23,0.008654820069071114,0.02521950194645439
2020Q2,HA2,LA23,0.0004190865723829611,0.001221187100782712
2020Q3,HA2,LA23,0.02138066050113053,0.062301654433194124
2020Q4,HA2,LA23,0.0118426322293376,0.034508549475942785
2021Q2,HA2,LA23,0.0203829168562465,0.059394303662941086
2021Q3,HA2,LA23,0.02636645082646594,0.07682987660429985
2021Q4,HA2,LA23,0.005502837453536483,0.016034859045357366
2022Q1,HA2,LA23,0.0013745493694670749,0.004005334625343984
2022Q2,HA2,LA23,0.013261844466198951,0.03864402837490481
2022Q3,HA2,LA23,0.01773569908037952,0.05168050796085075
2022Q4,HA2,LA23,0.0034206545756153128,0.00996753300928383
2023Q1,HA2,LA23,0.0007823197478189687,0.002279621557168628
2023Q2,HA2,LA23,0.003655779759742071,0.010652670307508636
2023Q3,HA2,LA23,0.009458503555127012,0.027561375847836984
2019Q1,HA3,LA23,0.004905515322745632,0.00967167169392546
2019Q2,HA3,LA23,0.006571931716780665,0.012957163881413158
2019Q3,HA3,LA23,0.01427285036401538,0.02814022865594038
2019Q4,HA3,LA23,0.005568179970095229,0.010978175596302228
2020Q1,HA3,LA23,0.004320118766816378,0.008517508894056044
2020Q3,HA3,LA23,0.020288943228561517,0.04000150545111532
2020Q4,HA3,LA23,0.005554281248382695,0.010950772996468204
2021Q2,HA3,LA23,0.016286588112507973,0.03211049662978173
2021Q3,HA3,LA23,0.029696360863055018,0.05854908890816609
2021Q4,HA3,LA23,0.00445730905158311,0.008787992076058893
2022Q1,HA3,LA23,0.0042584363132003285,0.0083958963005974
2022Q2,HA3,LA23,0.0067582259286531575,0.01332445994251299
2022Q3,HA3,LA23,0.01278609053375266,0.02520894579981648
2022Q4,HA3,LA23,0.002436640278278729,0.004804058953487656
2023Q2,HA3,LA23,0.0072363566243999235,0.014267138297753073
2023Q3,HA3,LA23,0.013739344813952186,0.0270883737156096
2019Q1,HA4,LA23,0.0021983333938060266,0.007055554887079938
2019Q2,HA4,LA23,0.010276731030906794,0.032983186286764984
2019Q3,HA4,LA23,0.014385337387437956,0.046169765601617084
2019Q4,HA4,LA23,0.004582023886770071,0.014706013709342838
2020Q1,HA4,LA23,0.0028157022929826765,0.009037001452914766
2020Q3,HA4,LA23,0.01424755858111194,0.045727564280812635
2020Q4,HA4,LA23,0.006420366220227881,0.02060617665619141
2021Q2,HA4,LA23,0.009890089818844438,0.03174226063781687
2021Q3,HA4,LA23,0.020205095243464102,0.06484828865840246
2021Q4,HA4,LA23,0.0054480749708768796,0.017485606184327474
2022Q1,HA4,LA23,0.0036402800640668908,0.01168348525693783
2022Q2,HA4,LA23,0.009842624164016298,0.031589919535309534
2022Q3,HA4,LA23,0.005895045097808605,0.01892015759146956
2022Q4,HA4,LA23,0.004650214934309123,0.014924872996143855
2023Q1,HA4,LA23,0.0013767517936245852,0.0044186872988297606
2023Q2,HA4,LA23,0.007496397071137302,0.024059699561394855
2023Q3,HA4,LA23,0.005355779390511007,0.01718938335709794
2019Q1,HA5,LA23,0.002155802172951214,0.004623013808410101
2019Q2,HA5,LA23,0.01612832680401309,0.03458641913299091
2019Q3,HA5,LA23,0.024604702238651816,0.052763597526849865
2019Q4,HA5,LA23,0.008088910959012272,0.017346279509181932
2020Q3,HA5,LA23,0.057472424951816675,0.123246844023417
2020Q4,HA5,LA23,0.003785567037450992,0.008117965974048628
2021Q3,HA5,LA23,0.03709968982521508,0.07955849590545076
2021Q4,HA5,LA23,0.014579176937879378,0.03126434194414169
2022Q1,HA5,LA23,0.006173301696291031,0.01323834781480238
2022Q2,HA5,LA23,0.027694067226223702,0.05938859177537675
2022Q3,HA5,LA23,0.012673648764456112,0.027178028659657592
2022Q4,HA5,LA23,0.007644803573617943,0.016393912635794722
2023Q2,HA5,LA23,0.016309044658986794,0.034973959858875775
2023Q3,HA5,LA23,0.010712758889938287,0.02297299487668413
2019Q2,HA6,LA23,0.02557368832189981,0.016425653378082685
2019Q3,HA6,LA23,0.03529468425040432,0.02266932490490868
2020Q3,HA6,LA23,0.030974691896142388,0.019894648991371833
2020Q4,HA6,LA23,0.006833683965442597,0.004389187930143003
2021Q2,HA6,LA23,0.006888055351389766,0.004424109976897179
2021Q3,HA6,LA23,0.08850490902563632,0.056845572668880025
2021Q4,HA6,LA23,0.020026681253716268,0.012862881585414305
2022Q2,HA6,LA23,0.011012625912682173,0.007073268968766841
2022Q3,HA6,LA23,0.007999798224297075,0.005138168224814886
2023Q3,HA6,LA23,0.01343997621325936,0.008632325064336858
2019Q3,HA7,LA23,0.009130886649662212,0.007725580989090205
2020Q3,HA7,LA23,0.04187435846241474,0.035429609421287415
2021Q3,HA7,LA23,0.03915665260922471,0.033130177013579155
2022Q1,HA7,LA23,0.00312310146264616,0.002642434871066061
2022Q2,HA7,LA23,0.0283682926794168,0.024002219173880214
2022Q3,HA7,LA23,0.02663433772337244,0.02253513169833362
2022Q4,HA7,LA23,0.005411142660620028,0.004578330941134571
2023Q2,HA7,LA23,0.015616105493936152,0.013212680471949931
2023Q3,HA7,LA23,0.018164782570670817,0.015369098783426804
2019Q1,HA8,LA23,0.0017286762954691467,0.005241199108095843
2019Q2,HA8,LA23,0.0066311154659748186,0.020104976598013448
2019Q3,HA8,LA23,0.008223577124946245,0.024933184544494683
2019Q4,HA8,LA23,0.0036976598199277063,0.011210989241330077
2020Q1,HA8,LA23,0.0021668667621438,0.006569755234613447
2020Q3,HA8,LA23,0.009628242869628536,0.02919201129389693
2020Q4,HA8,LA23,0.0028033697143077805,0.008499577905246447
2021Q2,HA8,LA23,0.00485584193666174,0.014722498650667788
2021Q3,HA8,LA23,0.030541291273267726,0.0925985906101083
2021Q4,HA8,LA23,0.00392115484325695,0.011888607092634729
2022Q1,HA8,LA23,0.01456487878186,0.04415947038846358
2022Q2,HA8,LA23,0.011711382462874663,0.035507912892580935
2022Q3,HA8,LA23,0.007965313029485756,0.0241501498315594
2022Q4,HA8,LA23,0.0016220559103533713,0.00491793519290345
2023Q2,HA8,LA23,0.005583965447898593,0.016930107043101095
2023Q3,HA8,LA23,0.0035753718899626664,0.010840222666267094
2019Q1,HA9,LA23,0.002776480290207264,0.006520589620135515
2019Q2,HA9,LA23,0.004261713296144715,0.01000867306022198
2019Q3,HA9,LA23,0.009838841277211378,0.02310660966426533
2019Q4,HA9,LA23,0.0049450811843936545,0.011613568861055246
2020Q1,HA9,LA23,0.0022665943161937064,0.005323117698100983
2020Q3,HA9,LA23,0.015776232853731892,0.03705062865157447
2020Q4,HA9,LA23,0.00521689517211046,0.012251926523151786
2021Q2,HA9,LA23,0.008428173168572611,0.019793642574569382
2021Q3,HA9,LA23,0.0284748011107854,0.06687333355589932
2021Q4,HA9,LA23,0.011515597085004785,0.027044486174450624
2022Q1,HA9,LA23,0.004435287569873036,0.010416313846143407
2022Q2,HA9,LA23,0.0183499532704424,0.04309503483501639
2022Q3,HA9,LA23,0.012766544843855943,0.029982348546629664
2022Q4,HA9,LA23,0.002835621152185289,0.00665948248103567
2023Q1,HA9,LA23,0.001524362644445556,0.0035799797577356547
2023Q2,HA9,LA23,0.006979699240824522,0.016391888169316218
2023Q3,HA9,LA23,0.009210735152237064,0.021631496625178957
2019Q1,HD1,LA23,0.02578931892008815,0.10625188175062958
2019Q2,HD1,LA23,0.032501004485051714,0.13390399707812806
2019Q3,HD1,LA23,0.03455153357201492,0.14235216799529535
2019Q4,HD1,LA23,0.0334272480145987,0.1377201163901062
2020Q1,HD1,LA23,0.01906290962793077,0.07853910473115026
2020Q2,HD1,LA23,0.0010298536431969623,0.00424299252944539
2020Q3,HD1,LA23,0.036654920664112564,0.1510181136636502
2020Q4,HD1,LA23,0.02354650392268071,0.09701149371899948
2021Q2,HD1,LA23,0.02516806186837361,0.10369230540043367
2021Q3,HD1,LA23,0.055834233727653136,0.23003680004308294
2021Q4,HD1,LA23,0.02853321446882479,0.11755671947371313
2022Q1,HD1,LA23,0.027637295850589987,0.11386553866440825
2022Q2,HD1,LA23,0.03030025477260683,0.12483691783753265
2022Q3,HD1,LA23,0.03653276111107777,0.1505148168366195
2022Q4,HD1,LA23,0.02483074987744101,0.10230258146531558
2023Q1,HD1,LA23,0.01844856693678163,0.07600801551640186
2023Q2,HD1,LA23,0.02329593732330837,0.0959791604197114
2023Q3,HD1,LA23,0.018697027639535062,0.07703167253078208
2019Q1,HD2,LA23,0.038656646549838414,0.038008779714900257
2019Q2,HD2,LA23,0.047005197404894714,0.04621741286623613
2019Q3,HD2,LA23,0.06518527506094253,0.06409280115004966
2019Q4,HD2,LA23,0.04404593717817421,0.04330774842000767
2020Q1,HD2,LA23,0.02318161937959282,0.02279310656959429
2020Q3,HD2,LA23,0.035813130069778404,0.035212919205713365
2020Q4,HD2,LA23,0.015015508318351438,0.014763855608728638
2021Q2,HD2,LA23,0.01906264210802953,0.01874316137934901
2021Q3,HD2,LA23,0.03048024061913548,0.029969406421642086
2021Q4,HD2,LA23,0.02076203091700278,0.02041406924785632
2022Q1,HD2,LA23,0.013697250283800876,0.013467690945867078
2022Q2,HD2,LA23,0.031489137826366684,0.03096139499610857
2022Q3,HD2,LA23,0.02405028575780143,0.023647214516399867
2022Q4,HD2,LA23,0.019158972672276817,0.018837877489593254
2023Q1,HD2,LA23,0.01915029556801638,0.01882934580943385
2023Q2,HD2,LA23,0.053587810473387065,0.0526897045003845
2023Q3,HD2,LA23,0.052464713749914606,0.05158543033873534
2019Q1,HD3,LA23,0.04552547405879792,0.038627326526457166
2019Q2,HD3,LA23,0.048429321117371305,0.04109117453316957
2019Q3,HD3,LA23,0.061776689615934126,0.05241611231628967
2019Q4,HD3,LA23,0.06730820424789041,0.05710947633482775
2020Q1,HD3,LA23,0.042322184016281496,0.03590940797669264
2020Q2,HD3,LA23,0.0023215778755105603,0.001969805883583434
2020Q3,HD3,LA23,0.13504290597291085,0.1145808260526879
2020Q4,HD3,LA23,0.08923903685761267,0.07571728766961397
2021Q2,HD3,LA23,0.07827869080247966,0.06641768399348769
2021Q3,HD3,LA23,0.13105530368673712,0.11119743645048974
2021Q4,HD3,LA23,0.08469916081533911,0.07186530638001659
2022Q1,HD3,LA23,0.06865646460416439,0.058253444499930425
2022Q2,HD3,LA23,0.09020579287720112,0.07653755810527886
2022Q3,HD3,LA23,0.07724555285787939,0.06554109000829587
2022Q4,HD3,LA23,0.07270269431576576,0.06168657813560038
2023Q1,HD3,LA23,0.05089729712788873,0.043185195895684016
2023Q2,HD3,LA23,0.04293180698359182,0.03642665916195016
2023Q3,HD3,LA23,0.051853401362334066,0.043996428534569865
2019Q1,HD4,LA23,0.03313936283704432,0.03921912145954813
2019Q2,HD4,LA23,0.09020797855122473,0.10675756455600993
2019Q3,HD4,LA23,0.1002825080969637,0.11868037067165653
2019Q4,HD4,LA23,0.06796095009248211,0.08042908879358128
2020Q1,HD4,LA23,0.031541448195203686,0.037328052861503626
2020Q3,HD4,LA23,0.09994502461458832,0.11828097235639755
2020Q4,HD4,LA23,0.027130336248341644,0.03210767683718667
2021Q2,HD4,LA23,0.09368349635451394,0.1108707020213342
2021Q3,HD4,LA23,0.10348377475029218,0.1224689427790522
2021Q4,HD4,LA23,0.06334413450963929,0.07496527067522434
2022Q1,HD4,LA23,0.027792717840650426,0.032891579178612726
2022Q2,HD4,LA23,0.07488101102028352,0.08861870642049408
2022Q3,HD4,LA23,0.08799234206103193,0.10413544665210313
2022Q4,HD4,LA23,0.04610046363102209,0.054558070152920086
2023Q1,HD4,LA23,0.06184250407638368,0.07318815061896985
2023Q2,HD4,LA23,0.05430637083933658,0.06426943585029905
2023Q3,HD4,LA23,0.06087654619444361,0.07204497777998374
2019Q1,HD5,LA23,0.029680034737531107,0.08478125790811737
2019Q2,HD5,LA23,0.05153118587743895,0.1471992468614512
2019Q3,HD5,LA23,0.05561665717644502,0.1588694284815303
2019Q4,HD5,LA23,0.054137683560067734,0.15464472845276567
2020Q1,HD5,LA23,0.03144940667501698,0.08983548307644862
2020Q2,HD5,LA23,0.0014153406189688375,0.004042931859944754
2020Q3,HD5,LA23,0.053205209564631435,0.15198110898604955
2020Q4,HD5,LA23,0.02868099161592765,0.08192748319717044
2021Q2,HD5,LA23,0.037844295111471714,0.10810253332147826
2021Q3,HD5,LA23,0.06978760420432116,0.1993488526263208
2021Q4,HD5,LA23,0.03820531239151807,0.10913378208515284
2022Q1,HD5,LA23,0.020372481260988368,0.05819415655305998
2022Q2,HD5,LA23,0.032669646600260976,0.0933211082358112
2022Q3,HD5,LA23,0.03041778771106482,0.08688865520986479
2022Q4,HD5,LA23,0.02054821869177866,0.05869615193735449
2023Q1,HD5,LA23,0.021471884300938857,0.06133461017783778
2023Q2,HD5,LA23,0.039819018881883064,0.11374334765195575
2023Q3,HD5,LA23,0.02644128222504337,0.07552973531085554
2019Q1,HD6,LA23,0.046486416721527236,0.07291275087551921
2019Q2,HD6,LA23,0.039737592938207535,0.0623273940784208
2019Q3,HD6,LA23,0.05440140907995704,0.0853272131359451
2019Q4,HD6,LA23,0.04742274434021792,0.0743813567009247
2020Q1,HD6,LA23,0.02772340141218872,0.04348344318939204
2020Q3,HD6,LA23,0.07740334436292297,0.12140515794697312
2020Q4,HD6,LA23,0.05374171114026217,0.08429249385830738
2021Q2,HD6,LA23,0.0783672381452596,0.12291700059216945
2021Q3,HD6,LA23,0.0986008022614045,0.15465282631867966
2021Q4,HD6,LA23,0.08455593407830798,0.13262381123997175
2022Q1,HD6,LA23,0.07460169097176682,0.1170108365482596
2022Q2,HD6,LA23,0.09572755981984336,0.1501462193327835
2022Q3,HD6,LA23,0.08308317260284777,0.13031382268562566
2022Q4,HD6,LA23,0.07202563758877692,0.11297036296903876
2023Q1,HD6,LA23,0.0632769301204791,0.0992482399682484
2023Q2,HD6,LA23,0.0559305014115634,0.08772555519160308
2023Q3,HD6,LA23,0.06950047558482575,0.1090097112109703
2019Q3,HD7,LA23,0.03740849547598215,0.004914320074191838
2019Q4,HD7,LA23,0.16706878776672138,0.021947674907696585
2020Q1,HD7,LA23,0.13926214919718166,0.01829474205436059
2020Q2,HD7,LA23,0.015779825711602115,0.0020729813716128553
2020Q3,HD7,LA23,0.3335646342838952,0.0438200830438174
2020Q4,HD7,LA23,0.2297059613771993,0.030176263514320564
2021Q2,HD7,LA23,0.4502410101307571,0.059147752566809125
2021Q3,HD7,LA23,0.4073639803075085,0.05351503610224565
2021Q4,HD7,LA23,0.34805162714709464,0.0457232261383587
2022Q1,HD7,LA23,0.3847974701115924,0.0505504941539749
2022Q2,HD7,LA23,0.21495698961411072,0.028238704489644707
2022Q3,HD7,LA23,0.3377766605882059,0.04437341311381681
2022Q4,HD7,LA23,0.3427537093102601,0.04502724348399905
2023Q1,HD7,LA23,0.14184176075974586,0.018633623282387147
2023Q2,HD7,LA23,0.3880667026018061,0.05097997025691448
2023Q3,HD7,LA23,0.21265421709911847,0.027936191355856968
2019Q1,HD8,LA23,0.042612387351998834,0.03620498008255407
2019Q2,HD8,LA23,0.06692620489604599,0.05686285293632154
2019Q3,HD8,LA23,0.06907612452376176,0.058689500118925125
2019Q4,HD8,LA23,0.08978765233693352,0.07628674116906717
2020Q1,HD8,LA23,0.052874288000614084,0.04492385108884694
2020Q2,HD8,LA23,0.006999492923483074,0.005947014885351072
2020Q4,HD8,LA23,0.08253643908971774,0.07012585586073711
2021Q2,HD8,LA23,0.07354803223578135,0.062488989884829885
2021Q3,HD8,LA23,0.2156902781794697,0.18325803154330766
2021Q4,HD8,LA23,0.09230587675204452,0.07842631302734794
2022Q1,HD8,LA23,0.07640622375478424,0.06491740972816848
2022Q2,HD8,LA23,0.04550146949896488,0.038659645687738976
2022Q3,HD8,LA23,0.11436289139366047,0.09716672691647613
2022Q4,HD8,LA23,0.10263687709737072,0.08720389356151739
2023Q1,HD8,LA23,0.05234233947334796,0.04447188894752114
2023Q2,HD8,LA23,0.1057137708584267,0.08981813050663287
2023Q3,HD8,LA23,0.08433090375048571,0.07165049602617259
2019Q1,HD9,LA23,0.07637285765799909,0.03361286766395366
2019Q3,HD9,LA23,0.12099472892099015,0.05325163855291756
2019Q4,HD9,LA23,0.10601070389375572,0.04665693899919398
2020Q1,HD9,LA23,0.11537419994108915,0.050777957423309567
2020Q3,HD9,LA23,0.19912111670880725,0.08763626175942625
2020Q4,HD9,LA23,0.18109018112154526,0.07970057007081713
2021Q2,HD9,LA23,0.19654618404487925,0.08650299434570996
2021Q3,HD9,LA23,0.2189984009122417,0.09638455983203163
2021Q4,HD9,LA23,0.193429782830466,0.08513141830652418
2022Q1,HD9,LA23,0.14625893522362474,0.06437080377897267
2022Q2,HD9,LA23,0.18725004300534287,0.0824116198950296
2022Q3,HD9,LA23,0.2548059658622053,0.11214401913393836
2022Q4,HD9,LA23,0.1555972963534144,0.06848075993983073
2023Q1,HD9,LA23,0.1219845189745927,0.05368726035766686
2023Q2,HD9,LA23,0.17556723476269648,0.0772698365515031
2023Q3,HD9,LA23,0.16701265593095455,0.07350483501810713
2019Q1,HG1,LA23,0.04188687311723718,0.14068993641169592
2019Q2,HG1,LA23,0.054084740083495564,0.18166022137514914
2019Q3,HG1,LA23,0.054766776354361855,0.18395104980032376
2019Q4,HG1,LA23,0.03944373498448117,0.1324839061458324
2020Q1,HG1,LA23,0.02595085154128439,0.08716391034856696
2020Q2,HG1,LA23,0.0020604883173627755,0.0069207832615110244
2020Q3,HG1,LA23,0.07759447695526914,0.2606248978810304
2020Q4,HG1,LA23,0.059107148067760226,0.19852952212152086
2021Q2,HG1,LA23,0.061522216029540035,0.2066412700913856
2021Q3,HG1,LA23,0.07578989215981201,0.25456364524439234
2021Q4,HG1,LA23,0.07626979736820405,0.2561755543755262
2022Q1,HG1,LA23,0.04831576026656504,0.16228332968565445
2022Q2,HG1,LA23,0.05245413007471755,0.17618331652705616
2022Q3,HG1,LA23,0.04621252090659589,0.15521895390891818
2022Q4,HG1,LA23,0.041348072212686514,0.13888020798466266
2023Q1,HG1,LA23,0.03550471935839193,0.11925351159219555
2023Q2,HG1,LA23,0.05333392758849664,0.17913838686430247
2023Q3,HG1,LA23,0.05660877369365075,0.19013796396337745
2019Q1,HG2,LA23,0.03820847363114817,0.11817338642353994
2019Q2,HG2,LA23,0.05672431791117066,0.17544026502707133
2019Q3,HG2,LA23,0.08128111222583652,0.251390944760707
2019Q4,HG2,LA23,0.05804059475841704,0.17951132251059246
2020Q1,HG2,LA23,0.0311439059658726,0.09632368123292807
2020Q2,HG2,LA23,0.0053573070814789975,0.016569390498056398
2020Q3,HG2,LA23,0.09200353437492352,0.28455387474981336
2020Q4,HG2,LA23,0.03477394157694893,0.10755086620608617
2021Q2,HG2,LA23,0.04298813000230397,0.13295618525431746
2021Q3,HG2,LA23,0.09443583894013144,0.29207664757918217
2021Q4,HG2,LA23,0.05295967635958277,0.16379676298308393
2022Q1,HG2,LA23,0.03635510552248231,0.11244118189203292
2022Q2,HG2,LA23,0.06202928343294049,0.19184777050922167
2022Q3,HG2,LA23,0.06274630903338699,0.1940654289316733
2022Q4,HG2,LA23,0.04271419592607705,0.13210894603306395
2023Q1,HG2,LA23,0.034602843821026005,0.10702168512908036
2023Q2,HG2,LA23,0.05348465822934108,0.16542045740121758
2023Q3,HG2,LA23,0.04312895427907398,0.13339173475669255
2019Q1,HG3,LA23,0.09534003768022152,0.026453992684095838
2019Q2,HG3,LA23,0.12228842517561113,0.03393135962244672
2019Q3,HG3,LA23,0.11250661235589476,0.031217200796142267
2019Q4,HG3,LA23,0.08267988754713539,0.02294118183202194
2020Q1,HG3,LA23,0.06710179234478303,0.018618728993295305
2020Q3,HG3,LA23,0.1157114530780688,0.03210644769682472
2020Q4,HG3,LA23,0.09215786718675137,0.02557103608997159
2021Q2,HG3,LA23,0.1005158854129269,0.027890134743471025
2021Q3,HG3,LA23,0.1888820917046173,0.05240909898598914
2021Q4,HG3,LA23,0.13845777036565465,0.03841786654830633
2022Q1,HG3,LA23,0.06427635223172233,0.017834754349495014
2022Q2,HG3,LA23,0.1637507100109774,0.04543589650315973
2022Q3,HG3,LA23,0.1516971839287264,0.04209140557829852
2022Q4,HG3,LA23,0.13154413234299245,0.03649953995517626
2023Q1,HG3,LA23,0.14181843633800026,0.03935035026877967
2023Q2,HG3,LA23,0.1073299828911651,0.02978084182964438
2023Q3,HG3,LA23,0.09976907075240564,0.0276829161389214
2019Q1,HG4,LA23,0.04108083862909625,0.07443594499347002
2019Q2,HG4,LA23,0.06254236649004342,0.1133229093457952
2019Q3,HG4,LA23,0.08933374239976896,0.16186722952194788
2019Q4,HG4,LA23,0.039708563068169035,0.07194946634362294
2020Q1,HG4,LA23,0.018515345206398203,0.03354866315563542
2020Q2,HG4,LA23,0.0006026999148660865,0.0010920550604039123
2020Q3,HG4,LA23,0.04989496575403171,0.09040659953050917
2020Q4,HG4,LA23,0.03207457696429849,0.05811715452450264
2021Q2,HG4,LA23,0.039831624941675865,0.0721724468657552
2021Q3,HG4,LA23,0.0766745302777138,0.13892951820388907
2021Q4,HG4,LA23,0.04755040562440567,0.08615840123011906
2022Q1,HG4,LA23,0.04951384903747411,0.08971603955421695
2022Q2,HG4,LA23,0.07085630535803727,0.1283872536218331
2022Q3,HG4,LA23,0.050896818691170416,0.09222189524035827
2022Q4,HG4,LA23,0.03710012220913294,0.06722313244243495
2023Q1,HG4,LA23,0.033822143355424036,0.061283637004004035
2023Q2,HG4,LA23,0.044283400186784436,0.080238788944602
2023Q3,HG4,LA23,0.05276038406617544,0.09559856072175284
2019Q1,HG5,LA23,0.0423303802752973,0.022449742594365333
2019Q2,HG5,LA23,0.08560185071877725,0.04539858847805589
2019Q3,HG5,LA23,0.07566798483513287,0.040130203677248726
2019Q4,HG5,LA23,0.08211328686050898,0.043548443023826836
2020Q1,HG5,LA23,0.05324337256599482,0.028237403046908523
2020Q2,HG5,LA23,0.0029071138267893503,0.0015417758281285106
2020Q3,HG5,LA23,0.17075012951381938,0.09055662695704107
2020Q4,HG5,LA23,0.048507792661316766,0.025725907775577067
2021Q2,HG5,LA23,0.0683140393256285,0.036230069006412666
2021Q3,HG5,LA23,0.106771130774584,0.05662562884646553
2021Q4,HG5,LA23,0.057158514888154675,0.0303137826301103
2022Q1,HG5,LA23,0.06622940804043642,0.03512449340202732
2022Q2,HG5,LA23,0.09144293550159427,0.04849638370203667
2022Q3,HG5,LA23,0.08113552375950854,0.04302989039583313
2022Q4,HG5,LA23,0.10281399862600084,0.05452698013200022
2023Q1,HG5,LA23,0.04097798067101338,0.021732503041981408
2023Q2,HG5,LA23,0.09390547522459633,0.04980238148779381
2023Q3,HG5,LA23,0.07996130825631324,0.042407150046570766
2019Q2,HP1,LA23,0.01261809855444727,0.011120177459294368
2019Q3,HP1,LA23,0.017786152612875347,0.015674720919306526
2020Q3,HP1,LA23,0.02213452784829524,0.019506891358364267
2021Q2,HP1,LA23,0.008721116861634836,0.0076858146832624675
2021Q3,HP1,LA23,0.030861633755479026,0.02719798411494569
2021Q4,HP1,LA23,0.008870350750039589,0.00781733270199093
2022Q2,HP1,LA23,0.013872926659532877,0.01222604227317664
2022Q3,HP1,LA23,0.01258396919899022,0.011090099671613752
2023Q1,HP1,LA23,0.0063665195019776384,0.005610736542796875
2023Q2,HP1,LA23,0.01245557390742703,0.01097694645594028
2023Q3,HP1,LA23,0.018515175335450745,0.016317199816734306
2019Q1,HP10,LA23,0.0023297708906675533,0.0033555531881187483
2019Q2,HP10,LA23,0.022790992522913448,0.03282571171568715
2019Q3,HP10,LA23,0.02881355820477442,0.041499972157078714
2019Q4,HP10,LA23,0.007501601229194263,0.010804505293396362
2020Q1,HP10,LA23,0.006448611050296555,0.009287890691500673
2020Q3,HP10,LA23,0.010430958060782591,0.015023638039345113
2020Q4,HP10,LA23,0.0065413300081733705,0.009421433176707641
2021Q2,HP10,LA23,0.010291101527677664,0.014822203624734062
2021Q3,HP10,LA23,0.016748397136562572,0.024122602626976915
2021Q4,HP10,LA23,0.010749977539562862,0.015483119627591063
2022Q1,HP10,LA23,0.0019043781191201094,0.002742862868874657
2022Q2,HP10,LA23,0.00671667777204111,0.009673985369900892
2022Q3,HP10,LA23,0.011439772450329138,0.016476626551916417
2023Q2,HP10,LA23,0.015670809074957968,0.022570559861707425
2023Q3,HP10,LA23,0.025693994480172958,0.037006885715163966
2019Q1,HP11,LA23,0.0012772423431848176,0.0036451964992931436
2019Q2,HP11,LA23,0.009940049359918516,0.0283684872513916
2019Q3,HP11,LA23,0.009876992866103315,0.028188526641927523
2019Q4,HP11,LA23,0.006111463754724481,0.017441863247916963
2020Q1,HP11,LA23,0.002947593410568279,0.00841230893954812
2020Q3,HP11,LA23,0.005566350625989402,0.015886133061561624
2020Q4,HP11,LA23,0.0057679338004721385,0.016461443053327647
2021Q2,HP11,LA23,0.008543280886633213,0.02438216815047069
2021Q3,HP11,LA23,0.015778817212904632,0.045032087743072616
2021Q4,HP11,LA23,0.005924853014088584,0.016909283959322206
2022Q1,HP11,LA23,0.0029799450146671164,0.008504639071442706
2022Q2,HP11,LA23,0.008102518781612398,0.023124251443578
2022Q3,HP11,LA23,0.006710994460283603,0.019152898934123173
2023Q1,HP11,LA23,0.001525642874264775,0.004354121278640361
2023Q2,HP11,LA23,0.004445394144735463,0.012686969908907235
2023Q3,HP11,LA23,0.0022369728193604448,0.006384227342333492
2019Q2,HP12,LA23,0.0065466207324180676,0.0047134640785746465
2019Q3,HP12,LA23,0.017707940771746714,0.0127494391602439
2019Q4,HP12,LA23,0.009919198399236008,0.007141667014790548
2020Q3,HP12,LA23,0.00720187529637671,0.005185237070440081
2021Q3,HP12,LA23,0.010348101424932156,0.007450470455136491
2022Q2,HP12,LA23,0.016177607545667667,0.011647623279318635
2022Q3,HP12,LA23,0.014301018727783353,0.01029650881204057
2019Q1,HP13,LA23,0.0035665466297843404,0.009904123827082143
2019Q2,HP13,LA23,0.014509446547185396,0.0402920163907805
2019Q3,HP13,LA23,0.016395069767916888,0.04552829893742855
2019Q4,HP13,LA23,0.011482899166220077,0.03188744380527523
2020Q1,HP13,LA23,0.003557069304491664,0.009877805762861607
2020Q3,HP13,LA23,0.015938127298448526,0.04425939226965255
2020Q4,HP13,LA23,0.004328560034566709,0.012020197413737423
2021Q2,HP13,LA23,0.013747745581698391,0.03817681043261601
2021Q3,HP13,LA23,0.02693453244518049,0.07479586621239817
2021Q4,HP13,LA23,0.012735051715603123,0.035364609586852634
2022Q1,HP13,LA23,0.003383717568781102,0.009396416555223282
2022Q2,HP13,LA23,0.0082542556343708,0.022921660190979232
2022Q3,HP13,LA23,0.019501914047790496,0.05415585204506608
2022Q4,HP13,LA23,0.0119308850425547,0.03313147845631534
2023Q1,HP13,LA23,0.0021165679332206325,0.005877604606088112
2023Q2,HP13,LA23,0.010452422296897064,0.029025860437911218
2023Q3,HP13,LA23,0.007403431359881503,0.020558963205817748
2020Q3,HP14,LA23,0.10112337869601712,0.018168791318448008
2021Q2,HP14,LA23,0.05350759503327212,0.009613685189791195
2021Q3,HP14,LA23,0.0398688223422056,0.0071632131223117596
2022Q2,HP14,LA23,0.037327146185095486,0.006706551326660865
2022Q3,HP14,LA23,0.10060103929577503,0.01807494283669455
2023Q3,HP14,LA23,0.023303661270121876,0.004186958189415398
2020Q3,HP15,LA23,0.09294220053372924,0.034482809830716096
2020Q4,HP15,LA23,0.060974020086166175,0.02262218375690925
2021Q2,HP15,LA23,0.03962396353288581,0.01470102484552081
2021Q3,HP15,LA23,0.07952504361273174,0.02950486366719988
2021Q4,HP15,LA23,0.009944235694994256,0.0036894455523232813
2022Q2,HP15,LA23,0.02035578888619836,0.0075522721980555
2022Q3,HP15,LA23,0.02441100564125706,0.009056812303454405
2020Q3,HP16,LA23,0.041535264384780966,0.011840453711396049
2020Q4,HP16,LA23,0.018952273076875567,0.0054027226121306894
2021Q2,HP16,LA23,0.023797880607705126,0.006784059471837836
2021Q3,HP16,LA23,0.0326977690273235,0.009321149783647507
2022Q2,HP16,LA23,0.04275040731491468,0.012186854386342759
2022Q3,HP16,LA23,0.03877297641732404,0.011053008553632606
2023Q2,HP16,LA23,0.008734014181190608,0.0024898045590617804
2023Q3,HP16,LA23,0.0068414246289765215,0.0019502842425407265
2019Q2,HP17,LA23,0.02172521523464166,0.011682400721324348
2019Q3,HP17,LA23,0.02652399805474824,0.014262872457673369
2019Q4,HP17,LA23,0.02355410410881061,0.01266585761563142
2020Q3,HP17,LA23,0.04291623141788844,0.02307754410982396
2020Q4,HP17,LA23,0.016015887240599474,0.008612297306674526
2021Q2,HP17,LA23,0.01688730532569644,0.00908088899407374
2021Q3,HP17,LA23,0.06384976177595998,0.03433422845166882
2021Q4,HP17,LA23,0.01082892605115561,0.005823088615916995
2022Q1,HP17,LA23,0.00843087921460193,0.004533575771484806
2022Q2,HP17,LA23,0.0192292834473164,0.010340251748451079
2022Q3,HP17,LA23,0.02228966718977776,0.011985926088351336
2023Q2,HP17,LA23,0.011058310290189005,0.005946436466357214
2023Q3,HP17,LA23,0.021067046506582768,0.011328480599457482
2019Q3,HP18,LA23,0.020620060147568932,0.004980332141865882
2020Q3,HP18,LA23,0.06548594869141261,0.01581672278229867
2021Q2,HP18,LA23,0.032512172882714865,0.007852616260616268
2021Q3,HP18,LA23,0.05940069299791095,0.014346960118905478
2021Q4,HP18,LA23,0.020532349604564404,0.004959147546215834
2022Q3,HP18,LA23,0.0222224988393888,0.00536736675113112
2022Q4,HP18,LA23,0.018215653726366385,0.004399599472032447
2023Q2,HP18,LA23,0.0498213845469048,0.012033284143473459
2023Q3,HP18,LA23,0.05162259388908305,0.012468327529228912
2019Q2,HP19,LA23,0.011565185285514805,0.008573037117466414
2019Q3,HP19,LA23,0.012812101325473828,0.009497350669651504
2019Q4,HP19,LA23,0.00638215403963069,0.0047309612531388524
2020Q3,HP19,LA23,0.02027243198476245,0.01502754236755365
2020Q4,HP19,LA23,0.01189661681741255,0.0088187205851076
2021Q2,HP19,LA23,0.013689448773802316,0.010147710525870598
2021Q3,HP19,LA23,0.036801384807007134,0.027280119612073533
2021Q4,HP19,LA23,0.008115878430296495,0.006016135955117104
2022Q1,HP19,LA23,0.0071077335469253685,0.005268818615052562
2022Q2,HP19,LA23,0.013685547284315586,0.010144818430901308
2022Q3,HP19,LA23,0.028111012049789587,0.020838122672728467
2022Q4,HP19,LA23,0.004968254249639608,0.0036828660362681455
2023Q1,HP19,LA23,0.006816194745029443,0.005052706818472366
2023Q2,HP19,LA23,0.011756260733127423,0.008714677468587392
2023Q3,HP19,LA23,0.030183775876852257,0.022374620427538024
2019Q1,HP2,LA23,0.0030190606092689873,0.009001356382418266
2019Q2,HP2,LA23,0.011352372118457844,0.03384719965884038
2019Q3,HP2,LA23,0.014109990653856756,0.04206906414466075
2019Q4,HP2,LA23,0.005068304743423228,0.015111196214540368
2020Q3,HP2,LA23,0.005262767593841941,0.015690988953508782
2020Q4,HP2,LA23,0.001700307115239807,0.005069480969294248
2021Q2,HP2,LA23,0.0043716432186908715,0.013034093607596272
2021Q3,HP2,LA23,0.008132058585429675,0.02424580587266867
2021Q4,HP2,LA23,0.0052178076082232475,0.01555694035168219
2022Q1,HP2,LA23,0.0018652816471513296,0.005561354021196248
2022Q2,HP2,LA23,0.001935389154391696,0.005770380185101684
2022Q3,HP2,LA23,0.00775278448884049,0.02311499673967627
2023Q1,HP2,LA23,0.0014171610569421536,0.00422527844775849
2023Q2,HP2,LA23,0.003820725768159346,0.011391528269788004
2023Q3,HP2,LA23,0.0035336996679528523,0.010535757368375087
2019Q2,HP20,LA23,0.003993947220006513,0.004905354579787039
2019Q3,HP20,LA23,0.009848793040818184,0.01209625951142975
2019Q4,HP20,LA23,0.0052196525051086675,0.006410762313676728
2020Q3,HP20,LA23,0.006005785177759076,0.007376288219174201
2021Q3,HP20,LA23,0.016736961222198418,0.020556288017971155
2021Q4,HP20,LA23,0.005661108916087057,0.006952957818044375
2022Q2,HP20,LA23,0.012608145801424938,0.015485288698818031
2022Q3,HP20,LA23,0.007844608014580116,0.00963472518069278
2022Q4,HP20,LA23,0.005439998064022137,0.006681390100428042
2023Q1,HP20,LA23,0.0021404660759000195,0.00262891432708463
2023Q2,HP20,LA23,0.007731992183909139,0.009496410738786484
2023Q3,HP20,LA23,0.005246320028001481,0.006443515289203936
2019Q1,HP21,LA23,0.0023867236388781018,0.00876572294479536
2019Q2,HP21,LA23,0.005988395267011647,0.02199358691533406
2019Q3,HP21,LA23,0.012150956374758009,0.04462683293550085
2019Q4,HP21,LA23,0.0051235704242993145,0.0188173436153113
2020Q1,HP21,LA23,0.003029898973188473,0.011127913813337218
2020Q3,HP21,LA23,0.014371211566789412,0.0527811670037883
2020Q4,HP21,LA23,0.005137803712741861,0.018869618231881217
2021Q2,HP21,LA23,0.010358585725325116,0.03804399097115137
2021Q3,HP21,LA23,0.014918848659313238,0.05479247445018105
2021Q4,HP21,LA23,0.006510282509904976,0.023910322856231032
2022Q1,HP21,LA23,0.005639000518355639,0.020710364377460082
2022Q2,HP21,LA23,0.015999574573048247,0.0587616578884089
2022Q3,HP21,LA23,0.012164264401019642,0.04467570934048185
2022Q4,HP21,LA23,0.0072925424677929155,0.02678332999872373
2023Q1,HP21,LA23,0.0022027736427409745,0.008090129559969211
2023Q2,HP21,LA23,0.008278891639074864,0.03040589585488218
2023Q3,HP21,LA23,0.004974878823183762,0.01827124378273511
2019Q2,HP22,LA23,0.03349207648589432,0.01639832308062289
2019Q3,HP22,LA23,0.02014409545592109,0.009862911473769763
2019Q4,HP22,LA23,0.0199806236670044,0.009782872745494662
2020Q1,HP22,LA23,0.010147802947214629,0.004968546854866026
2020Q3,HP22,LA23,0.02244776294201007,0.010990828511792871
2020Q4,HP22,LA23,0.047952758445847066,0.023478533077316028
2021Q2,HP22,LA23,0.031099658733193845,0.0152269523156862
2021Q3,HP22,LA23,0.08294487687556777,0.04061130367539012
2021Q4,HP22,LA23,0.021665549693688703,0.01060784283548464
2022Q2,HP22,LA23,0.016886916369981058,0.008268138005329013
2022Q3,HP22,LA23,0.030169922163167162,0.01477173656751995
2023Q2,HP22,LA23,0.023576412339200967,0.011543435558049963
2023Q3,HP22,LA23,0.03822094468506273,0.01871366201066225
2019Q1,HP23,LA23,0.008506778434541134,0.01025862236794287
2019Q2,HP23,LA23,0.020903046507761397,0.02520771665945453
2019Q3,HP23,LA23,0.019572095565319424,0.0236026762538728
2019Q4,HP23,LA23,0.009059747511623091,0.010925467165486915
2020Q1,HP23,LA23,0.007199689759547786,0.008682358307305573
2020Q3,HP23,LA23,0.03670700225680372,0.04426626099520462
2020Q4,HP23,LA23,0.003921385935871748,0.0047289367866603475
2021Q2,HP23,LA23,0.01584604447202959,0.019109300602461125
2021Q3,HP23,LA23,0.041185074507400166,0.049666525326611415
2021Q4,HP23,LA23,0.02291683002299815,0.02763620880516736
2022Q1,HP23,LA23,0.010474815944593732,0.012631947802116494
2022Q2,HP23,LA23,0.019194735989134477,0.02314760511045501
2022Q3,HP23,LA23,0.035103613768415705,0.042332678601111534
2022Q4,HP23,LA23,0.009407189320328493,0.011344459424162808
2023Q1,HP23,LA23,0.014807316372664431,0.017856661968887383
2023Q2,HP23,LA23,0.02083997337872635,0.025131654561762203
2023Q3,HP23,LA23,0.033444526670832295,0.0403319273013567
2019Q1,HP27,LA23,0.003051460592902343,0.0027627460217885262
2019Q2,HP27,LA23,0.015877481524729443,0.014375230347230287
2019Q3,HP27,LA23,0.028939323637128644,0.026201223583779885
2019Q4,HP27,LA23,0.01734048322743209,0.01569980984316512
2020Q1,HP27,LA23,0.006717270099499635,0.006081714208545756
2020Q3,HP27,LA23,0.031892718395373845,0.028875182290011212
2020Q4,HP27,LA23,0.013106323113949714,0.011866265658996962
2021Q2,HP27,LA23,0.012720128996358557,0.011516611377209798
2021Q3,HP27,LA23,0.04733289657272339,0.042854484835945686
2021Q4,HP27,LA23,0.02001149949109451,0.018118107354111204
2022Q1,HP27,LA23,0.008903706978227573,0.008061280912650544
2022Q4,HP27,LA23,0.01121647948433955,0.01015522997279075
2023Q1,HP27,LA23,0.01092156325682422,0.00988821730475105
2023Q2,HP27,LA23,0.019711711915114942,0.017846684241243332
2023Q3,HP27,LA23,0.015301704107890682,0.013853930229015763
2019Q1,HP3,LA23,0.003717379610310286,0.009710642673636643
2019Q2,HP3,LA23,0.010208608731487294,0.02666721238570674
2019Q3,HP3,LA23,0.0233516572415808,0.06099985018514245
2019Q4,HP3,LA23,0.005837768998622427,0.015249582958820894
2020Q1,HP3,LA23,0.004116724040325005,0.010753821329059554
2020Q3,HP3,LA23,0.019700678191819816,0.05146266090728898
2020Q4,HP3,LA23,0.007558813956919848,0.019745344588582237
2021Q2,HP3,LA23,0.00901641559078699,0.02355293222040101
2021Q3,HP3,LA23,0.02930996581552303,0.07656430998374479
2021Q4,HP3,LA23,0.016779551739442955,0.04383201293556572
2022Q1,HP3,LA23,0.006286325682349799,0.016421315235628745
2022Q2,HP3,LA23,0.01250542045116302,0.03266700800424735
2022Q3,HP3,LA23,0.014254254556101334,0.03723536121773788
2022Q4,HP3,LA23,0.0045951734315943715,0.012003640170038238
2023Q1,HP3,LA23,0.0025463051139197434,0.006651529219870122
2023Q2,HP3,LA23,0.012633322489636684,0.03300111727557459
2023Q3,HP3,LA23,0.0130353517276436,0.034051309261298034
2019Q1,HP4,LA23,0.004071316238896214,0.007237178451151352
2019Q2,HP4,LA23,0.01943653270778997,0.034550412550623265
2019Q3,HP4,LA23,0.02211268611989611,0.039307547263234176
2020Q1,HP4,LA23,0.006053325200344959,0.01076040084511469
2020Q3,HP4,LA23,0.044182379699985314,0.07853867091690486
2020Q4,HP4,LA23,0.007857628952317426,0.013967734166057323
2021Q2,HP4,LA23,0.03202452058821032,0.05692684053751707
2021Q3,HP4,LA23,0.054296527217494985,0.09651759620061898
2021Q4,HP4,LA23,0.01360675244479489,0.02418738555428901
2022Q1,HP4,LA23,0.012476662827013036,0.022178536388620163
2022Q2,HP4,LA23,0.026706827436065863,0.04747410043276688
2022Q3,HP4,LA23,0.023108998572659085,0.04107859392005316
2022Q4,HP4,LA23,0.004858645087564633,0.008636735509165027
2023Q1,HP4,LA23,0.005821889484638842,0.010349000335733185
2023Q2,HP4,LA23,0.01706454032943609,0.030333954992521093
2023Q3,HP4,LA23,0.025887569406935356,0.04601778601098089
2019Q2,HP5,LA23,0.010317282819591702,0.015263971131293113
2019Q3,HP5,LA23,0.01957186786636969,0.02895572713490593
2019Q4,HP5,LA23,0.0073182221516561235,0.010826991331782592
2020Q1,HP5,LA23,0.004206562924577622,0.006223426862040967
2020Q3,HP5,LA23,0.015495790251215504,0.02292534761206508
2020Q4,HP5,LA23,0.007430527485384608,0.010993142187768305
2021Q2,HP5,LA23,0.01229660323792825,0.01819228959007349
2021Q3,HP5,LA23,0.04845584183164897,0.07168831016789605
2021Q4,HP5,LA23,0.03977417037377396,0.0588441548974079
2022Q1,HP5,LA23,0.00627194500205075,0.009279069801844338
2022Q2,HP5,LA23,0.0228932321356714,0.033869541092478146
2022Q3,HP5,LA23,0.039332963866854566,0.058191409062839136
2022Q4,HP5,LA23,0.011338782421677344,0.016775235357495612
2023Q1,HP5,LA23,0.009226924116016316,0.01365083285979737
2023Q2,HP5,LA23,0.01248206831255819,0.018466677100284882
2023Q3,HP5,LA23,0.02177809588457628,0.032219745517246656
2019Q2,HP6,LA23,0.017319145121102324,0.019445723549763788
2019Q3,HP6,LA23,0.021981630279489732,0.024680704653675656
2019Q4,HP6,LA23,0.0147673482677321,0.016580597366062398
2020Q3,HP6,LA23,0.03680043047862826,0.041319071616749616
2020Q4,HP6,LA23,0.004169538306176815,0.004681506429163991
2021Q2,HP6,LA23,0.039540519506507145,0.04439560994270611
2021Q3,HP6,LA23,0.01752372933396621,0.019675428192699646
2021Q4,HP6,LA23,0.006348356953406772,0.007127857261312189
2022Q2,HP6,LA23,0.006761775476096778,0.007592038503883238
2022Q3,HP6,LA23,0.009473337338001878,0.010636546878054844
2022Q4,HP6,LA23,0.005229873102845604,0.0058720373232722285
2023Q2,HP6,LA23,0.010754805967523855,0.01207536412527663
2023Q3,HP6,LA23,0.00892114670995409,0.010016554019013295
2019Q2,HP7,LA23,0.02169224439404129,0.01738503358177041
2019Q3,HP7,LA23,0.0113358574368971,0.00908501022940498
2019Q4,HP7,LA23,0.00710276230463535,0.005692438225679318
2021Q3,HP7,LA23,0.004379875870086009,0.0035102079666015323
2022Q3,HP7,LA23,0.008327258281579828,0.006673798351133655
2023Q2,HP7,LA23,0.008464385953056701,0.006783697959966677
2019Q3,HP8,LA23,0.02832305854166506,0.006878992489204782
2020Q3,HP8,LA23,0.03682485826094165,0.008943875994903627
2021Q3,HP8,LA23,0.04007923252233495,0.009734285550010591
2023Q3,HP8,LA23,0.01966169564967472,0.004775354910917453
2019Q1,HP9,LA23,0.0045313464480373255,0.007644313120453155
2019Q2,HP9,LA23,0.02089415860549034,0.03524813046196448
2019Q3,HP9,LA23,0.01298702827084259,0.0219089208351081
2019Q4,HP9,LA23,0.011553225514000528,0.019490117207542387
2020Q1,HP9,LA23,0.00822604365782769,0.013877211593518544
2020Q3,HP9,LA23,0.030008153644804664,0.050623302644826784
2020Q4,HP9,LA23,0.005958634647007684,0.010052126787135565
2021Q2,HP9,LA23,0.007934431475202192,0.013385266239242313
2021Q3,HP9,LA23,0.024795478733040482,0.04182959868120354
2021Q4,HP9,LA23,0.013029544332742136,0.02198064479034649
2022Q1,HP9,LA23,0.0065895181461622,0.011116417735834293
2022Q2,HP9,LA23,0.017621621889359756,0.029727410375086742
2022Q3,HP9,LA23,0.00894075923064703,0.015082925986215556
2022Q4,HP9,LA23,0.007354935837154081,0.012407665837248054
2023Q1,HP9,LA23,0.0026216380950939235,0.004422663929412535
2023Q2,HP9,LA23,0.01346927698908217,0.022722467149969384
2023Q3,HP9,LA23,0.014619867914238563,0.024663496688608386
2019Q2,HR1,LA23,0.012071312060548,0.011093497883202668
2019Q3,HR1,LA23,0.009323576427077549,0.008568337463141317
2019Q4,HR1,LA23,0.007822923328356988,0.007189241977035369
2020Q1,HR1,LA23,0.009607751691446774,0.008829493638868206
2020Q3,HR1,LA23,0.011253796785891123,0.010342203912555352
2021Q2,HR1,LA23,0.02067493061269676,0.01900019631974466
2021Q3,HR1,LA23,0.10679781633942648,0.09814685790156852
2021Q4,HR1,LA23,0.027524482852799008,0.025294913322778625
2022Q1,HR1,LA23,0.025686391296470587,0.023605712953590555
2022Q2,HR1,LA23,0.028662285364788983,0.026340550258925437
2022Q3,HR1,LA23,0.04696397487845535,0.043159745459954255
2022Q4,HR1,LA23,0.011310285667346579,0.010394117017254107
2023Q2,HR1,LA23,0.011739223524860707,0.010788309561568338
2023Q3,HR1,LA23,0.011440414650532266,0.01051370514423425
2019Q2,HR2,LA23,0.015017357980501874,0.020581521546578208
2019Q3,HR2,LA23,0.0076428101178999015,0.010474589559774605
2019Q4,HR2,LA23,0.004652358605301498,0.00637612947641948
2020Q3,HR2,LA23,0.01298901045017845,0.01780163986209664
2021Q3,HR2,LA23,0.007132241365338777,0.00977484718195488
2022Q3,HR2,LA23,0.004784036597282544,0.006556596202503177
2023Q2,HR2,LA23,0.010129762129109241,0.013882995783457126
2023Q3,HR2,LA23,0.008586555149369828,0.01176800673241533
2019Q4,HR3,LA23,0.01229345898428023,0.003462126887737085
2019Q1,HR4,LA23,0.005369166658599009,0.02194666267445733
2019Q2,HR4,LA23,0.007034609491746968,0.02875422041792065
2019Q3,HR4,LA23,0.011872696688799634,0.048530076608428896
2019Q4,HR4,LA23,0.003839996013425772,0.015696122422079274
2020Q1,HR4,LA23,0.002874097896013051,0.011747978974753001
2020Q3,HR4,LA23,0.010765042949057032,0.044002501934005366
2020Q4,HR4,LA23,0.002335642330834121,0.00954702240074906
2021Q2,HR4,LA23,0.0063748992733272895,0.02605763106855464
2021Q3,HR4,LA23,0.008610495459926596,0.03519571124064609
2021Q4,HR4,LA23,0.0020348140467107982,0.008317375922181174
2022Q1,HR4,LA23,0.0026823722670595205,0.010964293540449636
2022Q2,HR4,LA23,0.006041011186591721,0.024692851452546682
2022Q3,HR4,LA23,0.009004312177614703,0.03680545130055291
2022Q4,HR4,LA23,0.0022370820204245744,0.00914415357152696
2023Q1,HR4,LA23,0.0036566370439883424,0.014946636010787762
2023Q2,HR4,LA23,0.006250672952436005,0.02554985149432154
2023Q3,HR4,LA23,0.008624628569764576,0.03525348083765765
2021Q3,HR5,LA23,0.04541565702904203,0.010398961276327669
2019Q1,HR6,LA23,0.007025393138385224,0.010334178349015571
2019Q2,HR6,LA23,0.013069551244086028,0.019224984401232725
2019Q3,HR6,LA23,0.008768249011196133,0.012897875934542712
2019Q4,HR6,LA23,0.008810077945365067,0.012959405255014357
2020Q1,HR6,LA23,0.003689253010479114,0.005426799302750029
2020Q4,HR6,LA23,0.0030652105331479807,0.004508848359497377
2021Q2,HR6,LA23,0.011102362521043605,0.01633129877970959
2021Q3,HR6,LA23,0.01978503670922197,0.029103296280713963
2021Q4,HR6,LA23,0.005784042101444632,0.008508181887780084
2022Q1,HR6,LA23,0.0067799737866748935,0.009973172594473943
2022Q2,HR6,LA23,0.008293090014003312,0.012198928882839546
2022Q3,HR6,LA23,0.016945977675617202,0.024927111145059168
2022Q4,HR6,LA23,0.010710615628768157,0.015755048857078558
2023Q2,HR6,LA23,0.008398375063345096,0.012353800568445029
2023Q3,HR6,LA23,0.01714637316869211,0.02522188792480405
2022Q3,HR7,LA23,0.01405018073134975,0.004624459855894746
2023Q2,HR7,LA23,0.02289019594384157,0.007534051999748974
2019Q1,HR8,LA23,0.003308228980473139,0.003278695764309866
2019Q2,HR8,LA23,0.0072438593156570405,0.007179191947017088
2019Q3,HR8,LA23,0.007932687640212741,0.007861870964517995
2020Q1,HR8,LA23,0.005149287188319747,0.005103318480434941
2020Q3,HR8,LA23,0.011916832149917884,0.011810448226089664
2020Q4,HR8,LA23,0.01726462620872228,0.01711050146681056
2021Q2,HR8,LA23,0.01757905642253663,0.01742212469975156
2021Q3,HR8,LA23,0.03462686439565421,0.03431774351034387
2021Q4,HR8,LA23,0.013871770999009086,0.013747934948391282
2022Q1,HR8,LA23,0.007188195683837936,0.007124025235477879
2022Q2,HR8,LA23,0.01267037035838387,0.01255725944953458
2022Q3,HR8,LA23,0.022569377616447683,0.022367896306734424
2022Q4,HR8,LA23,0.017860511588405712,0.017701067259539578
2023Q1,HR8,LA23,0.00318544799442916,0.0031570108684769887
2023Q2,HR8,LA23,0.01980698781457291,0.019630166906430255
2023Q3,HR8,LA23,0.013535965366947034,0.013415127119800231
2019Q1,HR9,LA23,0.004810000418758907,0.00733543737773298
2019Q2,HR9,LA23,0.01301016100650104,0.0198410006296915
2019Q3,HR9,LA23,0.022351247719889347,0.034086520517549124
2019Q4,HR9,LA23,0.005787835504628528,0.008826673846273147
2020Q3,HR9,LA23,0.00828440848823136,0.012634044570969229
2020Q4,HR9,LA23,0.01268601756494513,0.0193466692970656
2021Q2,HR9,LA23,0.00771212013324798,0.011761282611611731
2021Q3,HR9,LA23,0.032336733681138985,0.049314774275971515
2021Q4,HR9,LA23,0.01033859702644028,0.015766761841704183
2022Q1,HR9,LA23,0.006688297166976247,0.01019991284006628
2022Q2,HR9,LA23,0.012519086300104069,0.01909209263739385
2022Q3,HR9,LA23,0.01600932937169436,0.024414848823623672
2022Q4,HR9,LA23,0.01327589509892767,0.02024625543726326
2023Q1,HR9,LA23,0.003185774857216732,0.004858430338910308
2023Q2,HR9,LA23,0.010924776565916255,0.016660708396711733
2023Q3,HR9,LA23,0.01320624953572076,0.020140043249516088
2021Q3,HS1,LA23,0.00430662757549846,0.00413692494644668
2021Q4,HS1,LA23,0.009606194853812094,0.009227662813765207
2019Q1,HU10,LA23,0.020794602227715592,0.022440126378592443
2019Q2,HU10,LA23,0.0375253576830185,0.04049482455050196
2019Q3,HU10,LA23,0.04547891699495731,0.0490777670932382
2019Q4,HU10,LA23,0.04327198836969762,0.046696199188402086
2020Q1,HU10,LA23,0.026983168043336482,0.0291184074769285
2020Q3,HU10,LA23,0.06557001424179229,0.070758718542392
2020Q4,HU10,LA23,0.01327044895601143,0.014320569752310709
2021Q2,HU10,LA23,0.03321863419101608,0.03584730023722713
2021Q3,HU10,LA23,0.033182922938177095,0.03580876307176134
2021Q4,HU10,LA23,0.03925115590183022,0.042357189105976266
2022Q1,HU10,LA23,0.02025156338295012,0.02185411563544005
2022Q2,HU10,LA23,0.02192731224740776,0.023662470317362874
2022Q3,HU10,LA23,0.022012536850805862,0.02375443893738629
2022Q4,HU10,LA23,0.013779853562643371,0.014870284703598503
2023Q1,HU10,LA23,0.01468074194101678,0.01584246242752535
2023Q2,HU10,LA23,0.04473072269767218,0.04827036648018665
2023Q3,HU10,LA23,0.026707059088459432,0.028820449392717395
2019Q2,HU11,LA23,0.025317803749209663,0.008841278925868062
2019Q3,HU11,LA23,0.06829049082956258,0.02384785360489436
2019Q4,HU11,LA23,0.024378650334917987,0.008513315356350575
2020Q1,HU11,LA23,0.010439592913451284,0.0036456303135385375
2020Q3,HU11,LA23,0.04079375177788253,0.014245664492606096
2020Q4,HU11,LA23,0.03520065426164015,0.012292488155096079
2021Q2,HU11,LA23,0.019347885418590997,0.00675651226725535
2021Q3,HU11,LA23,0.1283418566661086,0.04481850652959055
2021Q4,HU11,LA23,0.008553625441938297,0.0029870279866569672
2022Q2,HU11,LA23,0.03195378392589895,0.011158642322385923
2022Q3,HU11,LA23,0.02593438198284296,0.009056595396331704
2023Q2,HU11,LA23,0.028986216490483913,0.010122332392515077
2023Q3,HU11,LA23,0.024573479118614742,0.00858135189050312
2019Q1,HU12,LA23,0.007812557145630084,0.006437948006388054
2019Q2,HU12,LA23,0.029934916211165914,0.02466790713343655
2019Q3,HU12,LA23,0.040293692089149104,0.03320407004004452
2019Q4,HU12,LA23,0.03544455802019806,0.029208134723350727
2020Q1,HU12,LA23,0.021840713230565,0.01799786850576297
2020Q3,HU12,LA23,0.060053297045672624,0.04948699853139273
2021Q2,HU12,LA23,0.049633980474191035,0.04090094698656451
2021Q3,HU12,LA23,0.049544134575434,0.04082690935535069
2021Q4,HU12,LA23,0.026252024023346424,0.02163301497503783
2022Q1,HU12,LA23,0.028601002931084443,0.023568694137983643
2022Q2,HU12,LA23,0.024525034936202863,0.020209887343024445
2022Q3,HU12,LA23,0.038532747569565116,0.031752961389203235
2022Q4,HU12,LA23,0.0325324629227894,0.026808418922582327
2023Q1,HU12,LA23,0.02558809441798061,0.021085902909222392
2023Q2,HU12,LA23,0.013761250592728914,0.01133997667696041
2023Q3,HU12,LA23,0.02557932040443012,0.02107867267179916
2019Q1,HU13,LA23,0.02406871256713727,0.006642997539710717
2019Q2,HU13,LA23,0.069042924481183,0.019055941450277725
2019Q3,HU13,LA23,0.05109866424329868,0.01410330111774279
2019Q4,HU13,LA23,0.04034269143920968,0.01113463793414082
2020Q1,HU13,LA23,0.03459677684107314,0.009548757657730634
2020Q3,HU13,LA23,0.1322634409265229,0.03650489033086945
2020Q4,HU13,LA23,0.046071316424713904,0.012715746253851672
2021Q2,HU13,LA23,0.0667234967501763,0.01841577622882538
2021Q3,HU13,LA23,0.18140733108705984,0.05006867113209119
2021Q4,HU13,LA23,0.12901666124523792,0.03560877470463493
2022Q1,HU13,LA23,0.09673931213517148,0.026700182268356645
2022Q2,HU13,LA23,0.12287177573741953,0.033912777912269036
2022Q3,HU13,LA23,0.08011403977006995,0.022111584390081096
2022Q4,HU13,LA23,0.030247915336392518,0.008348465943101045
2023Q1,HU13,LA23,0.09337857818880996,0.025772615109331102
2023Q2,HU13,LA23,0.048957371915170286,0.013512301510768378
2023Q3,HU13,LA23,0.06484259646684355,0.01789664518183782
2019Q1,HU14,LA23,0.0432873781364058,0.00894083929518587
2019Q2,HU14,LA23,0.04804426749743588,0.009923356258627924
2019Q3,HU14,LA23,0.061986584545082275,0.01280308752192423
2019Q4,HU14,LA23,0.04090945853750395,0.008449689267026194
2020Q3,HU14,LA23,0.12829179033139115,0.02649816943475174
2020Q4,HU14,LA23,0.016324087245044937,0.0033716766175725396
2021Q2,HU14,LA23,0.02827739514195376,0.0058405857904812
2021Q3,HU14,LA23,0.08513253210860203,0.017583792808534872
2021Q4,HU14,LA23,0.06018030379573242,0.01243000727088582
2022Q2,HU14,LA23,0.0399636115249568,0.008254328251850653
2022Q3,HU14,LA23,0.0564655264096664,0.011662734475533176
2023Q2,HU14,LA23,0.11800264109386395,0.0243729857489432
2023Q3,HU14,LA23,0.155101057282885,0.03203551906770288
2019Q1,HU15,LA23,0.028259259803537717,0.022606494141700854
2019Q2,HU15,LA23,0.06014399755638654,0.048113253420979975
2019Q3,HU15,LA23,0.04916534209549305,0.0393306840229885
2019Q4,HU15,LA23,0.023664890880811126,0.01893114755235286
2020Q1,HU15,LA23,0.023347470629072768,0.018677221614049198
2020Q3,HU15,LA23,0.11697731634820135,0.0935780708738326
2020Q4,HU15,LA23,0.04762975836057429,0.03810226668478256
2021Q2,HU15,LA23,0.061354659365052626,0.049081743723820966
2021Q3,HU15,LA23,0.12973106683874785,0.10378065890174548
2021Q4,HU15,LA23,0.09618086696209983,0.07694158377248868
2022Q1,HU15,LA23,0.03482647874190918,0.02786005695579041
2022Q2,HU15,LA23,0.051376799589665616,0.041099778515703206
2022Q3,HU15,LA23,0.049470651210063714,0.03957492144314504
2022Q4,HU15,LA23,0.019715033294971263,0.015771389193655047
2023Q1,HU15,LA23,0.007897094104680737,0.006317419948542892
2023Q2,HU15,LA23,0.03364745050047215,0.026916872483930702
2023Q3,HU15,LA23,0.023010347184031745,0.0184075337581629
2019Q2,HU16,LA23,0.039245484017484566,0.011333035649034113
2019Q3,HU16,LA23,0.10979221164675804,0.03170502491508727
2020Q3,HU16,LA23,0.09752519678853198,0.028162642391952382
2020Q4,HU16,LA23,0.03344097314965883,0.009656849707207848
2021Q2,HU16,LA23,0.06703167228383045,0.019356936234206583
2021Q3,HU16,LA23,0.2071636764043689,0.05982327364926105
2021Q4,HU16,LA23,0.09682088375436068,0.027959255813237056
2022Q1,HU16,LA23,0.04982169691347847,0.014387160238978609
2022Q2,HU16,LA23,0.07060656794749846,0.020389269533494656
2022Q3,HU16,LA23,0.10752428862382027,0.03105011000929153
2022Q4,HU16,LA23,0.02657085393720702,0.007672944860649127
2023Q2,HU16,LA23,0.07718023972573099,0.0222875683689624
2023Q3,HU16,LA23,0.08958646469664783,0.025870151012170408
2019Q1,HU17,LA23,0.015464293660343891,0.04571071782761652
2019Q2,HU17,LA23,0.03830654670194705,0.11322985619015832
2019Q3,HU17,LA23,0.040902853220589216,0.12090424709829208
2019Q4,HU17,LA23,0.023161192968838826,0.0684618890201561
2020Q1,HU17,LA23,0.0137946960981593,0.040775574669645785
2020Q3,HU17,LA23,0.04362645196879918,0.12895489956193049
2020Q4,HU17,LA23,0.017317882796473314,0.051189719444562236
2021Q2,HU17,LA23,0.026777843081676,0.07915230116701398
2021Q3,HU17,LA23,0.0502379917826012,0.14849786980503665
2021Q4,HU17,LA23,0.042520447846559145,0.12568567540864506
2022Q1,HU17,LA23,0.02636588002818239,0.07793458458019441
2022Q2,HU17,LA23,0.031977794256714064,0.0945227736955512
2022Q3,HU17,LA23,0.03451099279067428,0.10201062447816577
2022Q4,HU17,LA23,0.019022581117579845,0.05622861650955624
2023Q1,HU17,LA23,0.014193988633798154,0.04195583862661305
2023Q2,HU17,LA23,0.026909293589304224,0.0795408541261381
2023Q3,HU17,LA23,0.025864905363736212,0.07645375965354369
2019Q1,HU18,LA23,0.024367988574579058,0.00905001588027657
2019Q2,HU18,LA23,0.03763489425723083,0.01397720577708175
2019Q3,HU18,LA23,0.01720549093021553,0.006389939229897839
2019Q4,HU18,LA23,0.007996704445105494,0.002969892323963924
2020Q3,HU18,LA23,0.01816273593354068,0.006745450003997816
2020Q4,HU18,LA23,0.013636604332502177,0.0050644921054722215
2021Q2,HU18,LA23,0.014033752961093451,0.005211988948906014
2021Q3,HU18,LA23,0.07319585501427399,0.02718417436146733
2021Q4,HU18,LA23,0.024872600949730324,0.009237423634286562
2022Q2,HU18,LA23,0.02551835683259173,0.009477250609614938
2022Q3,HU18,LA23,0.042661744619414806,0.01584412538213269
2023Q2,HU18,LA23,0.02339030209772348,0.008686913356882207
2023Q3,HU18,LA23,0.03834177987998324,0.01423973569791905
2021Q3,HU19,LA23,0.06984279899925341,0.010154434646674195
2021Q4,HU19,LA23,0.023173184669812955,0.003369146034474412
2022Q3,HU19,LA23,0.08296903208564581,0.012062855814534451
2023Q2,HU19,LA23,0.02614902777604414,0.0038018034418802
2023Q3,HU19,LA23,0.021010924337945776,0.003054775311312586
2019Q2,HU2,LA23,0.02343576721613158,0.004832546088935161
2019Q3,HU2,LA23,0.025659496766457842,0.0052910877463160965
2019Q4,HU2,LA23,0.03898749801802698,0.008039373293258172
2020Q1,HU2,LA23,0.022609670271860272,0.004662201695243982
2020Q3,HU2,LA23,0.02362861667256164,0.0048723123947629005
2021Q3,HU2,LA23,0.020426614425071984,0.004212047113273988
2022Q2,HU2,LA23,0.026226123532986888,0.005407928383075414
2023Q2,HU2,LA23,0.03503478543196139,0.007224308628538011
2023Q3,HU2,LA23,0.061632231827419975,0.012708805225925376
2019Q1,HU3,LA23,0.007771248035224464,0.01851099845568925
2019Q2,HU3,LA23,0.016470473333859433,0.03923242509640687
2019Q3,HU3,LA23,0.019711199898298188,0.046951788081313096
2019Q4,HU3,LA23,0.008481800820752934,0.02020352473409201
2020Q1,HU3,LA23,0.00927008976262035,0.022081217392903557
2020Q3,HU3,LA23,0.01671357715116463,0.03981149481163297
2020Q4,HU3,LA23,0.00956877144101755,0.022792672755348898
2021Q2,HU3,LA23,0.013719202263745352,0.03267893789599568
2021Q3,HU3,LA23,0.01769163823259905,0.04214122191414454
2021Q4,HU3,LA23,0.009332436527602852,0.022229726469576598
2022Q1,HU3,LA23,0.010126371281683873,0.02412086736999534
2022Q2,HU3,LA23,0.008801092749112708,0.020964073408641048
2022Q3,HU3,LA23,0.014484968664416556,0.0345029821931269
2022Q4,HU3,LA23,0.002301943337866737,0.005483195154651186
2023Q1,HU3,LA23,0.0056704898766683645,0.013507023437449424
2023Q2,HU3,LA23,0.01163650463350697,0.02771798279042404
2023Q3,HU3,LA23,0.009331343789755059,0.02222712358410424
2019Q1,HU4,LA23,0.007609042536816519,0.013857328440604676
2019Q2,HU4,LA23,0.02412138502052489,0.0439290427217854
2019Q3,HU4,LA23,0.04848343839748771,0.0882963824361667
2019Q4,HU4,LA23,0.01864604095754545,0.0339575330819188
2020Q1,HU4,LA23,0.012932926721899104,0.023553004522775246
2020Q3,HU4,LA23,0.04495611054126185,0.08187253339275394
2020Q4,HU4,LA23,0.016228082267262373,0.029554029281677812
2021Q2,HU4,LA23,0.017989661885129026,0.032762157928737004
2021Q3,HU4,LA23,0.044389853073780114,0.08084128462907934
2021Q4,HU4,LA23,0.022144704585241433,0.040329179811135867
2022Q1,HU4,LA23,0.014137300733925037,0.0257463693474848
2022Q2,HU4,LA23,0.020529106086909967,0.037386906994128666
2022Q3,HU4,LA23,0.03146820147778474,0.057308813980586064
2022Q4,HU4,LA23,0.011475259388514871,0.02089835055046393
2023Q1,HU4,LA23,0.01435573644773591,0.026144177010510642
2023Q2,HU4,LA23,0.0245472195291282,0.04470455798780052
2023Q3,HU4,LA23,0.02238191894184266,0.04076118649717357
2019Q1,HU5,LA23,0.006623022190484364,0.02071419640329439
2019Q2,HU5,LA23,0.01779170579929341,0.055645425558998915
2019Q3,HU5,LA23,0.036320975118197714,0.11359765836787775
2019Q4,HU5,LA23,0.013560904595264305,0.04241315114363203
2020Q1,HU5,LA23,0.010144047097926313,0.031726571022608466
2020Q3,HU5,LA23,0.05604241339827845,0.17527852461591378
2020Q4,HU5,LA23,0.013210073566472113,0.0413158903122834
2021Q2,HU5,LA23,0.02885696175767967,0.09025317389238834
2021Q3,HU5,LA23,0.07078332715496004,0.2213822781498568
2021Q4,HU5,LA23,0.021266657549092842,0.0665137015464681
2022Q1,HU5,LA23,0.014581010078099909,0.04560363801137855
2022Q2,HU5,LA23,0.03312697022481049,0.1036080731344531
2022Q3,HU5,LA23,0.039981051728208525,0.12504493176819886
2022Q4,HU5,LA23,0.014428896993660487,0.04512788838893034
2023Q1,HU5,LA23,0.009442338805361852,0.02953190475516274
2023Q2,HU5,LA23,0.03925562489086673,0.1227760832647908
2023Q3,HU5,LA23,0.03019699018512882,0.09444425331713496
2019Q1,HU6,LA23,0.0073508143302002645,0.014622504467104587
2019Q2,HU6,LA23,0.022560098825717842,0.0448773606622156
2019Q3,HU6,LA23,0.027976209035674285,0.05565128205131172
2019Q4,HU6,LA23,0.013670106314827258,0.027193067553497898
2020Q1,HU6,LA23,0.00813401529927753,0.01618047602706112
2020Q3,HU6,LA23,0.024021858310281623,0.04778514524671402
2020Q4,HU6,LA23,0.004208669324828046,0.008372036517100756
2021Q2,HU6,LA23,0.005829736858745164,0.01159672240785913
2021Q3,HU6,LA23,0.014931994714884085,0.029703261382093175
2021Q4,HU6,LA23,0.004839286403605221,0.009626482710030304
2022Q1,HU6,LA23,0.002712634802495568,0.0053960707937013245
2022Q2,HU6,LA23,0.005269959704264054,0.01048319354230824
2022Q3,HU6,LA23,0.010534939896148137,0.020956481659346663
2022Q4,HU6,LA23,0.003497180603383482,0.006956717541504453
2023Q1,HU6,LA23,0.00922369253395993,0.018348101206543992
2023Q2,HU6,LA23,0.02565041328617154,0.051024725426564235
2023Q3,HU6,LA23,0.02067257285926381,0.041122626065960594
2019Q1,HU7,LA23,0.0064470367706365725,0.010842536342242526
2019Q2,HU7,LA23,0.014117695420067354,0.023742942859883362
2019Q3,HU7,LA23,0.012517296710911526,0.02105141467671361
2019Q4,HU7,LA23,0.0059284312361030005,0.009970352801878888
2020Q1,HU7,LA23,0.0100591331319046,0.016917309522861988
2020Q3,HU7,LA23,0.016980709228594522,0.028557919471880088
2020Q4,HU7,LA23,0.005213741821688171,0.008768398132641953
2021Q2,HU7,LA23,0.01234868435026818,0.02076784476497472
2021Q3,HU7,LA23,0.04110229380213029,0.069125263303737
2021Q4,HU7,LA23,0.015005812234491172,0.0252365653067732
2022Q1,HU7,LA23,0.0071698515639809285,0.012058156160209357
2022Q2,HU7,LA23,0.022091314626727518,0.03715286420873888
2022Q3,HU7,LA23,0.03218634559675991,0.054130546214084786
2022Q4,HU7,LA23,0.012046282681536593,0.02025926986462507
2023Q1,HU7,LA23,0.005002095046714386,0.008412453544296584
2023Q2,HU7,LA23,0.007858875098919959,0.013216946312029632
2023Q3,HU7,LA23,0.02971790706767808,0.04997916079279166
2019Q1,HU8,LA23,0.009239820216076184,0.021184812557172108
2019Q2,HU8,LA23,0.02061912570213148,0.04727497969413126
2019Q3,HU8,LA23,0.029623033333570418,0.06791889818967191
2019Q4,HU8,LA23,0.009545582603543462,0.02188585637772801
2020Q1,HU8,LA23,0.007285823226117962,0.016704740542619168
2020Q3,HU8,LA23,0.03473499824903896,0.07963947456459088
2020Q4,HU8,LA23,0.008100054336308258,0.018571587845295882
2021Q2,HU8,LA23,0.013640010910471716,0.031273452043294965
2021Q3,HU8,LA23,0.03566086290415852,0.08176227227204975
2021Q4,HU8,LA23,0.017745255687996227,0.04068584742322357
2022Q1,HU8,LA23,0.008677710628967663,0.019896022736482243
2022Q2,HU8,LA23,0.018175360184970873,0.04167197950537723
2022Q3,HU8,LA23,0.022554580171067547,0.05171253791263564
2022Q4,HU8,LA23,0.0061534680477789575,0.014108506888687516
2023Q1,HU8,LA23,0.005770539760751817,0.013230539158385296
2023Q2,HU8,LA23,0.01489525759293201,0.034151448049609685
2023Q3,HU8,LA23,0.021935108601409216,0.050292230073217314
2019Q1,HU9,LA23,0.009486970821071396,0.015941588982597763
2019Q2,HU9,LA23,0.012365526495741677,0.020778617818735325
2019Q3,HU9,LA23,0.02969335596380583,0.049895723852927634
2019Q4,HU9,LA23,0.006241689735112407,0.010488327010878729
2020Q1,HU9,LA23,0.0030519144312210486,0.0051283351019193
2020Q3,HU9,LA23,0.014334389732835287,0.024087029858854647
2020Q4,HU9,LA23,0.00747899537010222,0.012567454084301329
2021Q2,HU9,LA23,0.009192876231589014,0.01544740225472033
2021Q3,HU9,LA23,0.0277897227775762,0.04669692221214442
2021Q4,HU9,LA23,0.011240222062861979,0.01888769382543928
2022Q1,HU9,LA23,0.008925028562309156,0.014997319975124572
2022Q2,HU9,LA23,0.013947398256931184,0.023436742305009785
2022Q3,HU9,LA23,0.017211998797268754,0.028922468042759095
2023Q1,HU9,LA23,0.005979822921419681,0.010048294761301254
2023Q2,HU9,LA23,0.010124512815564514,0.01701289326159702
2023Q3,HU9,LA23,0.010244517176949495,0.017214544583330767
2019Q1,HX1,LA23,0.035229232767523135,0.119275130002091
2019Q2,HX1,LA23,0.03720829325186496,0.12597560792931636
2019Q3,HX1,LA23,0.03613704692255612,0.122348703930704
2019Q4,HX1,LA23,0.03024409231298095,0.1023970083660629
2020Q1,HX1,LA23,0.020021626568404116,0.06778694635669805
2020Q2,HX1,LA23,0.0009796534120908693,0.003316799115530262
2020Q3,HX1,LA23,0.031679617490950183,0.10725724626432903
2020Q4,HX1,LA23,0.015795752744491014,0.053479463334123366
2021Q2,HX1,LA23,0.025053727345856616,0.08482406091366287
2021Q3,HX1,LA23,0.05198789636241257,0.17601470739034655
2021Q4,HX1,LA23,0.019631913547580853,0.0664675003293337
2022Q1,HX1,LA23,0.01461555163233158,0.04948367262217805
2022Q2,HX1,LA23,0.022917064686399674,0.0775899914646035
2022Q3,HX1,LA23,0.024970313511710324,0.0845416478399117
2022Q4,HX1,LA23,0.014708276380888462,0.04979760953109448
2023Q1,HX1,LA23,0.024152213006766586,0.08177181618544843
2023Q2,HX1,LA23,0.034517609829669366,0.11686579798554972
2023Q3,HX1,LA23,0.031753207883287116,0.10750640024593336
2019Q1,HX2,LA23,0.04235455925764565,0.028566089640168338
2019Q2,HX2,LA23,0.0375794710933363,0.0253455249847412
2019Q3,HX2,LA23,0.05014673386194159,0.03382153231598793
2019Q4,HX2,LA23,0.03634246994101235,0.024511227888475262
2020Q1,HX2,LA23,0.05532886712334548,0.03731662908637492
2020Q2,HX2,LA23,0.0041293047392639,0.0027850151530520594
2020Q3,HX2,LA23,0.09795368202749503,0.06606499301198276
2020Q4,HX2,LA23,0.04905809995069713,0.033087301705659426
2021Q2,HX2,LA23,0.05789399092721127,0.03904668029700421
2021Q3,HX2,LA23,0.11524500492084765,0.07772714906852209
2021Q4,HX2,LA23,0.0674139363584424,0.045467420338324994
2022Q1,HX2,LA23,0.07620855465589903,0.05139896251559037
2022Q2,HX2,LA23,0.06723190776353417,0.045344650906878635
2022Q3,HX2,LA23,0.07516483828368081,0.050695026600065175
2022Q4,HX2,LA23,0.04297933113698909,0.028987467877193893
2023Q1,HX2,LA23,0.0548746532501852,0.03701028392675288
2023Q2,HX2,LA23,0.06044582171236764,0.040767766013228714
2023Q3,HX2,LA23,0.0571919265761783,0.03857317204815721
2019Q1,HX3,LA23,0.0416865939913609,0.07232659552761836
2019Q2,HX3,LA23,0.07303024867170517,0.1267081032826633
2019Q3,HX3,LA23,0.062301629136173715,0.1080938570365704
2019Q4,HX3,LA23,0.07519843412835371,0.13046992351159306
2020Q1,HX3,LA23,0.031030109784693317,0.05383750469132148
2020Q2,HX3,LA23,0.001897021629428872,0.0032913486798005092
2020Q3,HX3,LA23,0.1047049507538372,0.18166398109860926
2020Q4,HX3,LA23,0.044332431175009866,0.07691714556999818
2021Q2,HX3,LA23,0.07518818266047357,0.13045213712753195
2021Q3,HX3,LA23,0.1434762523123095,0.2489325194320621
2021Q4,HX3,LA23,0.06414826855150875,0.11129779214592413
2022Q1,HX3,LA23,0.05568418160164563,0.09661252921798592
2022Q2,HX3,LA23,0.0714355203268393,0.12394123602554355
2022Q3,HX3,LA23,0.1105481207549795,0.19180193080395846
2022Q4,HX3,LA23,0.06847422130639105,0.11880335701022555
2023Q1,HX3,LA23,0.03624323123754388,0.06288231480065333
2023Q2,HX3,LA23,0.06702426369085683,0.11628766820118865
2023Q3,HX3,LA23,0.08010292805632509,0.13897926223736085
2019Q1,HX4,LA23,0.06853587900445349,0.008015441207387295
2019Q2,HX4,LA23,0.04533902484600948,0.00530251152144479
2019Q3,HX4,LA23,0.0742562694827884,0.008684455076158313
2019Q4,HX4,LA23,0.04285996229136525,0.005012579000773467
2020Q1,HX4,LA23,0.04360986325864292,0.005100281780717186
2020Q3,HX4,LA23,0.06373230891727505,0.007453651759602711
2020Q4,HX4,LA23,0.09717616104161132,0.01136499329844477
2021Q2,HX4,LA23,0.07627970383225237,0.008921100747020466
2021Q3,HX4,LA23,0.09810967337515564,0.011474169883535466
2021Q4,HX4,LA23,0.07263405997072196,0.008494733646172887
2022Q1,HX4,LA23,0.02304971777739531,0.0026957217208752296
2022Q2,HX4,LA23,0.30267251843905263,0.03539830249324485
2022Q3,HX4,LA23,0.1679907992920545,0.01964694105725214
2022Q4,HX4,LA23,0.14832089073816046,0.017346496416304626
2023Q1,HX4,LA23,0.07815167426004857,0.009140032336195723
2023Q2,HX4,LA23,0.1074342869690955,0.012564706594080502
2023Q3,HX4,LA23,0.17307936884000374,0.0202420618995578
2019Q1,HX5,LA23,0.029348337631798237,0.03335380825707951
2019Q2,HX5,LA23,0.05401020424994234,0.0613815344187145
2019Q3,HX5,LA23,0.04828310814980987,0.054872802387953085
2019Q4,HX5,LA23,0.03780375841455121,0.042963227606791
2020Q1,HX5,LA23,0.037395320861504135,0.042499046364219945
2020Q3,HX5,LA23,0.0605846492237561,0.06885326177187527
2020Q4,HX5,LA23,0.032250343703798576,0.03665188105768361
2021Q2,HX5,LA23,0.02850747795288497,0.03239818777685185
2021Q3,HX5,LA23,0.06875486353449818,0.07813854957790359
2021Q4,HX5,LA23,0.048069791776699775,0.05463037252715234
2022Q1,HX5,LA23,0.026267815084120315,0.029852854994379705
2022Q2,HX5,LA23,0.055419695525294035,0.06298339351983001
2022Q3,HX5,LA23,0.059210148704506575,0.0672911689765875
2022Q4,HX5,LA23,0.03808050348554105,0.04327774293470129
2023Q1,HX5,LA23,0.03824228801784615,0.0434616078723739
2023Q2,HX5,LA23,0.031977479425758244,0.036341776174601485
2023Q3,HX5,LA23,0.033042470802395,0.03755211791924937
2019Q1,HX6,LA23,0.04518919172640781,0.016145987794552338
2019Q2,HX6,LA23,0.032118217210108366,0.011475760535768577
2019Q3,HX6,LA23,0.03852348645545115,0.013764347587342005
2019Q4,HX6,LA23,0.03532722614109898,0.012622331586343606
2020Q1,HX6,LA23,0.0369566207628884,0.013204510303661687
2020Q3,HX6,LA23,0.18455464050992126,0.06594092213780023
2020Q4,HX6,LA23,0.05844471764547327,0.02088215481863591
2021Q2,HX6,LA23,0.10651590616814596,0.03805787302700396
2021Q3,HX6,LA23,0.17830316410021688,0.06370728489064331
2021Q4,HX6,LA23,0.11239241136148477,0.04015753397470851
2022Q1,HX6,LA23,0.1015483975770274,0.036282994344350665
2022Q2,HX6,LA23,0.13092303154294546,0.0467784792902784
2022Q3,HX6,LA23,0.11858398950888795,0.04236976971909268
2022Q4,HX6,LA23,0.05169220036597864,0.018469496892879942
2023Q1,HX6,LA23,0.07347392014923619,0.02625205215286516
2023Q2,HX6,LA23,0.1302024311643821,0.04652101053563735
2023Q3,HX6,LA23,0.06781414143875086,0.02422982704796334
2019Q1,HX7,LA23,0.036137549127349344,0.013487718703529413
2019Q2,HX7,LA23,0.035981411420849915,0.01342944298989822
2019Q3,HX7,LA23,0.07412356723164361,0.02766534666198296
2019Q4,HX7,LA23,0.05900629899082922,0.022023086284020818
2020Q1,HX7,LA23,0.04531790385564738,0.016914128218395767
2020Q2,HX7,LA23,0.005965196521385976,0.0022264070097336914
2020Q3,HX7,LA23,0.12710829740258645,0.0474409859453685
2020Q4,HX7,LA23,0.07726046286606711,0.028836139007925792
2021Q2,HX7,LA23,0.12177985601924468,0.04545223683973623
2021Q3,HX7,LA23,0.04763807917915077,0.01778009375457543
2021Q4,HX7,LA23,0.0751593840016839,0.028051947457002804
2022Q1,HX7,LA23,0.10418453127527798,0.038885084490595134
2022Q2,HX7,LA23,0.048709540289136335,0.018179998186454008
2022Q3,HX7,LA23,0.06521306340304,0.024339654354422133
2022Q4,HX7,LA23,0.08005195709765131,0.029878016220612518
2023Q1,HX7,LA23,0.022658758208584852,0.00845699180682365
2023Q2,HX7,LA23,0.040173108310719366,0.014993921763535659
2023Q3,HX7,LA23,0.060497743410604835,0.02257974226323492
2019Q1,IG1,LA23,0.00187741342171773,0.005491076113442501
2019Q2,IG1,LA23,0.009965054141654016,0.029145882379136755
2019Q3,IG1,LA23,0.01295799909983758,0.0378996754321838
2019Q4,IG1,LA23,0.003396282558435671,0.00993347859102044
2020Q1,IG1,LA23,0.0024250438371617674,0.0070927906098095465
2020Q3,IG1,LA23,0.008133348688976867,0.023788493355649684
2020Q4,IG1,LA23,0.002529289648651295,0.007397689721946948
2021Q2,IG1,LA23,0.002129165696844443,0.006227403492623741
2021Q3,IG1,LA23,0.018397840704610643,0.05381017439386169
2021Q4,IG1,LA23,0.0036982419104263226,0.010816652092267379
2022Q1,IG1,LA23,0.0018551898067001612,0.005426076279007708
2022Q2,IG1,LA23,0.004585332483179869,0.013411222791591692
2022Q3,IG1,LA23,0.011228388786228906,0.03284089521427592
2022Q4,IG1,LA23,0.002734394580576505,0.00799758252095193
2023Q1,IG1,LA23,0.002480368031165458,0.007254603323341323
2023Q2,IG1,LA23,0.0123045654894267,0.035988506774102716
2023Q3,IG1,LA23,0.013238427007245026,0.03871987356547445
2019Q1,IG10,LA23,0.003012304975983157,0.006759548966973105
2019Q2,IG10,LA23,0.023023044675996463,0.05166322769340924
2019Q3,IG10,LA23,0.020087940285342814,0.04507691521509661
2019Q4,IG10,LA23,0.010206265363165868,0.02290264466655615
2020Q1,IG10,LA23,0.003375109062297955,0.007573673700828246
2020Q3,IG10,LA23,0.03802183602517913,0.08532019980564458
2020Q4,IG10,LA23,0.01469179336211274,0.03296807509055045
2021Q2,IG10,LA23,0.013356893424632987,0.029972587726108307
2021Q3,IG10,LA23,0.035396049505628684,0.07942799011996153
2021Q4,IG10,LA23,0.012614852740101035,0.028307464047539574
2022Q1,IG10,LA23,0.0056763695820826274,0.012737653873244045
2022Q2,IG10,LA23,0.02016398092865568,0.045247548818284716
2022Q3,IG10,LA23,0.01683140307363442,0.03776931425144305
2022Q4,IG10,LA23,0.005452758537764271,0.012235875396072227
2023Q1,IG10,LA23,0.008973665867431183,0.02013671734030141
2023Q2,IG10,LA23,0.011228206500434644,0.02519585907008044
2023Q3,IG10,LA23,0.009075708544283663,0.020365698959494943
2019Q2,IG11,LA23,0.0043048540530723975,0.011304620815960837
2019Q3,IG11,LA23,0.0074941773370194795,0.019679838637527813
2019Q4,IG11,LA23,0.002144800359958854,0.005632282650318086
2020Q3,IG11,LA23,0.005937043299901251,0.015590777862822884
2021Q4,IG11,LA23,0.004100668640301311,0.010768426408654469
2022Q2,IG11,LA23,0.002854933877514391,0.007497105486516294
2022Q3,IG11,LA23,0.003077869326166965,0.008082537810674827
2022Q4,IG11,LA23,0.002817516405028427,0.007398846559934664
2023Q1,IG11,LA23,0.00037824962252551035,0.000993290017202658
2023Q2,IG11,LA23,0.001919276800626604,0.005040053902981722
2023Q3,IG11,LA23,0.0020088144169064814,0.005275181223985001
2019Q2,IG2,LA23,0.01113083755861863,0.009786849376077437
2019Q3,IG2,LA23,0.017934825156692084,0.015769292424802312
2019Q4,IG2,LA23,0.006870512772311947,0.0060409356694787674
2020Q3,IG2,LA23,0.01896444407713729,0.01667459045256432
2020Q4,IG2,LA23,0.016489526686462464,0.014498505895296275
2021Q2,IG2,LA23,0.005871648382355235,0.005162678729679618
2021Q3,IG2,LA23,0.06382551852743072,0.05611893380784591
2021Q4,IG2,LA23,0.012384948105356905,0.010889532885493488
2022Q1,IG2,LA23,0.0058423740164357,0.005136939084452939
2022Q2,IG2,LA23,0.014021105573618095,0.012328133225592577
2022Q3,IG2,LA23,0.027807193906230487,0.024449626265629385
2023Q2,IG2,LA23,0.026402435498917527,0.023214484806619848
2023Q3,IG2,LA23,0.017745117397769704,0.015602490847448509
2019Q2,IG3,LA23,0.008012297998615536,0.010491869827216109
2019Q3,IG3,LA23,0.01523883190754595,0.019954804566733063
2019Q4,IG3,LA23,0.002922527810205431,0.003826964668113022
2020Q3,IG3,LA23,0.0143171285873918,0.018747861033674103
2021Q2,IG3,LA23,0.006383014971531805,0.008358371368370861
2021Q3,IG3,LA23,0.02461968789414093,0.03223876104166973
2021Q4,IG3,LA23,0.00448019703472282,0.0058666869475790424
2022Q1,IG3,LA23,0.003711991302181952,0.0048607440148857395
2022Q2,IG3,LA23,0.011917983378980005,0.015606250570908585
2022Q3,IG3,LA23,0.019310162166629792,0.02528609243312229
2022Q4,IG3,LA23,0.004598688337966743,0.006021847842681453
2023Q2,IG3,LA23,0.009769238012232328,0.012792531375286324
2023Q3,IG3,LA23,0.012881153133773571,0.016867493187015966
2019Q2,IG4,LA23,0.0180130176217026,0.0040049731134728225
2019Q3,IG4,LA23,0.042720431198784485,0.009498362902890757
2019Q2,IG5,LA23,0.008177083958348708,0.004519332203761052
2019Q3,IG5,LA23,0.035646570654124236,0.019701240140300558
2019Q4,IG5,LA23,0.006872277453364068,0.0037981883231685866
2020Q3,IG5,LA23,0.01839287902294172,0.010165424607557498
2021Q2,IG5,LA23,0.007521933469381084,0.004157241913605943
2021Q3,IG5,LA23,0.02846280891277457,0.015730899864084987
2022Q2,IG5,LA23,0.007893333676685215,0.0043625083540513015
2022Q3,IG5,LA23,0.015638709046057655,0.008643242722845928
2023Q3,IG5,LA23,0.01552895040783005,0.00858258103086507
2019Q2,IG6,LA23,0.009815855183727629,0.021646463216645033
2019Q3,IG6,LA23,0.008267091147864714,0.018231043662661976
2019Q4,IG6,LA23,0.001996888572087441,0.004403648404989452
2020Q3,IG6,LA23,0.01422251148247344,0.03136426382533067
2020Q4,IG6,LA23,0.005698211014541312,0.012566008036816682
2021Q2,IG6,LA23,0.007109206591140582,0.015677613014275817
2021Q3,IG6,LA23,0.02349086654691416,0.05180334969467134
2021Q4,IG6,LA23,0.006166433614908775,0.013598558243227452
2022Q1,IG6,LA23,0.0020010524450827967,0.004412830806516949
2022Q2,IG6,LA23,0.002502323738200796,0.005518261806153828
2022Q3,IG6,LA23,0.0072918268477085236,0.016080337238749454
2022Q4,IG6,LA23,0.00200301962917509,0.004417168948970883
2023Q2,IG6,LA23,0.005239889907438393,0.011555293147424052
2023Q3,IG6,LA23,0.0077094272441009595,0.017001252579345632
2020Q3,IG7,LA23,0.012110117254069958,0.003600369027269149
2021Q3,IG7,LA23,0.02461080500195541,0.007316855667555292
2021Q4,IG7,LA23,0.017717941050390932,0.0052675894746906145
2022Q3,IG7,LA23,0.03797994059131977,0.011291534086224802
2023Q2,IG7,LA23,0.011153876169585198,0.0033160760917879395
2019Q1,IG8,LA23,0.003455445345759725,0.0042557900496845
2019Q2,IG8,LA23,0.008783409680216514,0.010817808930255095
2019Q3,IG8,LA23,0.02552835658111545,0.03144119355151378
2019Q4,IG8,LA23,0.0053286687965649615,0.006562886509061383
2020Q1,IG8,LA23,0.002416305031030228,0.002975965723399433
2020Q3,IG8,LA23,0.02178883689023534,0.02683553231291942
2020Q4,IG8,LA23,0.00629501469345001,0.0077530558912984595
2021Q2,IG8,LA23,0.018562106908928813,0.02286143231324377
2021Q3,IG8,LA23,0.03510481447960668,0.04323573525527235
2021Q4,IG8,LA23,0.0044799093665689686,0.005517538782411504
2022Q1,IG8,LA23,0.0016273661750531813,0.002004294116092217
2022Q2,IG8,LA23,0.01214792070884636,0.014961602602253841
2022Q3,IG8,LA23,0.010646594545980298,0.013112541683638264
2022Q4,IG8,LA23,0.007014681442123469,0.00863941069701162
2023Q2,IG8,LA23,0.012116806965735426,0.014923282343910747
2020Q3,IG9,LA23,0.02803923064731537,0.007093007516932244
2020Q4,IG9,LA23,0.024671733394591985,0.006241140943727868
2021Q3,IG9,LA23,0.05639886228090666,0.01426706599537884
2019Q1,IP1,LA23,0.0018084978956261356,0.0071668282410233715
2019Q2,IP1,LA23,0.008669507198737547,0.03435606376868696
2019Q3,IP1,LA23,0.008879452269861,0.035188047188977466
2019Q4,IP1,LA23,0.004218733723877852,0.0167182610866006
2020Q1,IP1,LA23,0.0012812360019617013,0.005077361928085563
2020Q3,IP1,LA23,0.006344968076757392,0.025144235174878616
2020Q4,IP1,LA23,0.002335029989790705,0.00925340245899189
2021Q2,IP1,LA23,0.009933738872352412,0.03936603988398807
2021Q3,IP1,LA23,0.01767552494686251,0.07004567252771354
2021Q4,IP1,LA23,0.005700682833289722,0.02259102143361515
2022Q1,IP1,LA23,0.003070832090541352,0.012169284909404323
2022Q2,IP1,LA23,0.007818123102195897,0.030982145777513227
2022Q3,IP1,LA23,0.009075987275174445,0.03596688836420727
2022Q4,IP1,LA23,0.003498950722149226,0.013865860120764085
2023Q1,IP1,LA23,0.0036011956320802095,0.014271042625961615
2023Q2,IP1,LA23,0.003482694438289749,0.013801438705323148
2023Q3,IP1,LA23,0.01250779644333616,0.04956667574779667
2021Q3,IP10,LA23,0.06160278483087867,0.009358674715874048
2022Q3,IP10,LA23,0.02864783162680133,0.00435216911453609
2019Q1,IP11,LA23,0.0015932355573153852,0.002816972802462714
2019Q2,IP11,LA23,0.008623656837179241,0.015247341585219691
2019Q3,IP11,LA23,0.013388846463288612,0.023672592649755388
2019Q4,IP11,LA23,0.007629873040205896,0.01349024928662754
2020Q1,IP11,LA23,0.0021595230242105736,0.0038182160808309202
2020Q3,IP11,LA23,0.009468998728835606,0.01674197626534878
2020Q4,IP11,LA23,0.008140586802052659,0.014393233638414119
2021Q2,IP11,LA23,0.00756714304495624,0.013379337444555271
2021Q3,IP11,LA23,0.012678165506675994,0.022416049687973102
2022Q1,IP11,LA23,0.002877564736458741,0.005087773469975007
2022Q2,IP11,LA23,0.0049358773706804655,0.008727041174581106
2022Q3,IP11,LA23,0.00847824102029021,0.014990234342449813
2022Q4,IP11,LA23,0.0069681820016565706,0.012320324569175495
2023Q2,IP11,LA23,0.0070763851094991954,0.01251163665139403
2023Q3,IP11,LA23,0.00851267299942985,0.015051112941553368
2019Q1,IP12,LA23,0.0062466315982568025,0.006523047900859414
2019Q2,IP12,LA23,0.008467596159793546,0.008842291159107316
2019Q3,IP12,LA23,0.0093024744427692,0.009714113187599792
2020Q1,IP12,LA23,0.007928158715552103,0.00827898336146385
2020Q4,IP12,LA23,0.022816313679344263,0.02382594598550199
2021Q3,IP12,LA23,0.0020337435566299454,0.002123737638323896
2019Q1,IP13,LA23,0.0048405717922951706,0.003735791374206153
2019Q2,IP13,LA23,0.011880194111609337,0.009168736378765923
2019Q3,IP13,LA23,0.033327986490263445,0.02572142502837467
2019Q4,IP13,LA23,0.010704081969309822,0.008261052372654253
2020Q3,IP13,LA23,0.016614715326790992,0.01282268146534117
2020Q4,IP13,LA23,0.011042844236838502,0.00852249775787807
2021Q2,IP13,LA23,0.025955035590233842,0.020031228176296552
2021Q3,IP13,LA23,0.05690437883587528,0.04391689592291438
2021Q4,IP13,LA23,0.038121903523369104,0.02942120982021316
2022Q1,IP13,LA23,0.009325237098323344,0.007196906028703987
2022Q2,IP13,LA23,0.0283126935616461,0.02185078972622537
2022Q3,IP13,LA23,0.02866129267599185,0.02211982686074357
2022Q4,IP13,LA23,0.017160145061733464,0.013243625888121334
2023Q1,IP13,LA23,0.005245849881158298,0.004048571445134871
2023Q2,IP13,LA23,0.0357140307910621,0.02756289419769586
2023Q3,IP13,LA23,0.028935974912826495,0.02233181742199253
2019Q1,IP14,LA23,0.001348981552299596,0.0026818396650226373
2019Q2,IP14,LA23,0.008653891954321386,0.01720434994856402
2019Q3,IP14,LA23,0.02745307658270701,0.05457802560820819
2019Q4,IP14,LA23,0.005201754622124958,0.010341336284064565
2020Q1,IP14,LA23,0.0008508417830273117,0.0016915140451635015
2020Q3,IP14,LA23,0.018822460488233345,0.037419949179152805
2020Q4,IP14,LA23,0.005261653592701832,0.010460418294425079
2021Q2,IP14,LA23,0.01627233546219821,0.032350179000361634
2021Q3,IP14,LA23,0.019698469294721008,0.039161496467285034
2021Q4,IP14,LA23,0.00789480797503752,0.015695254793588492
2022Q1,IP14,LA23,0.01871942843987616,0.037215116552952836
2022Q2,IP14,LA23,0.006902856291683388,0.013723207536403851
2022Q3,IP14,LA23,0.01863465339408703,0.03704657971861747
2022Q4,IP14,LA23,0.004324363811458836,0.008597041505711521
2023Q1,IP14,LA23,0.003623287639139217,0.007203268637636427
2023Q2,IP14,LA23,0.00603659425150696,0.012001037284565877
2023Q3,IP14,LA23,0.00905874644154772,0.018009219978517434
2019Q2,IP17,LA23,0.005924817341580448,0.004709270540869176
2019Q3,IP17,LA23,0.003922952615003122,0.003118112191140037
2019Q4,IP17,LA23,0.009036817803294305,0.0071828070657287
2020Q3,IP17,LA23,0.011944693011841465,0.009494097062811051
2021Q2,IP17,LA23,0.007042594128974556,0.0055977221154350715
2021Q3,IP17,LA23,0.025748344880062002,0.020465765445432382
2021Q4,IP17,LA23,0.01129283848234389,0.008975978249062745
2022Q3,IP17,LA23,0.014484615168223162,0.011512923956123952
2023Q3,IP17,LA23,0.011922224679607877,0.009476238376375687
2019Q2,IP19,LA23,0.015643076909725467,0.006637791768765995
2019Q3,IP19,LA23,0.00949735116217108,0.004029989734957181
2020Q3,IP19,LA23,0.007117475607216769,0.003020142474055338
2021Q3,IP19,LA23,0.03302024084764383,0.014011404800093602
2022Q2,IP19,LA23,0.007271851439735463,0.003085648425109757
2022Q3,IP19,LA23,0.021417346459828696,0.0090879746267485
2023Q3,IP19,LA23,0.013948009821540071,0.005918527749903565
2019Q2,IP2,LA23,0.004042082774453945,0.009683963097544943
2019Q3,IP2,LA23,0.00887008668804293,0.021250824624846155
2019Q4,IP2,LA23,0.004490542498267273,0.010758376378636187
2020Q3,IP2,LA23,0.00891713572636224,0.021363544026274238
2020Q4,IP2,LA23,0.002865675742558433,0.0068655442475975825
2021Q2,IP2,LA23,0.004146532243102527,0.009934201614762762
2021Q3,IP2,LA23,0.012286498736110743,0.02943581489980808
2021Q4,IP2,LA23,0.006554483313313939,0.0157031357523798
2022Q1,IP2,LA23,0.0015563906377187694,0.003728778043905626
2022Q2,IP2,LA23,0.009480396310834107,0.022712995538944958
2022Q3,IP2,LA23,0.009036131465998578,0.021648632287872
2022Q4,IP2,LA23,0.00815638386109398,0.019540945776627662
2023Q1,IP2,LA23,0.003663698654859632,0.008777435929420985
2023Q2,IP2,LA23,0.009710812864758386,0.023265024166208192
2023Q3,IP2,LA23,0.013756456759495637,0.03295751894391254
2020Q3,IP20,LA23,0.009377553331782971,0.0037044844461635897
2021Q4,IP20,LA23,0.0174603761563243,0.006897501897008239
2022Q2,IP20,LA23,0.0720359941336132,0.028456913055077637
2022Q3,IP20,LA23,0.012941814272979428,0.005112500881962437
2023Q3,IP20,LA23,0.009581811070838905,0.0037851738958067814
2019Q1,IP22,LA23,0.0017121166744677135,0.0035881499260238983
2019Q2,IP22,LA23,0.00431411864325546,0.00904126729299447
2019Q3,IP22,LA23,0.016610881663329243,0.03481207484296977
2019Q4,IP22,LA23,0.005568113784681547,0.011669313991588309
2020Q1,IP22,LA23,0.0019939792337681193,0.004178860323501386
2020Q3,IP22,LA23,0.00627325317875021,0.01314710221852128
2021Q2,IP22,LA23,0.005041958840753703,0.010566630482172256
2021Q3,IP22,LA23,0.01230259346958685,0.025783026651220547
2021Q4,IP22,LA23,0.012709310447749944,0.02663539934104455
2022Q2,IP22,LA23,0.009274623689332509,0.01943719186960438
2022Q3,IP22,LA23,0.01808118993166029,0.03789345742799982
2022Q4,IP22,LA23,0.011123669678104176,0.02331230991895608
2023Q1,IP22,LA23,0.0034411037028519386,0.0072116557130473685
2023Q2,IP22,LA23,0.00754146219709573,0.01580493749529881
2023Q3,IP22,LA23,0.010043449531928535,0.021048450279370086
2019Q1,IP24,LA23,0.002831679010958659,0.006418209458222649
2019Q2,IP24,LA23,0.008626590212941017,0.01955280336600175
2019Q3,IP24,LA23,0.008067712493557045,0.018286065769452717
2019Q4,IP24,LA23,0.007293226640307992,0.016530636425467912
2020Q1,IP24,LA23,0.0015265464190136946,0.0034600301188843505
2020Q3,IP24,LA23,0.008327214219994751,0.01887424558383208
2021Q2,IP24,LA23,0.012144361803152554,0.027526092289211646
2021Q3,IP24,LA23,0.0053544760038354115,0.012136315026754416
2021Q4,IP24,LA23,0.0041995896480947,0.00951867987005002
2022Q1,IP24,LA23,0.0030162809151866865,0.006836623297904684
2022Q2,IP24,LA23,0.011482895570895362,0.0260268302571317
2022Q3,IP24,LA23,0.006358350537454907,0.014411670743843344
2022Q4,IP24,LA23,0.004741783974371489,0.01074760332487558
2023Q2,IP24,LA23,0.013031005993236885,0.02953573678099705
2023Q3,IP24,LA23,0.013386780148732859,0.030342125160809343
2019Q2,IP25,LA23,0.011256109946550522,0.009713823978102862
2019Q3,IP25,LA23,0.004933167173523194,0.004257236097169144
2020Q3,IP25,LA23,0.010436303204258026,0.009006345246240291
2021Q2,IP25,LA23,0.01025533411244895,0.00885017211789863
2021Q3,IP25,LA23,0.03116723427284392,0.02689677242389413
2022Q1,IP25,LA23,0.004712485419900463,0.004066791643441397
2022Q2,IP25,LA23,0.00977668762101134,0.008437108653909783
2022Q3,IP25,LA23,0.022288689551922057,0.01923474522175408
2022Q4,IP25,LA23,0.0049440588318265186,0.004266635405819339
2023Q2,IP25,LA23,0.007224604516568648,0.006234706032421197
2023Q3,IP25,LA23,0.015817787789943426,0.013650471347926208
2019Q2,IP27,LA23,0.005365343705046933,0.00407496181172964
2019Q3,IP27,LA23,0.009368503182352264,0.0071153489505700095
2019Q4,IP27,LA23,0.0036961468185264775,0.0028072119819413602
2020Q3,IP27,LA23,0.016561547983800832,0.01257844404518463
2020Q4,IP27,LA23,0.004858987012940037,0.0036903854831883006
2021Q2,IP27,LA23,0.006919065752777078,0.005255008861574203
2021Q3,IP27,LA23,0.016128112748011642,0.012249251335305193
2021Q4,IP27,LA23,0.007707683695513217,0.005853961729714165
2022Q1,IP27,LA23,0.01010247763171195,0.007672800255900661
2022Q2,IP27,LA23,0.013967219618826757,0.010608059742607336
2022Q3,IP27,LA23,0.014882069743125918,0.011302885558979264
2023Q2,IP27,LA23,0.02661956827856713,0.02021747909231883
2023Q3,IP27,LA23,0.01657230532657355,0.012586614213472874
2019Q2,IP28,LA23,0.009687288711177005,0.008754009960169734
2019Q3,IP28,LA23,0.017847814315299044,0.016128346015239662
2019Q4,IP28,LA23,0.004817200837776865,0.00435310904540111
2020Q1,IP28,LA23,0.005235096430909034,0.0047307443460161535
2020Q3,IP28,LA23,0.028714779960257536,0.025948382181089705
2020Q4,IP28,LA23,0.013431146760926287,0.012137182655245205
2021Q2,IP28,LA23,0.0198999273102548,0.01798275730954843
2021Q3,IP28,LA23,0.07262998205018187,0.06563276941882237
2021Q4,IP28,LA23,0.03246151839318751,0.02933415776163753
2022Q1,IP28,LA23,0.009323640334614549,0.008425395669284158
2022Q2,IP28,LA23,0.036560223648669364,0.033037991486433035
2022Q3,IP28,LA23,0.04276128858348127,0.03864164239655515
2022Q4,IP28,LA23,0.020959268235598457,0.018940040744383428
2023Q1,IP28,LA23,0.0076741408998045125,0.0069348099221120795
2023Q2,IP28,LA23,0.01815161473021822,0.016402878130199524
2023Q3,IP28,LA23,0.008204051394408064,0.007413668546652275
2019Q3,IP29,LA23,0.18010547774287958,0.013013704338062778
2020Q3,IP29,LA23,0.15026334394252458,0.01085743063133437
2021Q3,IP29,LA23,0.1955633888500078,0.014130631415202584
2021Q4,IP29,LA23,0.19669911704178605,0.014212694609956191
2022Q2,IP29,LA23,0.19741157384579144,0.01426417390040955
2022Q3,IP29,LA23,0.2308780314440503,0.016682326806607174
2022Q4,IP29,LA23,0.07119064511371281,0.005143952414753465
2019Q1,IP3,LA23,0.0044831561044581855,0.00978706628320013
2019Q2,IP3,LA23,0.0048879427441506276,0.0106707459010667
2019Q3,IP3,LA23,0.007434965468656233,0.016231087689023694
2020Q3,IP3,LA23,0.012522254537819851,0.02733702158059431
2020Q4,IP3,LA23,0.004151828535853768,0.009063753331380695
2021Q2,IP3,LA23,0.009571041324784828,0.020894301617506928
2021Q3,IP3,LA23,0.013796825724362477,0.030119506150548245
2021Q4,IP3,LA23,0.007307885912405219,0.01595366347909455
2022Q1,IP3,LA23,0.0035069254554993892,0.007655881500330314
2022Q2,IP3,LA23,0.0061991772272191464,0.01353326919929573
2022Q3,IP3,LA23,0.010280726164854346,0.02244359689255559
2022Q4,IP3,LA23,0.0055234398839328685,0.01205808385783512
2023Q1,IP3,LA23,0.0019018546880787727,0.0041518915379127564
2023Q2,IP3,LA23,0.006468206999287687,0.0141205813851843
2020Q3,IP30,LA23,0.02424071672298352,0.008181736668121472
2021Q2,IP30,LA23,0.015461918454827037,0.005218713069709613
2021Q3,IP30,LA23,0.02576486571100073,0.008696168060783936
2022Q3,IP30,LA23,0.02078840680156604,0.007016511604994523
2019Q2,IP31,LA23,0.006441382755298775,0.0023819294167072625
2019Q3,IP31,LA23,0.0189100258558756,0.00699265182149788
2019Q4,IP31,LA23,0.012120803739185476,0.0044820964810314435
2020Q3,IP31,LA23,0.01943813946752148,0.007187940534299189
2021Q3,IP31,LA23,0.046122639009536885,0.01705547936001981
2021Q4,IP31,LA23,0.02304499314913259,0.008521702431761514
2022Q2,IP31,LA23,0.017631486460632194,0.0065198665963931935
2022Q3,IP31,LA23,0.022843406650203714,0.008447158683928065
2019Q2,IP32,LA23,0.014506272395966982,0.015085890383559078
2019Q3,IP32,LA23,0.014407547704846571,0.014983221012149285
2019Q4,IP32,LA23,0.009210457486091126,0.009578473933540091
2019Q1,IP33,LA23,0.0017147229330001061,0.006292403327058532
2019Q2,IP33,LA23,0.011655363607002386,0.04277090329133322
2019Q3,IP33,LA23,0.01083467907278674,0.03975929249743728
2019Q4,IP33,LA23,0.005374554707784404,0.019722641643073302
2020Q1,IP33,LA23,0.0049747239332222325,0.018255409562778248
2019Q2,IP4,LA23,0.011004049717652424,0.028671578804173186
2019Q3,IP4,LA23,0.016967699611034108,0.04421015435280039
2019Q4,IP4,LA23,0.004722475023639438,0.012304634953967095
2020Q1,IP4,LA23,0.002121552125989844,0.005527805719552485
2020Q3,IP4,LA23,0.010855035474884676,0.028283315054546006
2020Q4,IP4,LA23,0.0024594287405038306,0.006408159428204367
2021Q2,IP4,LA23,0.007873973636513409,0.020516015595523792
2021Q3,IP4,LA23,0.015525674631579953,0.040452889173447255
2021Q4,IP4,LA23,0.007396267828460002,0.0192713302231156
2022Q1,IP4,LA23,0.003318549961377109,0.008646640934434844
2022Q2,IP4,LA23,0.005309374694875543,0.013833830168979195
2022Q3,IP4,LA23,0.008611413767156411,0.02243745119074585
2022Q4,IP4,LA23,0.007121465585232997,0.01855531981109362
2023Q1,IP4,LA23,0.0018582658810400489,0.004841800792836891
2023Q2,IP4,LA23,0.005486693318951133,0.014295842340323274
2023Q3,IP4,LA23,0.0071388922043127264,0.018600725702111475
2019Q1,IP5,LA23,0.004788343517409989,0.005865096295345933
2019Q2,IP5,LA23,0.007375804528297072,0.009034398567442405
2019Q3,IP5,LA23,0.014262261705673537,0.01746941045249945
2019Q4,IP5,LA23,0.004613854884198731,0.0056513704771154
2020Q1,IP5,LA23,0.004519763246398074,0.005536120492589193
2020Q3,IP5,LA23,0.011957547837236356,0.01464643655297546
2021Q3,IP5,LA23,0.005169609444984922,0.006332097330512039
2022Q2,IP5,LA23,0.0062353123489078,0.00763744439490109
2023Q2,IP5,LA23,0.004748853363276588,0.005816726006984557
2019Q2,IP6,LA23,0.015692400761569247,0.018144931534951367
2019Q3,IP6,LA23,0.011623277998252857,0.013439854531787662
2019Q4,IP6,LA23,0.008305887756804915,0.009603996671644074
2020Q1,IP6,LA23,0.004108453969127012,0.004750555196555791
2020Q3,IP6,LA23,0.004263652781244589,0.0049300096894002365
2021Q3,IP6,LA23,0.017538591304587556,0.02027965913415856
2021Q4,IP6,LA23,0.0029998016972315124,0.0034686341014179877
2022Q3,IP6,LA23,0.00647776830834824,0.0074901644585899955
2022Q4,IP6,LA23,0.0034164998777115804,0.003950457123301707
2023Q1,IP6,LA23,0.005515060447203114,0.006376997104910267
2023Q2,IP6,LA23,0.007985985612246687,0.00923409772507188
2023Q3,IP6,LA23,0.04427674539530493,0.051196660472488525
2019Q2,IP7,LA23,0.01557775519155546,0.013047035732583845
2019Q3,IP7,LA23,0.01312616074383844,0.010993720606762163
2019Q4,IP7,LA23,0.008095208202409084,0.006780082841255064
2020Q3,IP7,LA23,0.0044939135943098275,0.003763844695408268
2020Q4,IP7,LA23,0.002905759678515257,0.002433697916657553
2021Q2,IP7,LA23,0.013163281262607351,0.011024810627682027
2021Q3,IP7,LA23,0.02558190765335277,0.02142594097523667
2021Q4,IP7,LA23,0.0076785951243189265,0.006431151583210223
2022Q2,IP7,LA23,0.01122222343814462,0.009399091743069877
2023Q2,IP7,LA23,0.049399036783001234,0.04137380451404343
2019Q2,IP8,LA23,0.009027076465959145,0.003874539630357843
2019Q3,IP8,LA23,0.018423065700830188,0.007907421460284315
2019Q4,IP8,LA23,0.010311869931023534,0.004425989838627218
2021Q3,IP8,LA23,0.04354787825024063,0.018691320577024485
2022Q2,IP8,LA23,0.010934978758514444,0.004693436320912314
2023Q2,IP8,LA23,0.029426773413552876,0.012630357149883384
2023Q3,IP8,LA23,0.019992208368599263,0.008580918076257726
2021Q3,IP9,LA23,0.022321210165348496,0.0036626213714831173
2022Q2,IP9,LA23,0.02238025515739613,0.0036723098896302383
2023Q2,IP9,LA23,0.03344325974948418,0.005487605599479353
2019Q2,IV1,LA23,0.007812177374334711,0.0050169171432274005
2019Q3,IV1,LA23,0.0136319050024078,0.008754299169666666
2021Q3,IV1,LA23,0.012307658298699307,0.007903878643946934
2023Q2,IV1,LA23,0.00774969166437397,0.004976789325528502
2019Q2,IV12,LA23,0.012963231205356458,0.008483599080541119
2019Q3,IV12,LA23,0.018576414721362303,0.012157065808159073
2021Q3,IV12,LA23,0.008092476748880981,0.005296004307763889
2022Q3,IV12,LA23,0.009130330705016138,0.005975212811301651
2023Q2,IV12,LA23,0.009002504749379733,0.005891558964314937
2023Q3,IV12,LA23,0.024425253175460158,0.01598475350001442
2021Q3,IV15,LA23,0.009881486297836415,0.0062129430177772895
2021Q4,IV15,LA23,0.008133913305072306,0.005114163836569778
2022Q4,IV15,LA23,0.0061654356785581215,0.0038764917944621134
2019Q3,IV19,LA23,0.008519376884980697,0.006185685022691732
2023Q3,IV19,LA23,0.003474847830016498,0.0025229913488343837
2019Q2,IV2,LA23,0.006327612453166572,0.01888118661175837
2019Q3,IV2,LA23,0.004043302244889751,0.012064952583387186
2019Q4,IV2,LA23,0.005158052604925216,0.015391295612316103
2020Q1,IV2,LA23,0.0019623832143318737,0.005855624684321508
2020Q3,IV2,LA23,0.008517181238417293,0.02541471835688146
2020Q4,IV2,LA23,0.004843515926587165,0.014452738492407259
2021Q2,IV2,LA23,0.003824040061523214,0.01141068839895955
2021Q3,IV2,LA23,0.008888562770571005,0.02652289684673917
2021Q4,IV2,LA23,0.0074375167046073516,0.022193069165840844
2022Q1,IV2,LA23,0.002143215756542557,0.006395217303216794
2022Q2,IV2,LA23,0.007320652795846514,0.0218443548149187
2022Q3,IV2,LA23,0.00992710807295504,0.02962184890870765
2022Q4,IV2,LA23,0.003793339963575883,0.011319081290807291
2023Q2,IV2,LA23,0.0063614867522434225,0.018982265330935062
2023Q3,IV2,LA23,0.004985894597099021,0.014877587243395963
2019Q2,IV3,LA23,0.003065776578724232,0.005222906607415085
2019Q3,IV3,LA23,0.008916458307431232,0.015190222709576212
2019Q4,IV3,LA23,0.004658230152196146,0.007935836293357588
2020Q3,IV3,LA23,0.0013454496878153243,0.002292129867910807
2021Q2,IV3,LA23,0.0036845595087711507,0.006277075223721297
2021Q3,IV3,LA23,0.006326737155753386,0.010778331833924288
2021Q4,IV3,LA23,0.0036457264236550366,0.006210918551298786
2022Q2,IV3,LA23,0.003281459353106841,0.005590347273263381
2022Q3,IV3,LA23,0.003963054267822446,0.006751523403433325
2023Q2,IV3,LA23,0.002358038297416795,0.0040171922147180725
2023Q3,IV3,LA23,0.008003944467997844,0.013635649361208596
2019Q1,IV30,LA23,0.0023751992514256352,0.006964309290798838
2019Q2,IV30,LA23,0.005005889869766625,0.014677743481018026
2019Q3,IV30,LA23,0.009604413907910659,0.028161051739719268
2019Q4,IV30,LA23,0.004293073641273023,0.012587698749086357
2020Q1,IV30,LA23,0.0013864000696923182,0.0040650563864598225
2020Q3,IV30,LA23,0.005972175431386661,0.017510984317682998
2020Q4,IV30,LA23,0.003178982341472249,0.009321077481273277
2021Q2,IV30,LA23,0.002564382705433416,0.007519013105908664
2021Q3,IV30,LA23,0.009738780519079638,0.0285550273769108
2021Q4,IV30,LA23,0.0060381134600645545,0.017704320866380033
2022Q1,IV30,LA23,0.0021851034163179726,0.006406930287842418
2022Q2,IV30,LA23,0.0051730528826340345,0.01516788127593845
2022Q3,IV30,LA23,0.00750788543512709,0.022013831580119096
2022Q4,IV30,LA23,0.008052281044372368,0.02361005109604449
2023Q2,IV30,LA23,0.005834726451637003,0.01710797088371243
2023Q3,IV30,LA23,0.007504334546522147,0.02200342003822965
2019Q2,IV36,LA23,0.00717404728661545,0.005058129496539785
2019Q3,IV36,LA23,0.008072161957363301,0.005691353690065835
2020Q3,IV36,LA23,0.004795961055210718,0.0033814374380938947
2022Q3,IV36,LA23,0.008953048577793084,0.006312431084720867
2023Q2,IV36,LA23,0.002799455628767477,0.0019737825141662078
2023Q3,IV36,LA23,0.013072193370508276,0.009216672852881908
2021Q3,IV51,LA23,0.011096880098846388,0.003557927533594817
2019Q1,KA1,LA23,0.0055456078226106395,0.015299543899415381
2019Q2,KA1,LA23,0.01722900491136922,0.04753237614639807
2019Q3,KA1,LA23,0.017615222734586117,0.04859789623545874
2019Q4,KA1,LA23,0.009897627768408449,0.027306148466797138
2020Q1,KA1,LA23,0.004597425638720595,0.012683643999692554
2020Q3,KA1,LA23,0.01749047571426228,0.04825373693411324
2020Q4,KA1,LA23,0.007424858786132019,0.02048413024848737
2021Q2,KA1,LA23,0.010724653339912543,0.02958779449044427
2021Q3,KA1,LA23,0.03467390603144176,0.09566037925172144
2021Q4,KA1,LA23,0.017188331092977915,0.04742016286158962
2022Q1,KA1,LA23,0.009648972363191514,0.026620143540081544
2022Q2,KA1,LA23,0.014118401269294116,0.03895066274402378
2022Q3,KA1,LA23,0.022285714485210682,0.061483119254510825
2022Q4,KA1,LA23,0.015226133843884066,0.042006739498072564
2023Q1,KA1,LA23,0.00761258208583363,0.021002032155112985
2023Q2,KA1,LA23,0.015295216437491975,0.04219732855654877
2023Q3,KA1,LA23,0.01578049807096605,0.04353615162020735
2019Q1,KA10,LA23,0.006891203142772529,0.005381104202235248
2019Q2,KA10,LA23,0.011753980524729231,0.009178280292164585
2019Q3,KA10,LA23,0.020588331657481262,0.01607672212003784
2019Q4,KA10,LA23,0.01625064682537559,0.012689572794379598
2020Q1,KA10,LA23,0.002651759043410984,0.0020706676956374235
2020Q3,KA10,LA23,0.026755090414777773,0.02089213254627996
2020Q4,KA10,LA23,0.0096017584776939,0.00749768390551015
2021Q2,KA10,LA23,0.018509720715565232,0.014453606120898048
2021Q3,KA10,LA23,0.05157879209787813,0.040276109868449414
2021Q4,KA10,LA23,0.03689360810803973,0.028808953315214467
2022Q1,KA10,LA23,0.02316444255890172,0.01808831877592752
2022Q2,KA10,LA23,0.025174534987876508,0.01965793101813544
2022Q3,KA10,LA23,0.01973749839340418,0.01541233560321769
2022Q4,KA10,LA23,0.004995647741511673,0.0039009299969526147
2023Q1,KA10,LA23,0.008732777066945896,0.006819126123340479
2023Q2,KA10,LA23,0.011324073152315487,0.008842580368604244
2023Q3,KA10,LA23,0.012418610100259244,0.009697266734403676
2019Q3,KA11,LA23,0.017959165311743422,0.004043293371815916
2020Q3,KA11,LA23,0.05184849113498001,0.011673073715048388
2021Q2,KA11,LA23,0.018072208947338245,0.004068743807545668
2021Q3,KA11,LA23,0.09926580021331977,0.02234851927044018
2021Q4,KA11,LA23,0.02439012781965913,0.005491148415816733
2022Q2,KA11,LA23,0.024621353437921264,0.005543206125263953
2022Q3,KA11,LA23,0.06125038169087215,0.013789798023071757
2022Q4,KA11,LA23,0.0609552478808959,0.013723352141152315
2023Q3,KA11,LA23,0.03662324761249434,0.008245290455071622
2019Q1,KA12,LA23,0.0055508292804611935,0.010339456422334529
2019Q2,KA12,LA23,0.009975368466295969,0.018580987153946068
2019Q3,KA12,LA23,0.008621460329386347,0.01605908034072517
2019Q4,KA12,LA23,0.009459268621446474,0.017619654786154067
2020Q1,KA12,LA23,0.0046075186284205505,0.008582364123742374
2020Q3,KA12,LA23,0.007635568334851729,0.01422267233760024
2020Q4,KA12,LA23,0.002500848435917805,0.004658297367035439
2021Q2,KA12,LA23,0.002313327501014984,0.004309004597119436
2021Q3,KA12,LA23,0.009089117589520723,0.016930179345475325
2021Q4,KA12,LA23,0.0073716571702058436,0.013731088495195169
2022Q1,KA12,LA23,0.004553253617657947,0.008481285404565686
2022Q2,KA12,LA23,0.007897926852551617,0.01471136408503602
2022Q3,KA12,LA23,0.0050148167385292855,0.009341032936561378
2022Q4,KA12,LA23,0.0055096841363922655,0.01026281590564834
2023Q1,KA12,LA23,0.003303916252561243,0.006154161187526471
2023Q2,KA12,LA23,0.004948052919851403,0.009216672852881908
2023Q3,KA12,LA23,0.01222076766342357,0.022763462596159068
2019Q2,KA13,LA23,0.01967401756314705,0.0069794204870133785
2019Q3,KA13,LA23,0.012602205798987598,0.00447067270590275
2020Q3,KA13,LA23,0.02150076979215625,0.007627466667257041
2021Q2,KA13,LA23,0.019696640512764367,0.006987446050553159
2021Q3,KA13,LA23,0.016792546737114243,0.00595720952011782
2021Q4,KA13,LA23,0.014024802090238764,0.004975343278043857
2022Q2,KA13,LA23,0.02314694604494073,0.008211452943930928
2022Q3,KA13,LA23,0.040846245059959915,0.014490335727008032
2021Q3,KA15,LA23,0.11125367556834703,0.005966970340639174
2022Q2,KA15,LA23,0.0517052967044391,0.0027731575636779702
2019Q2,KA18,LA23,0.007135848561431696,0.004179077230624082
2019Q3,KA18,LA23,0.02743832537940541,0.01606913037074345
2019Q4,KA18,LA23,0.0036194060947317133,0.0021196887053668892
2020Q3,KA18,LA23,0.004482251174244622,0.0026250099988760892
2020Q4,KA18,LA23,0.0051606506179309045,0.0030223115452823056
2021Q2,KA18,LA23,0.01082327978691339,0.006338604544192942
2021Q3,KA18,LA23,0.05310268868304592,0.0310993479261437
2021Q4,KA18,LA23,0.008862032550807784,0.005190009027139409
2022Q2,KA18,LA23,0.010878094955793591,0.006370706798352061
2022Q3,KA18,LA23,0.01959889202642356,0.011478001909369777
2023Q1,KA18,LA23,0.00713177446104195,0.004176691252274417
2023Q2,KA18,LA23,0.0172228272960894,0.010086470414895882
2023Q3,KA18,LA23,0.015118616173580025,0.008854148748481403
2021Q3,KA19,LA23,0.10407482909188433,0.005848394446898283
2019Q2,KA20,LA23,0.006692502618874038,0.0041929592864766736
2019Q3,KA20,LA23,0.009665422331331174,0.0060555407490736814
2019Q4,KA20,LA23,0.010379887838874441,0.006503164747945544
2020Q3,KA20,LA23,0.0045549916948365,0.002853774710946929
2021Q3,KA20,LA23,0.006677846324340361,0.004183776884949178
2021Q4,KA20,LA23,0.007941057347691776,0.004975198673295393
2022Q2,KA20,LA23,0.007688784435482185,0.004817145683223693
2022Q3,KA20,LA23,0.008904795266201521,0.005578995800508918
2023Q3,KA20,LA23,0.013636931938275771,0.008543754655902352
2019Q2,KA21,LA23,0.007602944263140339,0.006067904455067396
2019Q3,KA21,LA23,0.03062159091883838,0.02443907011899148
2019Q4,KA21,LA23,0.01809871079655613,0.014444568324119016
2020Q3,KA21,LA23,0.0077452661905674566,0.006181491484986261
2021Q2,KA21,LA23,0.003794405861462394,0.0030283126423435824
2021Q3,KA21,LA23,0.009346772895250205,0.007459652856663988
2021Q4,KA21,LA23,0.007710931365300189,0.006154088885152238
2022Q1,KA21,LA23,0.0039235917739455705,0.0031314158279987718
2022Q2,KA21,LA23,0.0046397310714066595,0.003702966096304712
2022Q3,KA21,LA23,0.011812357603624776,0.009427434273768921
2022Q4,KA21,LA23,0.005024480419454381,0.0040100342796690796
2023Q2,KA21,LA23,0.0027817549990942665,0.0022201167031754856
2023Q3,KA21,LA23,0.007708394755517911,0.006152064418673735
2021Q4,KA23,LA23,2.2231998301789906,0.016522827769050823
2019Q2,KA25,LA23,0.02486792296151448,0.005955112751265085
2019Q2,KA26,LA23,0.024024577999537843,0.007522700526994509
2023Q3,KA26,LA23,0.011813825596524144,0.003699206372844635
2019Q2,KA27,LA23,0.031909788720070595,0.0036028996103672772
2020Q4,KA27,LA23,0.04344651793643775,0.004905499184535504
2021Q2,KA27,LA23,0.03684568507884935,0.004160206310949465
2021Q3,KA27,LA23,0.043482378107181335,0.004909548117492509
2021Q4,KA27,LA23,0.07659156146658673,0.008647870074796792
2022Q1,KA27,LA23,0.11412819519244208,0.012886090647542855
2022Q4,KA27,LA23,0.07176132453946321,0.008102493265962928
2023Q2,KA27,LA23,0.02292937738956809,0.002588931114134196
2019Q1,KA3,LA23,0.006829471153637542,0.005850780425247947
2019Q2,KA3,LA23,0.025079682232047883,0.021485662736352502
2019Q3,KA3,LA23,0.024789610528101413,0.02123715947611626
2019Q4,KA3,LA23,0.019994692347125358,0.017129372386485178
2020Q1,KA3,LA23,0.005019666783713746,0.004300328312211567
2020Q3,KA3,LA23,0.014083289274817374,0.01206509718813565
2020Q4,KA3,LA23,0.003457313748084699,0.0029618667604241443
2021Q2,KA3,LA23,0.01696248513752724,0.014531692685068875
2021Q3,KA3,LA23,0.03433556056882798,0.02941513642077765
2021Q4,KA3,LA23,0.013618600650456229,0.011667000315612878
2022Q2,KA3,LA23,0.013876263994113071,0.01188773946414394
2022Q3,KA3,LA23,0.021068219281719217,0.0180490585867194
2022Q4,KA3,LA23,0.007295088142486151,0.006249672623887274
2023Q1,KA3,LA23,0.011952017601916536,0.010239245331648626
2023Q2,KA3,LA23,0.006810313086487165,0.005834367786297226
2023Q3,KA3,LA23,0.020745992407797884,0.01777300812190067
2019Q1,KA30,LA23,0.0062285235173227755,0.003477816502945484
2019Q2,KA30,LA23,0.027114879618456773,0.015140117164233266
2019Q3,KA30,LA23,0.027322061124614997,0.015255800963004868
2019Q4,KA30,LA23,0.020170932462681403,0.0112628300436546
2020Q1,KA30,LA23,0.011200750176678658,0.006254155371089673
2020Q3,KA30,LA23,0.01604543072130589,0.008959276400615097
2020Q4,KA30,LA23,0.018583663148626757,0.01037654754031567
2021Q2,KA30,LA23,0.0072068086917136094,0.004024060940270136
2021Q3,KA30,LA23,0.027495187170698453,0.015352469237353387
2021Q4,KA30,LA23,0.015843299264360275,0.008846412394438553
2022Q1,KA30,LA23,0.007904233436818713,0.004413481527885038
2022Q2,KA30,LA23,0.015541979661341418,0.008678164769600104
2022Q3,KA30,LA23,0.022042687882379557,0.01230796086318178
2022Q4,KA30,LA23,0.01409183860667524,0.007868450480573129
2023Q2,KA30,LA23,0.01780051705534869,0.00993926278095902
2023Q3,KA30,LA23,0.028634426477685958,0.015988585525848725
2020Q3,KA4,LA23,0.019666001060657586,0.005535542073595335
2023Q1,KA4,LA23,0.007116759517072386,0.002003209580478734
2020Q3,KA5,LA23,0.03245438008976605,0.0028193587808123784
2020Q4,KA5,LA23,0.08599070734252574,0.007470136700927663
2021Q3,KA5,LA23,0.051245028376339576,0.004451729483853899
2022Q2,KA5,LA23,0.07471731712054593,0.006490801041951829
2021Q3,KA6,LA23,0.11801075581202605,0.012173767656606722
2021Q4,KA6,LA23,0.0444034103624648,0.0045805723147357685
2022Q2,KA6,LA23,0.09188512448816016,0.009478696657099585
2022Q3,KA6,LA23,0.05770908400571818,0.005953160587160814
2020Q3,KA7,LA23,0.05698939463626624,0.01889282729400977
2020Q4,KA7,LA23,0.019560899857759315,0.006484727642516321
2021Q2,KA7,LA23,0.008517777474883095,0.002823769225640545
2021Q4,KA7,LA23,0.01812364077289234,0.006008254996325789
2022Q2,KA7,LA23,0.028869278877808238,0.009570592974748774
2022Q3,KA7,LA23,0.025779062796855254,0.008546140634252016
2023Q2,KA7,LA23,0.015008997830405962,0.004975704789915019
2019Q1,KA8,LA23,0.007051212370028534,0.02285506970431133
2019Q2,KA8,LA23,0.020244820725668758,0.06561946578196365
2019Q3,KA8,LA23,0.025809497513891715,0.08365623296506355
2019Q4,KA8,LA23,0.01533334874292611,0.049699929023506714
2020Q1,KA8,LA23,0.0057159826037327345,0.01852719418751728
2020Q3,KA8,LA23,0.01057849155167604,0.03428802723453442
2020Q4,KA8,LA23,0.003118911856785709,0.010109317965153271
2021Q2,KA8,LA23,0.007515747768523475,0.024360766647697943
2021Q3,KA8,LA23,0.02169024520354031,0.07030451502746501
2021Q4,KA8,LA23,0.011349207640674772,0.036786146566632906
2022Q1,KA8,LA23,0.004049075678242634,0.013124254668263887
2022Q2,KA8,LA23,0.011043406162741177,0.035794953318282974
2022Q3,KA8,LA23,0.009420108682824072,0.03053336494065364
2022Q4,KA8,LA23,0.004915911000476168,0.015933924930929145
2023Q1,KA8,LA23,0.004862754320782845,0.015761628373133694
2023Q2,KA8,LA23,0.00937710151603904,0.030393965963133863
2023Q3,KA8,LA23,0.013944203871796585,0.0451972986681933
2019Q1,KA9,LA23,0.009680446113449948,0.00752718327419691
2019Q2,KA9,LA23,0.011888759817123309,0.009244292359838629
2019Q3,KA9,LA23,0.025859744939158727,0.02010765178586004
2019Q4,KA9,LA23,0.01723375490384495,0.013400377435456854
2020Q1,KA9,LA23,0.011291327691724291,0.008779749605396417
2020Q3,KA9,LA23,0.02606329029674604,0.020265921683054442
2020Q4,KA9,LA23,0.014355294378731785,0.011162185138723305
2021Q2,KA9,LA23,0.01916924901904816,0.01490535135510115
2021Q3,KA9,LA23,0.045928629104235764,0.03571252861165822
2021Q4,KA9,LA23,0.03916681327125656,0.030454772259863188
2022Q1,KA9,LA23,0.013250254164219415,0.01030294372334724
2022Q2,KA9,LA23,0.02694349146390979,0.02095033595753692
2022Q3,KA9,LA23,0.049581845188699084,0.03855314429049488
2022Q4,KA9,LA23,0.009919325978064749,0.00771292807359956
2023Q1,KA9,LA23,0.0239777175122208,0.01864425173139929
2023Q2,KA9,LA23,0.022293842281271247,0.01733492803642746
2023Q3,KA9,LA23,0.02197462290594131,0.01708671398568815
2019Q1,KT1,LA23,0.003548587151324089,0.007436733004032362
2019Q2,KT1,LA23,0.01311123877185282,0.027477071279482183
2019Q3,KT1,LA23,0.00871583595951479,0.018265676499919226
2019Q4,KT1,LA23,0.0081137671022993,0.017003927767192225
2020Q1,KT1,LA23,0.0027855042916660605,0.005837549090763445
2020Q3,KT1,LA23,0.01244772445966622,0.026086552018247538
2021Q3,KT1,LA23,0.02402810543927987,0.050355422348296285
2021Q4,KT1,LA23,0.004665335007562029,0.009777088555556082
2022Q1,KT1,LA23,0.0074366250783139435,0.01558484906813584
2022Q2,KT1,LA23,0.014513409564068285,0.030415584373029308
2022Q3,KT1,LA23,0.009112523124735336,0.019097009198841643
2022Q4,KT1,LA23,0.0038811723202861743,0.008133727891631259
2023Q2,KT1,LA23,0.004542444097619814,0.009519547498540806
2023Q3,KT1,LA23,0.0033155705298334327,0.006948402768467743
2019Q1,KT10,LA23,0.007937678818136437,0.009368507838769632
2019Q2,KT10,LA23,0.021051566670625882,0.024846277090667508
2019Q3,KT10,LA23,0.011841092748499284,0.013975542822474409
2019Q4,KT10,LA23,0.009551078474188264,0.011272735468924416
2020Q3,KT10,LA23,0.03883847546562758,0.04583941605374992
2020Q4,KT10,LA23,0.026071992004278736,0.030771673566123137
2021Q2,KT10,LA23,0.02944434462855838,0.03475191926760853
2021Q3,KT10,LA23,0.0571996337338354,0.06751031747288544
2021Q4,KT10,LA23,0.016184842204081423,0.0191022872721606
2022Q1,KT10,LA23,0.011186837961445576,0.013203353465673973
2022Q2,KT10,LA23,0.027914932174103062,0.03294681819252617
2022Q3,KT10,LA23,0.02343506341731929,0.027659417867295914
2022Q4,KT10,LA23,0.005929949755318251,0.006998869825681854
2023Q1,KT10,LA23,0.0062899736676323564,0.0074237908790447905
2023Q3,KT10,LA23,0.008890391406924757,0.010492954362829595
2019Q1,KT11,LA23,0.0030933652614518114,0.00521249506552564
2019Q2,KT11,LA23,0.01835294600793781,0.03092574992561206
2019Q3,KT11,LA23,0.012309699782182243,0.020742538933993436
2020Q3,KT11,LA23,0.035684510374334844,0.06013041413499964
2021Q2,KT11,LA23,0.03470668033614493,0.058482715328620885
2021Q3,KT11,LA23,0.03623484817194878,0.0610577643869025
2021Q4,KT11,LA23,0.03344685902975615,0.05635984531878777
2022Q1,KT11,LA23,0.010618309976775769,0.01789245164413235
2022Q2,KT11,LA23,0.016439292847499357,0.027701136337227924
2022Q3,KT11,LA23,0.02121447943401553,0.03574759526316085
2023Q2,KT11,LA23,0.01430522137532359,0.02410510545241271
2023Q3,KT11,LA23,0.008211472452874468,0.013836794566322716
2019Q3,KT12,LA23,0.02017260273665466,0.011840092199524886
2020Q3,KT12,LA23,0.033182217992203084,0.01947594594219287
2021Q3,KT12,LA23,0.06128069569483863,0.03596804520219499
2021Q4,KT12,LA23,0.012508004107734831,0.0073414384747942565
2022Q3,KT12,LA23,0.01905568027171708,0.01118452657236107
2023Q3,KT12,LA23,0.02192035788527431,0.012865918285132056
2019Q1,KT13,LA23,0.006449645652988588,0.01481106905910229
2019Q2,KT13,LA23,0.015401174119773837,0.035367501681821914
2019Q3,KT13,LA23,0.010126260727907623,0.02325410650769912
2019Q4,KT13,LA23,0.008268936324491206,0.018988917149364428
2020Q1,KT13,LA23,0.001187357696964621,0.0027266671370466326
2020Q3,KT13,LA23,0.009192230354600655,0.02110918427372517
2020Q4,KT13,LA23,0.005738969000042963,0.013179059867931936
2021Q2,KT13,LA23,0.006287404079684105,0.014438494924683506
2021Q3,KT13,LA23,0.011101599260379251,0.025493889456665773
2021Q4,KT13,LA23,0.002919151894139049,0.006703586929317343
2022Q1,KT13,LA23,0.002594416868510785,0.00595786024148591
2022Q2,KT13,LA23,0.002590040470550505,0.0059478102114676286
2022Q3,KT13,LA23,0.004119575815229686,0.009460259551670359
2023Q1,KT13,LA23,0.002776367975075234,0.006375695662174086
2023Q2,KT13,LA23,0.0023102343649892888,0.005305259011665617
2023Q3,KT13,LA23,0.003818611872047547,0.008769121156384275
2019Q3,KT14,LA23,0.003070687347683349,0.0037924764356042384
2019Q4,KT14,LA23,0.010824534395529222,0.013368925902665824
2019Q1,KT15,LA23,0.003067449666057312,0.009439219560768774
2019Q2,KT15,LA23,0.009115601769733585,0.028050718316640855
2019Q3,KT15,LA23,0.010343878615303257,0.03183039723200598
2019Q4,KT15,LA23,0.009662706107270692,0.029734279100638812
2020Q1,KT15,LA23,0.002642923955487397,0.00813286026314047
2020Q3,KT15,LA23,0.005256289944188379,0.016174764139496773
2021Q2,KT15,LA23,0.004320702758601516,0.013295755899942786
2021Q3,KT15,LA23,0.006854182350582457,0.02109183170390944
2021Q4,KT15,LA23,0.0026974816652473787,0.008300746376107756
2022Q2,KT15,LA23,0.003472027273446252,0.010684194142673895
2022Q3,KT15,LA23,0.003554122294075612,0.010936818638241379
2023Q2,KT15,LA23,0.007446023070282788,0.022913056208445595
2023Q3,KT15,LA23,0.0030412751231319807,0.009358674715874048
2019Q2,KT16,LA23,0.015921882905090858,0.018945608027199308
2019Q4,KT16,LA23,0.0037109721090954726,0.004415722901486239
2020Q3,KT16,LA23,0.021472147757989973,0.02554992379669577
2020Q4,KT16,LA23,0.008764864896446787,0.010429400575879448
2021Q2,KT16,LA23,0.009269318426643613,0.01102965488675559
2021Q3,KT16,LA23,0.02415239892842865,0.028739181524080344
2021Q4,KT16,LA23,0.010756429447847786,0.012799183193715691
2022Q2,KT16,LA23,0.01826733054007007,0.02173647967256418
2022Q3,KT16,LA23,0.02183708968793,0.02598417185633467
2022Q4,KT16,LA23,0.01112501715131369,0.01323776939580852
2023Q2,KT16,LA23,0.007245974882675406,0.008622058127195879
2019Q2,KT17,LA23,0.012570449427630841,0.025082850459155436
2019Q3,KT17,LA23,0.01697863641113076,0.033878868098754115
2019Q4,KT17,LA23,0.006251997355823464,0.012475123952406743
2020Q3,KT17,LA23,0.013954693189908609,0.02784494575957587
2020Q4,KT17,LA23,0.013773772580907694,0.027483940005034242
2021Q2,KT17,LA23,0.009163141487155805,0.018283969000599986
2021Q3,KT17,LA23,0.03910675237915232,0.07803291580915027
2021Q4,KT17,LA23,0.009515452939452194,0.01898696498526016
2022Q1,KT17,LA23,0.00927648409980448,0.018510130827198462
2022Q2,KT17,LA23,0.009379354840632358,0.018715397267643825
2022Q3,KT17,LA23,0.02063277615383176,0.04117027333057965
2022Q4,KT17,LA23,0.0036514945986078563,0.0072861271585065845
2023Q1,KT17,LA23,0.0035764884578844648,0.0071364612438458265
2023Q2,KT17,LA23,0.004653134573495146,0.009284781689408687
2023Q3,KT17,LA23,0.005785183775659482,0.011543652465172659
2019Q2,KT18,LA23,0.017280079710703198,0.013471378366952924
2019Q3,KT18,LA23,0.016567897808070685,0.012916168435223472
2019Q4,KT18,LA23,0.008297350425708791,0.006468531910688296
2020Q3,KT18,LA23,0.023444779680488737,0.018277317182170617
2020Q4,KT18,LA23,0.017582054482805226,0.01370679489745313
2021Q2,KT18,LA23,0.020207361569381414,0.015753458204845448
2021Q3,KT18,LA23,0.03482902455172697,0.02715236131680514
2021Q4,KT18,LA23,0.022093034501315816,0.017223510077735562
2022Q1,KT18,LA23,0.010360721042946473,0.008077115132607407
2022Q2,KT18,LA23,0.008263591575264951,0.0064422138464677575
2022Q3,KT18,LA23,0.011983649954805612,0.009342334379297558
2023Q2,KT18,LA23,0.011579285702236559,0.009027096027644949
2019Q1,KT19,LA23,0.003037911599552593,0.008883865024290859
2019Q2,KT19,LA23,0.011319052270100943,0.0331006776448924
2019Q3,KT19,LA23,0.00789417910561767,0.023085208161492586
2019Q4,KT19,LA23,0.005500560613248554,0.016085470707319943
2020Q1,KT19,LA23,0.002216839041263476,0.006482775478412049
2020Q3,KT19,LA23,0.011365707210553577,0.03323711222506865
2020Q4,KT19,LA23,0.00347026716059935,0.010148216642490224
2021Q2,KT19,LA23,0.005704264934599514,0.016681169968619455
2021Q3,KT19,LA23,0.013445919224291213,0.039320344783473286
2021Q4,KT19,LA23,0.005603735529257482,0.016387188514991127
2022Q1,KT19,LA23,0.0031237794364322967,0.009134971169999465
2022Q2,KT19,LA23,0.008656259248474891,0.025313784242453244
2022Q3,KT19,LA23,0.00823881249987802,0.024093030955915924
2022Q4,KT19,LA23,0.0037004265886192663,0.010821279444218243
2023Q1,KT19,LA23,0.0014989908477807993,0.004383548344952887
2023Q2,KT19,LA23,0.008179523391661052,0.023919649862506987
2023Q3,KT19,LA23,0.00940830128543716,0.02751300555947561
2019Q1,KT2,LA23,0.003592771343043225,0.008725667429470695
2019Q2,KT2,LA23,0.01508214942865631,0.03662961192642008
2019Q3,KT2,LA23,0.013628762481303574,0.03309981001640161
2019Q4,KT2,LA23,0.007211561944422916,0.017514527134020373
2020Q1,KT2,LA23,0.0034371618884382928,0.008347742919358721
2020Q3,KT2,LA23,0.01993548536636887,0.048416778788006966
2020Q4,KT2,LA23,0.004823803781797485,0.011715442906348487
2021Q2,KT2,LA23,0.01468230428138276,0.03565851873810672
2021Q3,KT2,LA23,0.01924460558580322,0.04673885758919912
2021Q4,KT2,LA23,0.008299845706148164,0.020157612726454527
2022Q1,KT2,LA23,0.004712462790746702,0.01144503202671987
2022Q2,KT2,LA23,0.005399383118956801,0.013113337009754821
2022Q3,KT2,LA23,0.010066178241181604,0.024447457194402417
2023Q2,KT2,LA23,0.0056606772041045885,0.013747934948391282
2023Q3,KT2,LA23,0.004952679490422844,0.0120284398843999
2020Q3,KT20,LA23,0.026402269991970543,0.010734299688016846
2021Q2,KT20,LA23,0.015473703485500518,0.0062911018843223535
2021Q3,KT20,LA23,0.012563236633680615,0.005107801227637341
2022Q2,KT20,LA23,0.015678215087577562,0.00637424961468944
2019Q2,KT21,LA23,0.013634560096810685,0.01306294225491494
2019Q3,KT21,LA23,0.01714253255249061,0.016423845818726874
2019Q4,KT21,LA23,0.003586306407340621,0.003435953428265011
2020Q3,KT21,LA23,0.022383058825344183,0.021444667290162815
2021Q2,KT21,LA23,0.011493960348394864,0.011012085409817155
2021Q3,KT21,LA23,0.03872685674934077,0.03710326478001556
2021Q4,KT21,LA23,0.011804352971882762,0.0113094650750344
2022Q2,KT21,LA23,0.009031044311402132,0.008652425124373425
2022Q3,KT21,LA23,0.012060560838826943,0.01155493163555289
2023Q1,KT21,LA23,0.0031101144661277234,0.0029797254468595102
2023Q3,KT21,LA23,0.0040884587333042685,0.003917053426406406
2019Q1,KT22,LA23,0.00786185940322937,0.015348926421016006
2019Q2,KT22,LA23,0.0107669491823357,0.02102061386529067
2019Q3,KT22,LA23,0.01669437816995852,0.032592898070659286
2019Q4,KT22,LA23,0.009700075662927013,0.01893772706840799
2020Q1,KT22,LA23,0.00466234986296992,0.009102435101594952
2020Q3,KT22,LA23,0.02032392573116263,0.03967896455966525
2020Q4,KT22,LA23,0.006179333794586786,0.0120640849548964
2021Q2,KT22,LA23,0.016610088940224626,0.0324283378669067
2021Q3,KT22,LA23,0.020016544093732328,0.03907885485353757
2021Q4,KT22,LA23,0.009386842664205869,0.01832619358715162
2022Q1,KT22,LA23,0.007560218025293248,0.014760023582894325
2022Q2,KT22,LA23,0.014934562744771718,0.02915716154951698
2022Q3,KT22,LA23,0.015180616190444838,0.02963753852391605
2022Q4,KT22,LA23,0.009700334900452556,0.01893823318502762
2023Q1,KT22,LA23,0.0058898765803512155,0.011498969597897129
2023Q2,KT22,LA23,0.004823484502061394,0.009417022731879474
2023Q3,KT22,LA23,0.010513748187744018,0.020526282532664773
2023Q2,KT23,LA23,0.04031027425645913,0.0043567964664869546
2023Q3,KT23,LA23,0.07749449202912469,0.008375723938186601
2019Q1,KT3,LA23,0.0017347191958554207,0.003999044318785778
2019Q2,KT3,LA23,0.016648254745036978,0.03837918477809208
2019Q3,KT3,LA23,0.01492109417015789,0.034397565331496266
2019Q4,KT3,LA23,0.0018558453129118961,0.00427827608807073
2020Q1,KT3,LA23,0.0023721524436689373,0.005468517772682039
2020Q3,KT3,LA23,0.02660584401954325,0.061334393270715076
2020Q4,KT3,LA23,0.005424392593773039,0.012504840228216196
2021Q2,KT3,LA23,0.008510003585034075,0.019618092409933476
2021Q3,KT3,LA23,0.01925359535036176,0.0443852707031909
2021Q4,KT3,LA23,0.0027829525164824297,0.006415534270376056
2022Q2,KT3,LA23,0.010636391074468279,0.0245200487781316
2022Q3,KT3,LA23,0.014077633614487309,0.03245313758126836
2022Q4,KT3,LA23,0.0029707262251352307,0.006848408584904541
2023Q1,KT3,LA23,0.0015805672369396842,0.003643678149434266
2023Q2,KT3,LA23,0.00595544060361256,0.013729064028716664
2023Q3,KT3,LA23,0.008515209938071719,0.019630094604056025
2019Q1,KT4,LA23,0.002023627917808224,0.003896591854498679
2019Q2,KT4,LA23,0.005471939754817079,0.010536480392117407
2019Q3,KT4,LA23,0.010451161614221405,0.020124209029559227
2019Q4,KT4,LA23,0.0035181154163086807,0.006774298651316484
2020Q1,KT4,LA23,0.004343442297970951,0.00836350483694135
2020Q3,KT4,LA23,0.010447744655794141,0.02011762951350409
2020Q4,KT4,LA23,0.004569261946120036,0.008798331315574106
2021Q2,KT4,LA23,0.010325672877255285,0.019882574494875044
2021Q3,KT4,LA23,0.02884607568994532,0.05554449144457068
2021Q4,KT4,LA23,0.002542367265859374,0.004895449154517221
2022Q2,KT4,LA23,0.007662247655687123,0.014754022485833048
2022Q3,KT4,LA23,0.017052650197708383,0.032835689443331185
2023Q1,KT4,LA23,0.0042161512093069325,0.00811839978829402
2023Q2,KT4,LA23,0.003814527172625422,0.007345053593505868
2023Q3,KT4,LA23,0.0048844857482835844,0.00940530974725385
2019Q1,KT5,LA23,0.006152476534328629,0.010182632572624773
2019Q2,KT5,LA23,0.012243617900628249,0.02026375261182747
2019Q3,KT5,LA23,0.024852756706455013,0.041132459188856184
2019Q4,KT5,LA23,0.008064700875472335,0.013347452097518845
2020Q3,KT5,LA23,0.006615329885658648,0.010948676227615469
2021Q2,KT5,LA23,0.00230164149770395,0.003809322888800353
2021Q3,KT5,LA23,0.015138209708629731,0.025054435626082158
2022Q1,KT5,LA23,0.002550520737206274,0.004221229514801484
2022Q2,KT5,LA23,0.006171742067876202,0.010214517919661196
2022Q3,KT5,LA23,0.005383777377178747,0.008910399995634095
2023Q2,KT5,LA23,0.0068910760256864975,0.011405048813769436
2023Q3,KT5,LA23,0.004806510347025385,0.007954996422529136
2019Q1,KT6,LA23,0.0032491464394871663,0.008108638967772667
2019Q2,KT6,LA23,0.011368782194394592,0.02837217467247744
2019Q3,KT6,LA23,0.014441056445872331,0.03603940764556222
2020Q1,KT6,LA23,0.005950177412152001,0.014849389317445387
2020Q3,KT6,LA23,0.031112469733958863,0.07764494126902001
2020Q4,KT6,LA23,0.009167454988934766,0.022878495673562583
2021Q2,KT6,LA23,0.018084739405639986,0.04513266034562968
2021Q3,KT6,LA23,0.015581874815609787,0.03888645823570555
2021Q4,KT6,LA23,0.0053184206665773,0.013272763744936932
2022Q1,KT6,LA23,0.009559470971892269,0.02385681909929916
2022Q2,KT6,LA23,0.011089610957104038,0.027675468994375483
2022Q3,KT6,LA23,0.013561794523857905,0.03384510288998765
2022Q4,KT6,LA23,0.007775799698020305,0.019405451127316425
2023Q1,KT6,LA23,0.002383066637955014,0.0059472317924737705
2023Q2,KT6,LA23,0.008665317599486877,0.02162535092336921
2019Q2,KT7,LA23,0.015612995006601313,0.00630997280399697
2019Q3,KT7,LA23,0.01967242380042741,0.007950585977700968
2019Q4,KT7,LA23,0.02433277901082666,0.009834062826451094
2020Q3,KT7,LA23,0.08076225624249563,0.032639966916284485
2020Q4,KT7,LA23,0.02385618836666146,0.00964144930149638
2021Q2,KT7,LA23,0.06288116206670268,0.02541334461177105
2021Q3,KT7,LA23,0.05225608888816823,0.021119234303743455
2021Q4,KT7,LA23,0.015372016178639402,0.006212581505906129
2022Q1,KT7,LA23,0.013418960599678608,0.005423256486412649
2022Q2,KT7,LA23,0.015998346450870032,0.006465712118093239
2023Q3,KT7,LA23,0.013749031822833564,0.005556654366871153
2019Q2,KT8,LA23,0.009040225591041713,0.013721761488919208
2019Q3,KT8,LA23,0.0046804268343264965,0.007104214384938244
2019Q4,KT8,LA23,0.006642350565209847,0.010082132272441945
2020Q1,KT8,LA23,0.0032973580134316,0.005004914949104848
2020Q3,KT8,LA23,0.014490426565050025,0.02199438224145062
2020Q4,KT8,LA23,0.008005555783614192,0.012151281618220494
2021Q2,KT8,LA23,0.011506741986631094,0.01746557842666514
2021Q3,KT8,LA23,0.011955221165164776,0.01814630528006178
2021Q4,KT8,LA23,0.005646788713764925,0.008571012650987909
2022Q1,KT8,LA23,0.003156979028924031,0.004791839852242406
2022Q2,KT8,LA23,0.01012462585650313,0.01536772503831639
2022Q3,KT8,LA23,0.00943902194607984,0.014327076965991609
2022Q4,KT8,LA23,0.007518492629019725,0.011411989841695731
2023Q2,KT8,LA23,0.00880029042138965,0.013357574429911359
2023Q3,KT8,LA23,0.015737355875350204,0.023887041491728243
2019Q3,KT9,LA23,0.006051241111102125,0.003828410715597667
2020Q3,KT9,LA23,0.012781889746387479,0.008086659046006063
2021Q2,KT9,LA23,0.005940158838014471,0.003758132807843919
2021Q3,KT9,LA23,0.04308769376539609,0.027260091854411198
2022Q3,KT9,LA23,0.012035741432612492,0.007614596844643702
2023Q3,KT9,LA23,0.005533085734374325,0.003500591750828643
2021Q3,KW14,LA23,0.0035017506455659628,0.0023788204146152755
2019Q3,KW15,LA23,0.013055003750651564,0.011216556524145958
2021Q4,KW15,LA23,0.0073493408444032455,0.006314383248825138
2022Q3,KW15,LA23,0.004909069860857446,0.004217759000838336
2019Q2,KY1,LA23,0.0034698198201572987,0.0034525106719641963
2020Q3,KY1,LA23,0.011250191912550805,0.011194070485759728
2021Q2,KY1,LA23,0.002898819335417795,0.0028843586152471714
2021Q3,KY1,LA23,0.014008768064518964,0.013938885518738656
2021Q4,KY1,LA23,0.005494335537302542,0.0054669271204489285
2022Q1,KY1,LA23,0.007214603477710154,0.00717861352802323
2022Q2,KY1,LA23,0.003717534334343729,0.003698989465721938
2022Q3,KY1,LA23,0.012716859484958815,0.012653421607263474
2023Q2,KY1,LA23,0.0036240873219518994,0.0036060086124592643
2023Q3,KY1,LA23,0.00399278883118685,0.003972870859313703
2021Q3,KY10,LA23,0.04072091503748071,0.00505350214458892
2019Q1,KY11,LA23,0.0054057281807729654,0.023337543447563138
2019Q2,KY11,LA23,0.012805806420413159,0.05528507052582537
2019Q3,KY11,LA23,0.02119844573584776,0.09151767011533617
2019Q4,KY11,LA23,0.012506025040587971,0.05399085802706809
2020Q1,KY11,LA23,0.0018703176064099444,0.008074512247135046
2020Q3,KY11,LA23,0.010765685271542456,0.04647748450634954
2020Q4,KY11,LA23,0.008356900015739237,0.03607830632289917
2021Q2,KY11,LA23,0.010592063284690626,0.0457279257926838
2021Q3,KY11,LA23,0.029168410053291956,0.1259255023839734
2021Q4,KY11,LA23,0.018132553093518217,0.07828163597650921
2022Q1,KY11,LA23,0.006271761417205398,0.027076371521487046
2022Q2,KY11,LA23,0.015534151928084784,0.0670638503120013
2022Q3,KY11,LA23,0.017732738519184874,0.07655556139646269
2022Q4,KY11,LA23,0.007902957317406175,0.03411855046933402
2023Q1,KY11,LA23,0.0031371535233997217,0.013543680741185176
2023Q2,KY11,LA23,0.008608548899161213,0.03716472179811297
2023Q3,KY11,LA23,0.014815430256844666,0.06396099392182428
2019Q1,KY12,LA23,0.008374966062133322,0.017768886886569434
2019Q2,KY12,LA23,0.011335024034296842,0.024049143414756943
2019Q3,KY12,LA23,0.012340941433616706,0.02618336489734452
2019Q4,KY12,LA23,0.007563532387927571,0.016047295053725312
2020Q1,KY12,LA23,0.002211430238974998,0.004691917971053435
2020Q3,KY12,LA23,0.004936110764255183,0.010472782000418795
2020Q4,KY12,LA23,0.0008019940400973542,0.0017015640751817849
2021Q2,KY12,LA23,0.002257537910269794,0.00478974308338967
2021Q3,KY12,LA23,0.00366448640773981,0.007774818905942366
2021Q4,KY12,LA23,0.0018980480178168754,0.004027025337613659
2022Q2,KY12,LA23,0.0036521842131075704,0.007748717748844523
2022Q3,KY12,LA23,0.0022204950139671754,0.004711150402599214
2023Q1,KY12,LA23,0.0011455013029588027,0.0024303720074428698
2023Q2,KY12,LA23,0.003714615295008579,0.007881175698438008
2023Q3,KY12,LA23,0.007931030634226963,0.016827003857445903
2019Q2,KY13,LA23,0.011130934452841464,0.005431282049952429
2019Q3,KY13,LA23,0.027864454558606096,0.013596316869626252
2019Q4,KY13,LA23,0.030610921765084037,0.014936441376021016
2020Q3,KY13,LA23,0.008062033329919173,0.0039338275772282895
2020Q4,KY13,LA23,0.018096603560439063,0.008830144360236295
2021Q2,KY13,LA23,0.011452627482529277,0.005588250504410646
2021Q3,KY13,LA23,0.028894435327542062,0.014098890672914624
2021Q4,KY13,LA23,0.021675827481263163,0.010576608209816308
2022Q2,KY13,LA23,0.03007540881746001,0.014675140595545663
2022Q3,KY13,LA23,0.03201890295720453,0.015623458535975859
2022Q4,KY13,LA23,0.010620759832290959,0.00518234497547079
2023Q2,KY13,LA23,0.01622616085488897,0.007917471490302598
2023Q3,KY13,LA23,0.024761324467531855,0.012082160548454462
2019Q1,KY15,LA23,0.014904823031249391,0.013467980155364007
2019Q2,KY15,LA23,0.012762954360532307,0.011532590201915126
2019Q3,KY15,LA23,0.020506584160192968,0.01852972477061541
2019Q4,KY15,LA23,0.008707102627817586,0.007867727456830809
2020Q1,KY15,LA23,0.002932346875962681,0.002649665108489286
2020Q3,KY15,LA23,0.019394841657542683,0.017525155583032515
2020Q4,KY15,LA23,0.008035448203803867,0.007260821327525298
2021Q3,KY15,LA23,0.024826888820161132,0.02243354686253731
2021Q4,KY15,LA23,0.021103263578809883,0.0190688835752653
2022Q1,KY15,LA23,0.007897420579140576,0.007136099731974666
2022Q2,KY15,LA23,0.01346229432549298,0.012164512952704995
2022Q3,KY15,LA23,0.021298422637681627,0.01924522906601776
2022Q4,KY15,LA23,0.010866254757622944,0.009818734723113858
2023Q1,KY15,LA23,0.006562513412614383,0.005929879222658029
2023Q2,KY15,LA23,0.012977077214792578,0.011726071355360627
2023Q3,KY15,LA23,0.014709583956363346,0.013291562362237316
2019Q1,KY16,LA23,0.010838508259005605,0.015873263238948287
2019Q2,KY16,LA23,0.016920642275516096,0.02478069883723886
2019Q3,KY16,LA23,0.023579062649443792,0.034532120049942494
2019Q4,KY16,LA23,0.011073061200330808,0.01621677181892571
2020Q1,KY16,LA23,0.004848595857817251,0.007100888475723559
2020Q3,KY16,LA23,0.017987213890837024,0.0263427193301524
2020Q4,KY16,LA23,0.0070860067820139065,0.010377632075929157
2021Q2,KY16,LA23,0.01373149243259342,0.020110110066583937
2021Q3,KY16,LA23,0.032201635574544564,0.04716009122147621
2021Q4,KY16,LA23,0.01577868393289489,0.023108272618872668
2022Q1,KY16,LA23,0.006533960688581272,0.009569146927264129
2022Q2,KY16,LA23,0.015865919261735483,0.02323603091414106
2022Q3,KY16,LA23,0.018520993390228332,0.02712445260035149
2022Q4,KY16,LA23,0.027104120346034467,0.03969465417487365
2023Q1,KY16,LA23,0.004557515213310113,0.00667459367725021
2023Q2,KY16,LA23,0.008531783015798088,0.012495007105320612
2023Q3,KY16,LA23,0.009766456665472276,0.014303217182494969
2019Q2,KY2,LA23,0.008251831883492924,0.02033750103354437
2019Q3,KY2,LA23,0.012448125609573013,0.030679704946099718
2019Q4,KY2,LA23,0.004859323448349479,0.011976309872578444
2020Q1,KY2,LA23,0.0012604341408479452,0.0031064715088886447
2020Q3,KY2,LA23,0.010123370495142768,0.024950103300065026
2020Q4,KY2,LA23,0.0034420867825898085,0.008483382173418423
2021Q2,KY2,LA23,0.006594418927470896,0.016252633796544902
2021Q3,KY2,LA23,0.015643435434341036,0.03855487954747645
2021Q4,KY2,LA23,0.00765108312668426,0.01885689301401634
2022Q1,KY2,LA23,0.0038319662130999717,0.009444280726965031
2022Q2,KY2,LA23,0.009079760949546935,0.022378018639126945
2022Q3,KY2,LA23,0.007948846574365084,0.01959076211247368
2022Q4,KY2,LA23,0.004973911037181134,0.012258722946329615
2023Q1,KY2,LA23,0.003742255806892292,0.009223180066562812
2023Q2,KY2,LA23,0.0070056845208736045,0.017266240780906827
2023Q3,KY2,LA23,0.01511409123237524,0.03725025550682972
2019Q3,KY3,LA23,0.027814250801417587,0.005033402084552355
2021Q3,KY3,LA23,0.023947919713660202,0.004333732009106865
2021Q4,KY3,LA23,0.026493377537376468,0.004794370435340535
2022Q3,KY3,LA23,0.029548646094582288,0.005347266691094555
2023Q3,KY3,LA23,0.05706963586278566,0.010327598832960435
2019Q2,KY4,LA23,0.005157860611541734,0.004197225126556377
2019Q3,KY4,LA23,0.0034540633455700143,0.002810754798278741
2020Q1,KY4,LA23,0.006554057432436582,0.0053333846352419615
2020Q3,KY4,LA23,0.014259528547065881,0.011603735738159659
2021Q2,KY4,LA23,0.004574112799827393,0.00372219852785049
2021Q3,KY4,LA23,0.01923035884754845,0.015648764366957148
2021Q4,KY4,LA23,0.006845131683757157,0.005570247213226815
2022Q2,KY4,LA23,0.013038278368677202,0.010609939604337376
2022Q3,KY4,LA23,0.012114855079918123,0.009858501028941596
2023Q2,KY4,LA23,0.012760531692966542,0.01038392238248736
2023Q3,KY4,LA23,0.014027806432461465,0.01141517114616195
2020Q3,KY5,LA23,0.009382151460460791,0.003882420589149158
2021Q3,KY5,LA23,0.00772926297849794,0.003198440128912068
2022Q3,KY5,LA23,0.0045872023472994326,0.0018982265330935067
2023Q3,KY5,LA23,0.009200788009691504,0.0038073707246960814
2019Q3,KY6,LA23,0.020082121860690742,0.009540949001313552
2019Q4,KY6,LA23,0.006830195069905512,0.003245002857917637
2020Q3,KY6,LA23,0.010346267057942695,0.004915476912179554
2022Q3,KY6,LA23,0.011917572601419322,0.005661998926127541
2019Q1,KY7,LA23,0.003288454860455886,0.008637169323410418
2019Q2,KY7,LA23,0.010731061836924936,0.028185273035087076
2019Q3,KY7,LA23,0.02053490157200124,0.05393518519890925
2019Q4,KY7,LA23,0.007047416509641897,0.018510130827198462
2020Q3,KY7,LA23,0.0041531611117775966,0.010908331502793876
2020Q4,KY7,LA23,0.00441277669360031,0.011590215194178228
2021Q2,KY7,LA23,0.0032648634540703428,0.00857520618869338
2021Q3,KY7,LA23,0.0159528833772827,0.041900455007951136
2021Q4,KY7,LA23,0.009409254881948666,0.024713529931577098
2022Q2,KY7,LA23,0.0065311308308077356,0.01715409979847261
2022Q3,KY7,LA23,0.014604016501096403,0.03835763867057087
2022Q4,KY7,LA23,0.004456931437873837,0.011706188202446758
2023Q1,KY7,LA23,0.005068491162799444,0.013312457748390436
2023Q2,KY7,LA23,0.005496412297295686,0.014436398155830771
2023Q3,KY7,LA23,0.008105093307944546,0.021288132649949998
2019Q2,KY8,LA23,0.005775777786131247,0.008099239659122475
2019Q3,KY8,LA23,0.0065687297547518606,0.009211177872440256
2019Q4,KY8,LA23,0.003642299240219047,0.005107512018140412
2020Q3,KY8,LA23,0.006497988477624122,0.009111979014993608
2020Q4,KY8,LA23,0.005104457503184346,0.0071578627466185735
2021Q2,KY8,LA23,0.006160369029641303,0.008638543068520832
2021Q3,KY8,LA23,0.007863882918142275,0.011027341210780158
2021Q4,KY8,LA23,0.010849041067258538,0.015213359469330537
2022Q1,KY8,LA23,0.005075377269729504,0.0071170842075515845
2022Q2,KY8,LA23,0.012191217586873805,0.01709546257297025
2022Q4,KY8,LA23,0.0016087453262846575,0.0022559063784204497
2023Q1,KY8,LA23,0.002509871638501476,0.003519534972877492
2023Q2,KY8,LA23,0.006481128129504027,0.009088336138619663
2023Q3,KY8,LA23,0.006484943621127535,0.00909368651431285
2019Q1,L1,LA23,0.024419692305187438,0.00737910801176926
2019Q3,L1,LA23,0.013190734938542198,0.0039859575890497405
2020Q2,L1,LA23,0.003290924347343673,0.0009944468551903742
2019Q1,L10,LA23,0.05408002210885179,0.04831324178810638
2019Q2,L10,LA23,0.04676987020030804,0.041782602137952575
2019Q3,L10,LA23,0.06540410491124586,0.05842978999068287
2019Q4,L10,LA23,0.04363664734716422,0.03898348802192523
2020Q1,L10,LA23,0.04232343574373621,0.03781030969763273
2020Q2,L10,LA23,0.004129421646845001,0.0036890840404521204
2020Q3,L10,LA23,0.062385806283226375,0.055733345246065324
2020Q4,L10,LA23,0.03720299498657592,0.0332358830847067
2021Q2,L10,LA23,0.031137990404467505,0.027817615462116082
2021Q3,L10,LA23,0.03605690910489565,0.032212009163203804
2021Q4,L10,LA23,0.0385700267376854,0.03445714248786365
2022Q1,L10,LA23,0.04921775619545677,0.043969459748981234
2022Q2,L10,LA23,0.02124827523719944,0.01898248223805776
2022Q3,L10,LA23,0.03178237539069293,0.028393286965753262
2022Q4,L10,LA23,0.01994048611481604,0.017814148172838818
2023Q1,L10,LA23,0.03057380957817041,0.02731359561134306
2023Q2,L10,LA23,0.01976421501459009,0.017656673601760983
2019Q1,L11,LA23,0.031170630561864605,0.05036742454241885
2019Q2,L11,LA23,0.03932758288254387,0.06354793045783542
2019Q3,L11,LA23,0.04837299988053218,0.07816407231600757
2019Q4,L11,LA23,0.036738077050290176,0.05936364745626661
2020Q1,L11,LA23,0.03377168070751201,0.05457036155653957
2020Q2,L11,LA23,0.002365107647488132,0.003821686594794068
2020Q3,L11,LA23,0.10363898400133338,0.16746625308011912
2020Q4,L11,LA23,0.03527074112346728,0.05699263569806842
2021Q1,L11,LA23,0.0009506607843527414,0.0015361362429383953
2021Q2,L11,LA23,0.06416177249867865,0.10367654348285103
2021Q3,L11,LA23,0.12360576892378974,0.1997298138361505
2021Q4,L11,LA23,0.06928941644312403,0.11196210636037003
2022Q1,L11,LA23,0.06395249825936687,0.1033383852785668
2022Q2,L11,LA23,0.09986363555838043,0.1613658125566472
2022Q3,L11,LA23,0.11107710145895013,0.1794852213534946
2022Q4,L11,LA23,0.04925247073229031,0.07958517548154245
2023Q1,L11,LA23,0.03055135421547272,0.0493667596830445
2023Q2,L11,LA23,0.041833817524000214,0.06759765874095801
2023Q3,L11,LA23,0.027787923010500447,0.04490143735283494
2019Q1,L12,LA23,0.06164632011766345,0.07317209949189031
2019Q2,L12,LA23,0.05574379319461917,0.06616599942878522
2019Q3,L12,LA23,0.0742054233010107,0.08807933070872148
2019Q4,L12,LA23,0.07101927703437752,0.08429748272212939
2020Q1,L12,LA23,0.059174751181620924,0.07023843065741674
2020Q2,L12,LA23,0.005528882958689761,0.006562597299564454
2020Q3,L12,LA23,0.21219961952605546,0.25187378001583
2020Q4,L12,LA23,0.07569488241682369,0.08984726836344847
2021Q1,L12,LA23,0.004529839160290903,0.005376766059781313
2021Q2,L12,LA23,0.14074901335708478,0.16706432418176204
2021Q3,L12,LA23,0.23299527568105674,0.2765575213692233
2021Q4,L12,LA23,0.13088021981339878,0.15535039962527242
2022Q1,L12,LA23,0.14525168505599614,0.17240884338263576
2022Q2,L12,LA23,0.16655377680272285,0.1976937066753961
2022Q3,L12,LA23,0.15563117814274513,0.18472895104468856
2022Q4,L12,LA23,0.10873922609779522,0.12906978803458552
2023Q1,L12,LA23,0.0689579611306023,0.08185077037811002
2023Q2,L12,LA23,0.15594390851656256,0.1851001514339969
2023Q3,L12,LA23,0.17317892165030868,0.2055575298040184
2019Q1,L13,LA23,0.04501925607289063,0.10963382530534307
2019Q2,L13,LA23,0.046092035228059165,0.11224632699347699
2019Q3,L13,LA23,0.05739925162662313,0.1397823970103327
2019Q4,L13,LA23,0.04952327777539335,0.1206023123834982
2020Q1,L13,LA23,0.03637877157362196,0.08859195454202815
2020Q2,L13,LA23,0.003865336146750764,0.009413118403670932
2020Q3,L13,LA23,0.13879816996515285,0.3380103459289309
2020Q4,L13,LA23,0.07220109815440723,0.17582881798619546
2021Q1,L13,LA23,0.0014681573415737284,0.00357535240578479
2021Q2,L13,LA23,0.11993197700425665,0.29206616373491845
2021Q3,L13,LA23,0.17714448020462095,0.4313937788113303
2021Q4,L13,LA23,0.12142587534512547,0.29570420229916256
2022Q1,L13,LA23,0.11682497604089265,0.28449979257388763
2022Q2,L13,LA23,0.12194793962610087,0.2969755672476625
2022Q3,L13,LA23,0.11625799119251988,0.28311903413317435
2022Q4,L13,LA23,0.0787111067281623,0.19168241497935254
2023Q1,L13,LA23,0.05032997753531043,0.12256684019376267
2023Q2,L13,LA23,0.07152123293772984,0.17417316591865115
2023Q3,L13,LA23,0.06384415061392579,0.1554774348967985
2019Q1,L14,LA23,0.05219265387085672,0.047430574403479066
2019Q2,L14,LA23,0.043474770179402177,0.039508114049354434
2019Q3,L14,LA23,0.05373877460913438,0.04883562644193439
2019Q4,L14,LA23,0.047983685657180766,0.04360563420184455
2020Q1,L14,LA23,0.04117790610317423,0.0374208168076436
2020Q2,L14,LA23,0.011027954994696028,0.010021759789958016
2020Q3,L14,LA23,0.2420794806963962,0.2199920480981191
2020Q4,L14,LA23,0.10896702209128352,0.09902482563187072
2021Q1,L14,LA23,0.0033253569895051204,0.0030219500334111443
2021Q2,L14,LA23,0.1801654325658816,0.16372706349432406
2021Q3,L14,LA23,0.2977297229501105,0.2705647390809833
2021Q4,L14,LA23,0.2036655448730432,0.1850830157713039
2022Q1,L14,LA23,0.2355430967488225,0.21405204654306856
2022Q2,L14,LA23,0.2389665532016269,0.21716314540390808
2022Q3,L14,LA23,0.18086191488682446,0.16435999847835314
2022Q4,L14,LA23,0.12694754780769682,0.1153648006964882
2023Q1,L14,LA23,0.08789210673488501,0.07987279432623835
2023Q2,L14,LA23,0.14649647151277204,0.13313007246434602
2023Q3,L14,LA23,0.1497804564658492,0.1361144252631564
2019Q1,L15,LA23,0.04175753518456813,0.0789595430373108
2019Q2,L15,LA23,0.05358814983038054,0.1013301145318918
2019Q3,L15,LA23,0.053197559795355114,0.10059154577910938
2019Q4,L15,LA23,0.059013737929244824,0.11158938762120277
2020Q1,L15,LA23,0.035717977022815615,0.06753931072495259
2020Q2,L15,LA23,0.004348492582796597,0.008222587509562694
2020Q3,L15,LA23,0.13206057475369018,0.24971403579513846
2020Q4,L15,LA23,0.08701229462596408,0.1645320058266517
2021Q1,L15,LA23,0.002377303401628603,0.004495255513141714
2021Q2,L15,LA23,0.12066953162453488,0.22817465239473134
2021Q3,L15,LA23,0.16119882078804704,0.3048116985669538
2021Q4,L15,LA23,0.11460798723956753,0.2167128462171896
2022Q1,L15,LA23,0.10366072168716263,0.19601260417212205
2022Q2,L15,LA23,0.10197126205842412,0.1928179960690443
2022Q3,L15,LA23,0.09508341804967804,0.1797937355843436
2022Q4,L15,LA23,0.06810873109039157,0.12878715805371166
2023Q1,L15,LA23,0.05105032788082861,0.09653133365172313
2023Q2,L15,LA23,0.044137515169892456,0.08345985971664878
2023Q3,L15,LA23,0.028855598796088813,0.05456320362149058
2019Q1,L16,LA23,0.05890653483963295,0.020080755302645643
2019Q2,L16,LA23,0.12135192006362525,0.04136787571935639
2019Q3,L16,LA23,0.07885602177113261,0.026881372018182668
2019Q4,L16,LA23,0.05763776630506672,0.019648242499988318
2020Q1,L16,LA23,0.03963724528198048,0.013512012301271449
2020Q2,L16,LA23,0.008969188196211463,0.003057522801533412
2020Q3,L16,LA23,0.4749671702053497,0.161912418505843
2020Q4,L16,LA23,0.2723780073178377,0.09285143201279847
2021Q2,L16,LA23,0.2465858646154093,0.08405910179428566
2021Q3,L16,LA23,0.4249810410873461,0.14487255645865738
2021Q4,L16,LA23,0.33277792217283025,0.1134412683324134
2022Q1,L16,LA23,0.3140212727937212,0.10704728016955856
2022Q2,L16,LA23,0.2592370691539929,0.08837179381249094
2022Q3,L16,LA23,0.3168580797395292,0.10801432442491493
2022Q4,L16,LA23,0.21208562600464148,0.07229825299691932
2023Q1,L16,LA23,0.11384217624828145,0.03880786555491509
2023Q2,L16,LA23,0.2110132599546972,0.07193269219280107
2023Q3,L16,LA23,0.12802154482757874,0.04364149617946374
2019Q1,L17,LA23,0.03605679466832139,0.03716110667940136
2019Q2,L17,LA23,0.057321315421167675,0.05907689624006152
2019Q3,L17,LA23,0.06899525410369657,0.07110837282417917
2019Q4,L17,LA23,0.053474643711541016,0.05511241245615876
2020Q1,L17,LA23,0.039878211019481004,0.041099561608580505
2020Q2,L17,LA23,0.0035187028184225397,0.0036264701843669906
2020Q3,L17,LA23,0.04156281358300713,0.042835758521019535
2020Q4,L17,LA23,0.011335376571523328,0.011682545326072812
2021Q2,L17,LA23,0.02282768713441,0.02352683106330317
2021Q3,L17,LA23,0.03853652010091866,0.03971677870138871
2021Q4,L17,LA23,0.05148795899923948,0.05306488152027565
2022Q1,L17,LA23,0.02134351390182936,0.02199720203404568
2022Q2,L17,LA23,0.0347414114148289,0.03580543716254666
2022Q3,L17,LA23,0.033533854511236035,0.03456089639488693
2022Q4,L17,LA23,0.029205717453944367,0.030100201416628232
2023Q1,L17,LA23,0.04815895198441394,0.04963391695583266
2023Q2,L17,LA23,0.05930301921554933,0.06111929370737414
2023Q3,L17,LA23,0.02318771630011258,0.023897886847863082
2019Q1,L18,LA23,0.07544053680624616,0.2513558058068301
2019Q2,L18,LA23,0.08943686064228129,0.2979893188367729
2019Q3,L18,LA23,0.09565390460972993,0.3187035152400673
2019Q4,L18,LA23,0.0690871056148577,0.23018718898148605
2020Q1,L18,LA23,0.0753924052449576,0.251195439140783
2020Q2,L18,LA23,0.006558565388349961,0.02185209116896155
2020Q3,L18,LA23,0.053185440325144925,0.17720538288920326
2020Q4,L18,LA23,0.0257885129508624,0.08592320160674154
2021Q2,L18,LA23,0.02439007192105273,0.08126381970409262
2021Q3,L18,LA23,0.04509258919388057,0.1502412969548989
2021Q4,L18,LA23,0.026326640298397742,0.0877161558829529
2022Q1,L18,LA23,0.03014454945007635,0.10043681869825236
2022Q2,L18,LA23,0.040536149192187024,0.13505996743735324
2022Q3,L18,LA23,0.03702645129613567,0.12336621524327444
2022Q4,L18,LA23,0.01868515818192228,0.062255959332679335
2023Q1,L18,LA23,0.015722571612835242,0.05238509459774403
2023Q2,L18,LA23,0.04768418515350457,0.15887608029995964
2023Q3,L18,LA23,0.006320468233048816,0.021058789518885297
2019Q1,L19,LA23,0.03597244737590141,0.012062711209785986
2019Q2,L19,LA23,0.04875384903138586,0.016348723651899568
2019Q3,L19,LA23,0.06311678177111564,0.021165074009006704
2019Q4,L19,LA23,0.028342934435748618,0.0095042916975778
2020Q1,L19,LA23,0.02567837258992671,0.008610778956815647
2020Q3,L19,LA23,0.07136532344240247,0.02393107363763568
2021Q2,L19,LA23,0.012252930941444196,0.004108799322870334
2021Q3,L19,LA23,0.01680756797260959,0.0056361146761523965
2021Q4,L19,LA23,0.022076104038531132,0.007402823190517437
2022Q1,L19,LA23,0.02933648525186347,0.009837461038040009
2022Q2,L19,LA23,0.01702727897122527,0.00570979079549506
2022Q4,L19,LA23,0.014515587682830755,0.004867540438063572
2023Q1,L19,LA23,0.017621080826168912,0.005908911534130677
2019Q1,L20,LA23,0.04425844523873905,0.08704330998834757
2019Q2,L20,LA23,0.05390132248037673,0.1060080058423442
2019Q3,L20,LA23,0.05027080936310628,0.09886785717741252
2019Q4,L20,LA23,0.04367317508434585,0.08589225619057014
2020Q1,L20,LA23,0.029869144687214636,0.058743799201973534
2020Q2,L20,LA23,0.0008223192722027006,0.0016172595068269806
2020Q3,L20,LA23,0.060620790006100676,0.11922321689739225
2020Q4,L20,LA23,0.03092042517308322,0.060811357895518975
2021Q2,L20,LA23,0.03087300064424105,0.060718087832759365
2021Q3,L20,LA23,0.0520814705216599,0.10242889371309932
2021Q4,L20,LA23,0.03607525087902233,0.07094937990324246
2022Q1,L20,LA23,0.03336826612535185,0.06562553918139916
2022Q2,L20,LA23,0.01908370393248737,0.037532017859212785
2022Q3,L20,LA23,0.04246811413014644,0.0835222566656112
2022Q4,L20,LA23,0.021540404816113332,0.042363624017282935
2023Q1,L20,LA23,0.018601591319126042,0.03658384452353106
2023Q2,L20,LA23,0.03594970454879288,0.07070246729523931
2023Q3,L20,LA23,0.04308966956358399,0.08474467290675586
2019Q1,L21,LA23,0.0682204814501361,0.08982181792771872
2019Q2,L21,LA23,0.0542403425569976,0.07141500719329814
2019Q3,L21,LA23,0.07048772839504168,0.09280696605264566
2019Q4,L21,LA23,0.07149013413370776,0.09412677359188117
2020Q1,L21,LA23,0.05618101412511743,0.07397017309866588
2020Q2,L21,LA23,0.00852632460938578,0.011226100437544614
2020Q4,L21,LA23,0.02641130996166024,0.034774188398872065
2021Q2,L21,LA23,0.014455367295812772,0.019032515481026475
2021Q3,L21,LA23,0.007518262697218951,0.00989884575376319
2021Q4,L21,LA23,0.007178947201480061,0.009452089383382116
2022Q1,L21,LA23,0.015305440750099555,0.020151756234141716
2022Q2,L21,LA23,0.007966638004341149,0.01048919463936952
2022Q3,L21,LA23,0.006641116490156754,0.008743959930151451
2023Q1,L21,LA23,0.06584867766692548,0.08669900608225359
2023Q2,L21,LA23,0.045730656982279065,0.0602108143751459
2023Q3,L21,LA23,0.018826436211466485,0.024787639865165155
2023Q1,L22,LA23,0.5643174527153251,0.028052092061751268
2023Q2,L22,LA23,0.10798425787854407,0.005367872867750746
2019Q1,L23,LA23,0.07825321691324595,0.10126525930220548
2019Q2,L23,LA23,0.11743195395329868,0.15196534706846693
2019Q3,L23,LA23,0.12675771841847785,0.16403355325869454
2019Q4,L23,LA23,0.11844938321831047,0.1532819733032362
2020Q1,L23,LA23,0.11368785895566168,0.14712022036641534
2020Q2,L23,LA23,0.008827609642178326,0.01142355822157289
2020Q3,L23,LA23,0.025572785660828663,0.033093013593223766
2020Q4,L23,LA23,0.00996583418840678,0.0128965021894323
2021Q2,L23,LA23,0.010952031000967078,0.014172711397005754
2021Q3,L23,LA23,0.01390408441371627,0.017992879641940945
2021Q4,L23,LA23,0.01199370871743494,0.015520716862191834
2022Q1,L23,LA23,0.009257656487471887,0.011980069596038524
2022Q2,L23,LA23,0.010177980202643449,0.013171034304392155
2023Q1,L23,LA23,0.017758694243104698,0.02298102044022391
2023Q2,L23,LA23,0.006807221962217247,0.008809032066960478
2023Q3,L23,LA23,0.006505568991223364,0.008418671548480557
2019Q1,L24,LA23,0.02027846430687553,0.007165526798287193
2019Q2,L24,LA23,0.055179398668362314,0.019497998166333703
2019Q3,L24,LA23,0.05428093000612034,0.01918051844107989
2019Q4,L24,LA23,0.01608711106675608,0.005684484964513771
2020Q1,L24,LA23,0.02430407862273719,0.008588003708932491
2020Q4,L24,LA23,0.01580842413485593,0.005586009130809446
2021Q2,L24,LA23,0.009953747789438146,0.0035172212969020607
2021Q3,L24,LA23,0.02317664470587241,0.008189617626912789
2022Q1,L24,LA23,0.019788818324469472,0.0069925072167494155
2022Q2,L24,LA23,0.021331213399846373,0.00753752251371212
2022Q3,L24,LA23,0.016083632595506228,0.005683255824151823
2023Q1,L24,LA23,0.034215061677397705,0.01209011380962001
2023Q2,L24,LA23,0.0171470217181825,0.006059011263036829
2019Q1,L25,LA23,0.0488236880820327,0.1106442509852388
2019Q2,L25,LA23,0.061071923674149285,0.13840120475537399
2019Q3,L25,LA23,0.053216993359356916,0.12060036021939392
2019Q4,L25,LA23,0.06474137574683497,0.14671691772294784
2020Q1,L25,LA23,0.0554018572216124,0.1255516991091927
2020Q2,L25,LA23,0.00341402326642968,0.007736860159470434
2020Q3,L25,LA23,0.11202706719704444,0.2538757604559468
2020Q4,L25,LA23,0.04469487253789137,0.101287528433469
2021Q1,L25,LA23,0.0018085482527389128,0.004098532385729355
2021Q2,L25,LA23,0.07207035753912794,0.16332585761970927
2021Q3,L25,LA23,0.09571404873804804,0.2169071949991259
2021Q4,L25,LA23,0.06794900768829963,0.15398605382350986
2022Q1,L25,LA23,0.0684516977047085,0.1551252500319132
2022Q2,L25,LA23,0.08464625411553746,0.19182535677320967
2022Q3,L25,LA23,0.08856848690668008,0.20071392145182568
2022Q4,L25,LA23,0.04464433553700335,0.10117300147268513
2023Q1,L25,LA23,0.06268317343352234,0.14205261925885113
2023Q2,L25,LA23,0.06432249930449985,0.14576765985165266
2023Q3,L25,LA23,0.03631204751559065,0.08229036881344211
2019Q1,L26,LA23,0.030544373253154174,0.018967371041843217
2019Q2,L26,LA23,0.031695897079549895,0.019682441523000176
2019Q3,L26,LA23,0.06404882640908473,0.03977288534379294
2019Q4,L26,LA23,0.04386607179684136,0.02723984718962617
2020Q1,L26,LA23,0.04695644039140104,0.029158896806498562
2020Q2,L26,LA23,0.004765958016770071,0.002959553084448712
2020Q3,L26,LA23,0.13445734775462653,0.08349499867052564
2020Q4,L26,LA23,0.02710249298701829,0.01683004055716366
2021Q2,L26,LA23,0.0523609177877418,0.032514956111236934
2021Q3,L26,LA23,0.06456788537956724,0.040095209328120315
2021Q4,L26,LA23,0.0220972648526301,0.013721906093667672
2022Q1,L26,LA23,0.06547455029727639,0.04065822791626685
2022Q2,L26,LA23,0.06659487004020659,0.041353921361129566
2022Q3,L26,LA23,0.05247246074281633,0.032584221785751426
2022Q4,L26,LA23,0.023364290361107168,0.014508700530063022
2023Q1,L26,LA23,0.015632896516786787,0.009707678276293121
2023Q2,L26,LA23,0.008130060940536657,0.005048585583141127
2023Q3,L26,LA23,0.010206762555055772,0.0063381707299475475
2019Q1,L27,LA23,0.052960833434745384,0.006709154212133226
2019Q2,L27,LA23,0.03322743957953732,0.0042092996230531626
2019Q3,L27,LA23,0.06126626647541025,0.007761298361960936
2019Q4,L27,LA23,0.01887613984015318,0.002391256422983223
2020Q1,L27,LA23,0.03913176233968562,0.004957267684485796
2020Q4,L27,LA23,0.03817462852926815,0.0048360166028983105
2021Q2,L27,LA23,0.06643661542506549,0.008416285570130893
2021Q3,L27,LA23,0.1286805624116535,0.016301437899151675
2021Q4,L27,LA23,0.08506790708115837,0.010776524274568482
2022Q1,L27,LA23,0.08791647884489932,0.011137385424361644
2022Q3,L27,LA23,0.08924801920250455,0.011306066863445484
2023Q2,L27,LA23,0.09044828897191894,0.011458118756455906
2023Q3,L27,LA23,0.1203757001126764,0.015249366051698196
2019Q4,L28,LA23,0.10595996581229414,0.0038747565374805397
2020Q3,L28,LA23,0.37551321354336603,0.01373181151893749
2021Q2,L28,LA23,0.3676360605923821,0.013443758859996205
2021Q3,L28,LA23,0.5059469241416238,0.018501526844664832
2021Q4,L28,LA23,0.37929361425679,0.013870053658469552
2022Q1,L28,LA23,0.3823740872230633,0.0139827007575234
2022Q2,L28,LA23,0.3282265694731522,0.012002627936798986
2022Q3,L28,LA23,0.3450248354047685,0.012616908908276186
2022Q4,L28,LA23,0.2926212054316566,0.010700606781624615
2023Q2,L28,LA23,0.3179233957714511,0.011625860264674728
2023Q3,L28,LA23,0.22574053883527545,0.008254906670844511
2019Q2,L29,LA23,0.1879786775033056,0.00802968477511105
2019Q4,L29,LA23,0.1989570913114081,0.008498637974381428
2020Q3,L29,LA23,0.8386113420284875,0.03582206670862007
2020Q4,L29,LA23,0.2425203716350489,0.01035948417999686
2021Q2,L29,LA23,0.8825131488340311,0.03769737338908196
2021Q3,L29,LA23,0.9179754904457418,0.039212180431621835
2021Q4,L29,LA23,0.8658322564382787,0.036984833491023134
2022Q1,L29,LA23,0.9935532201629148,0.042440553743466065
2022Q2,L29,LA23,0.668225885789662,0.02854389281127904
2022Q3,L29,LA23,1.0475228045402427,0.044745914945861366
2022Q4,L29,LA23,0.3786469479053277,0.01617425802287715
2023Q1,L29,LA23,0.17426327708902026,0.007443818636707123
2023Q2,L29,LA23,0.31207402260676465,0.0133305333419485
2023Q3,L29,LA23,0.4844415513971301,0.020693373319515502
2019Q1,L3,LA23,0.03996265820724016,0.02918203356625288
2019Q2,L3,LA23,0.014599240425412456,0.010660840475796879
2019Q3,L3,LA23,0.022316298634114145,0.01629608752345849
2019Q4,L3,LA23,0.024727953583938967,0.01805715645263341
2020Q1,L3,LA23,0.016953764985367884,0.012380190935039798
2020Q2,L3,LA23,0.00226491796925906,0.0016539168105627314
2020Q3,L3,LA23,0.014554090585238372,0.010627870593146974
2020Q4,L3,LA23,0.00943780178849418,0.006891790009443891
2021Q3,L3,LA23,0.024261405235473456,0.017716467665251052
2021Q4,L3,LA23,0.01232105473996189,0.008997235147087028
2022Q1,L3,LA23,0.012620964533574378,0.009216239038636512
2022Q2,L3,LA23,0.00926987606714496,0.0067691651827459925
2022Q3,L3,LA23,0.009796921240931452,0.007154030720784264
2022Q4,L3,LA23,0.004040514644350764,0.0029505152876696805
2023Q1,L3,LA23,0.025305693315113908,0.0184790408062786
2023Q2,L3,LA23,0.04690375304435351,0.034250646907056335
2023Q3,L3,LA23,0.025671941689683928,0.01874648728856369
2019Q1,L30,LA23,0.05147344736107905,0.055925524956774636
2019Q2,L30,LA23,0.05254710989247699,0.05709205146263777
2019Q3,L30,LA23,0.06737162510612442,0.073198779067982
2019Q4,L30,LA23,0.05091911434468232,0.05532324617942
2020Q1,L30,LA23,0.037532803830958784,0.04077911748598317
2020Q2,L30,LA23,0.0017079845376756866,0.0018557127370449433
2020Q3,L30,LA23,0.0852755833370298,0.09265129904092362
2020Q4,L30,LA23,0.024581841047519468,0.02670799092477373
2021Q2,L30,LA23,0.034277012375111264,0.03724172382667031
2021Q3,L30,LA23,0.025954297725810725,0.028199155090939662
2021Q4,L30,LA23,0.03778814306072041,0.041056541695912316
2022Q1,L30,LA23,0.02699994414677613,0.02933524229725102
2022Q2,L30,LA23,0.02837133607977779,0.03082524962542924
2022Q3,L30,LA23,0.02448661289068109,0.02660452622724738
2022Q4,L30,LA23,0.018989399507069488,0.02063184399904386
2023Q1,L30,LA23,0.07259000831702266,0.0788685143481524
2023Q2,L30,LA23,0.023671483824913558,0.02571889444527654
2023Q3,L30,LA23,0.05526839921294655,0.06004871245211719
2019Q1,L31,LA23,0.07552274466603917,0.15114536584229896
2019Q2,L31,LA23,0.07976882218543166,0.1596431361881896
2019Q3,L31,LA23,0.0979985124967144,0.1961266250162863
2019Q4,L31,LA23,0.08058056645531135,0.16126769823481404
2020Q1,L31,LA23,0.07036459736884694,0.1408222497565409
2020Q2,L31,LA23,0.002556259259596651,0.0051158990935513534
2020Q3,L31,LA23,0.07341338008882321,0.14692384711800055
2020Q4,L31,LA23,0.047262201545779405,0.0945869059014952
2021Q1,L31,LA23,0.0023534044785483424,0.0047099212622372655
2021Q2,L31,LA23,0.07058078312303982,0.1412549071639467
2021Q3,L31,LA23,0.06763153111041674,0.13535250284349692
2021Q4,L31,LA23,0.059439160394541626,0.11895692725309487
2022Q1,L31,LA23,0.057393199226184036,0.11486229919557404
2022Q2,L31,LA23,0.061243610572461464,0.12256821393887307
2022Q3,L31,LA23,0.05621187269270254,0.1124980838605537
2022Q4,L31,LA23,0.029171240060716717,0.058381058190450336
2023Q1,L31,LA23,0.10355546904199073,0.20724788701119412
2023Q2,L31,LA23,0.08198335332856599,0.1640751271238781
2023Q3,L31,LA23,0.11779027494031533,0.23573632390143706
2019Q1,L32,LA23,0.06196602743488749,0.012164006836085369
2019Q2,L32,LA23,0.03475280586188242,0.006822018218309769
2019Q3,L32,LA23,0.0642175896604814,0.012605991249767115
2019Q4,L32,LA23,0.035131442532569564,0.006896345059020523
2020Q1,L32,LA23,0.06451224854817568,0.012663833149152915
2020Q2,L32,LA23,0.02208578860351501,0.0043354672660884394
2020Q3,L32,LA23,0.3297881202851901,0.06473781063057557
2020Q4,L32,LA23,0.08031406804800059,0.015765749608464934
2021Q2,L32,LA23,0.19155295468312528,0.03760207885984385
2021Q3,L32,LA23,0.3746919248281405,0.07355248228272616
2021Q4,L32,LA23,0.18844025185824484,0.0369910514952071
2022Q1,L32,LA23,0.18182258156424094,0.03569199473737625
2022Q2,L32,LA23,0.13717881348968086,0.02692836856143363
2022Q3,L32,LA23,0.13131952150788015,0.025778182392146992
2022Q4,L32,LA23,0.0431907314346177,0.008478393309596398
2023Q1,L32,LA23,0.10408641045995573,0.020432289446162846
2023Q2,L32,LA23,0.13603737862347515,0.026704303503687885
2023Q3,L32,LA23,0.07284115033246406,0.0142988067376668
2019Q2,L33,LA23,0.14836672329454845,0.0031204258671154693
2020Q3,L33,LA23,0.4821282521999154,0.01014004647420198
2021Q2,L33,LA23,0.2975619460634466,0.006258276606420911
2021Q3,L33,LA23,0.3087759099029854,0.006494126951166513
2021Q4,L33,LA23,0.5513956211155707,0.011596867012607596
2022Q1,L33,LA23,0.21666464469250002,0.00455685713598759
2022Q2,L33,LA23,0.4733963490262707,0.009956398443652065
2022Q3,L33,LA23,0.4415695932854827,0.009287023063009887
2022Q4,L33,LA23,0.1458021564569347,0.0030664882959382106
2023Q1,L33,LA23,0.6771453400875177,0.014241615559649088
2023Q2,L33,LA23,0.6499801830488801,0.013670282198465843
2023Q3,L33,LA23,0.5945944775250266,0.012505418647210055
2019Q1,L34,LA23,0.04529247948267212,0.020050388305468098
2019Q2,L34,LA23,0.04690173256616539,0.02076278359877846
2019Q3,L34,LA23,0.03825377341485259,0.016934445185555033
2019Q4,L34,LA23,0.030377040596662214,0.01344751858345628
2020Q1,L34,LA23,0.03581139336709471,0.015853235481285952
2020Q2,L34,LA23,0.0029903394606392193,0.0013237841698182755
2020Q3,L34,LA23,0.12022164188135336,0.05322054853199769
2020Q4,L34,LA23,0.02767268531842396,0.012250335870918677
2021Q2,L34,LA23,0.10086601682586736,0.0446520664641079
2021Q3,L34,LA23,0.10037326166978297,0.044433930201049215
2021Q4,L34,LA23,0.09601049212078552,0.042502589180557326
2022Q1,L34,LA23,0.13312032880603425,0.058930628536989674
2022Q2,L34,LA23,0.06074934473342172,0.026892940398059825
2022Q3,L34,LA23,0.09589730706173133,0.04245248363521438
2022Q4,L34,LA23,0.06878466729525079,0.030450072605538087
2023Q1,L34,LA23,0.0791395485997746,0.03503404313186277
2023Q2,L34,LA23,0.11656917799155735,0.05160365053704187
2023Q3,L34,LA23,0.09729390942821373,0.04307074123727436
2019Q1,L35,LA23,0.05263103344273296,0.057542206044607774
2019Q2,L35,LA23,0.05766720676676545,0.06304832105189058
2019Q3,L35,LA23,0.07795249549434874,0.08522649592863958
2019Q4,L35,LA23,0.06528482066783407,0.07137675923732928
2020Q1,L35,LA23,0.05376565047821928,0.05878269787931049
2020Q2,L35,LA23,0.0026699244374709685,0.002919063754878652
2020Q3,L35,LA23,0.06493081909465939,0.07098972462806405
2020Q4,L35,LA23,0.027227634542777282,0.0297683335189022
2021Q2,L35,LA23,0.02812272351959767,0.030746946154135712
2021Q3,L35,LA23,0.08909537781709187,0.09740915677727686
2021Q4,L35,LA23,0.04243859210815848,0.04639867491843638
2022Q1,L35,LA23,0.03616218984646143,0.03953660118480195
2022Q2,L35,LA23,0.040204804486508,0.043956445321619415
2022Q3,L35,LA23,0.037821559821073714,0.04135081235903758
2022Q4,L35,LA23,0.03820360112281671,0.04176850317497729
2023Q1,L35,LA23,0.038524074058292994,0.042118880480506785
2023Q2,L35,LA23,0.046030256490876775,0.05032548916536414
2023Q3,L35,LA23,0.03806849460049354,0.0416207894244208
2019Q1,L36,LA23,0.04424430537111347,0.09422532172795972
2019Q2,L36,LA23,0.04411692422840421,0.09395404321984033
2019Q3,L36,LA23,0.061960435316887476,0.13195465276645232
2019Q4,L36,LA23,0.04391071072605452,0.0935148785987536
2020Q1,L36,LA23,0.03931269961686325,0.08372267884698299
2020Q3,L36,LA23,0.05800890387706445,0.12353923482481223
2020Q4,L36,LA23,0.009315323213979656,0.01983847004659337
2021Q2,L36,LA23,0.020989845683520702,0.04470123207858583
2021Q3,L36,LA23,0.04104582327202448,0.08741364274916516
2021Q4,L36,LA23,0.02180797755372532,0.04644357469283461
2022Q1,L36,LA23,0.017272502709158366,0.0367845559143998
2022Q2,L36,LA23,0.02647633347306947,0.05638558496401445
2022Q3,L36,LA23,0.023078427911220827,0.04914920183897966
2022Q4,L36,LA23,0.01550872202524808,0.03302830296828591
2023Q1,L36,LA23,0.0343631681580953,0.07318186031241165
2023Q2,L36,LA23,0.030166040986300317,0.06424340699557543
2023Q3,L36,LA23,0.029076069881108238,0.06192213927084904
2019Q1,L37,LA23,0.1106064135621892,0.17013327075842413
2019Q2,L37,LA23,0.11235889920519287,0.17282892017692514
2019Q3,L37,LA23,0.14520440882900945,0.22335143331207216
2019Q4,L37,LA23,0.12479979398579183,0.19196533416972336
2020Q1,L37,LA23,0.07404234214833373,0.11389091679776375
2020Q2,L37,LA23,0.0036665273076527134,0.00563980209723824
2020Q3,L37,LA23,0.049940787793214175,0.07681823592204846
2020Q4,L37,LA23,0.018255219381542613,0.028079928475830684
2021Q2,L37,LA23,0.020241836692808005,0.031135716020382526
2021Q3,L37,LA23,0.007719247304813195,0.011873640501168651
2021Q4,L37,LA23,0.01647175747486006,0.02533663179271064
2022Q1,L37,LA23,0.016269965213898906,0.02502623770013158
2022Q2,L37,LA23,0.00953580069803585,0.014667838055748204
2022Q3,L37,LA23,0.0141277145049996,0.021731056994496758
2022Q4,L37,LA23,0.009106786496826329,0.014007934286130456
2023Q1,L37,LA23,0.008283964803808616,0.012742281225194907
2019Q1,L38,LA23,0.07679268555067598,0.006274978454868561
2019Q2,L38,LA23,0.18507207105204565,0.01512283689679176
2019Q3,L38,LA23,0.1496814981160362,0.012230958834624434
2019Q4,L38,LA23,0.32139616513672953,0.026262319090006137
2020Q1,L38,LA23,0.16525982716849968,0.013503914435357436
2020Q3,L38,LA23,0.4762512682720634,0.038916029906766535
2021Q2,L38,LA23,0.08243967498682399,0.0067364122072187844
2021Q3,L38,LA23,0.11879913752367675,0.009707461369170424
2021Q4,L38,LA23,0.10023715939902723,0.00819070216252627
2022Q1,L38,LA23,0.18334222706149889,0.014981485755167709
2022Q2,L38,LA23,0.2661057500792897,0.021744360631355496
2022Q3,L38,LA23,0.09635363751948264,0.007873367042020924
2022Q4,L38,LA23,0.07613702601257104,0.006221402395562464
2023Q1,L38,LA23,0.07803498783340111,0.006376490988290642
2023Q3,L38,LA23,0.08536492523375369,0.006975443856430605
2019Q1,L39,LA23,0.09564624256682884,0.19053815760475296
2019Q2,L39,LA23,0.13022480897529573,0.2594225816999224
2019Q3,L39,LA23,0.131577606687277,0.26211750809468104
2019Q4,L39,LA23,0.13318704144541554,0.26532368457763594
2020Q1,L39,LA23,0.1053982325549616,0.20996522714196486
2020Q2,L39,LA23,0.013680630975863884,0.027253367733607595
2020Q3,L39,LA23,0.2986710076776495,0.5949865044943308
2020Q4,L39,LA23,0.10570295955814878,0.2105722778760188
2021Q2,L39,LA23,0.1615712221510531,0.3218681901602129
2021Q3,L39,LA23,0.2624460589063222,0.5228223000992381
2021Q4,L39,LA23,0.17397258768130747,0.34657311610925634
2022Q1,L39,LA23,0.18806211032200065,0.3746410423909645
2022Q2,L39,LA23,0.2791827794307054,0.5561637446503239
2022Q3,L39,LA23,0.17537964538254133,0.3493761345534922
2022Q4,L39,LA23,0.15192375976763434,0.30264935146078986
2023Q1,L39,LA23,0.11566433140447435,0.2304164598101765
2023Q2,L39,LA23,0.16797992573785334,0.3346350541926467
2023Q3,L39,LA23,0.15367960576098694,0.3061471957213977
2019Q1,L4,LA23,0.027183245358520118,0.05123367928809544
2019Q2,L4,LA23,0.052243743731896636,0.0984665066980493
2019Q3,L4,LA23,0.046992788507780686,0.08856975771313884
2019Q4,L4,LA23,0.0420622305515769,0.07927687815781614
2020Q1,L4,LA23,0.04594252073947381,0.08659026331140829
2020Q2,L4,LA23,0.0029335223990951684,0.0055289625575402
2020Q3,L4,LA23,0.1278626394325739,0.2409893805989069
2020Q4,L4,LA23,0.05387012813927259,0.1015318381559998
2021Q1,L4,LA23,0.0006252963921178403,0.001178528699985684
2021Q2,L4,LA23,0.08057155002018535,0.15185739962373818
2021Q3,L4,LA23,0.1502496312930991,0.28318331094386684
2021Q4,L4,LA23,0.09492474917947727,0.17890962215223166
2022Q1,L4,LA23,0.08186522304051601,0.15429565258997235
2022Q2,L4,LA23,0.10075358568278728,0.18989553410257676
2022Q3,L4,LA23,0.10586827999986012,0.1995354650542142
2022Q4,L4,LA23,0.08033692960704468,0.1514151983029337
2023Q1,L4,LA23,0.03518830511510945,0.06632123262626186
2023Q2,L4,LA23,0.04740640480838281,0.08934932191211098
2023Q3,L4,LA23,0.060418707643129524,0.11387428725169035
2019Q1,L40,LA23,0.13210677371724389,0.13076202510349133
2019Q2,L40,LA23,0.14918133229208613,0.14766277738265415
2019Q3,L40,LA23,0.12372161257362582,0.1224622186582486
2019Q4,L40,LA23,0.12821985382862522,0.12691467116584484
2020Q1,L40,LA23,0.09594604477298922,0.0949693854611838
2020Q2,L40,LA23,0.013384424414629531,0.013248180937697966
2020Q3,L40,LA23,0.3017593732540336,0.2986876874694822
2020Q4,L40,LA23,0.09732106131029956,0.09633040535373168
2021Q1,L40,LA23,0.0076371708470786455,0.007559430133104493
2021Q2,L40,LA23,0.19203445605847408,0.19007968824974625
2021Q3,L40,LA23,0.22895384000466806,0.22662326035083
2021Q4,L40,LA23,0.20385146096303106,0.2017764048411686
2022Q1,L40,LA23,0.18146755915537952,0.17962035449093464
2022Q2,L40,LA23,0.1769682222114692,0.17516681744772494
2022Q3,L40,LA23,0.15957226155608267,0.15794793472194027
2022Q4,L40,LA23,0.1224179619073818,0.12117183818532565
2023Q1,L40,LA23,0.11767530897931397,0.1164774619335483
2023Q2,L40,LA23,0.15917657176737626,0.15755627276072415
2023Q3,L40,LA23,0.1462337830297855,0.14474523197763434
2019Q1,L5,LA23,0.030886887793519318,0.0272219885031908
2019Q2,L5,LA23,0.06336954862771182,0.05585040278994734
2019Q3,L5,LA23,0.059727622431554835,0.0526406111882808
2019Q4,L5,LA23,0.06753084759378973,0.05951794072287825
2020Q1,L5,LA23,0.031901432580379564,0.02811615196532104
2020Q3,L5,LA23,0.04330540164047728,0.03816697730972042
2020Q4,L5,LA23,0.02769132192608446,0.024405594119721943
2021Q2,L5,LA23,0.02504769729953225,0.02207565011008767
2021Q3,L5,LA23,0.013076036000001129,0.011524492336001113
2021Q4,L5,LA23,0.010694517833707548,0.00942555441203888
2022Q1,L5,LA23,0.015337452802345213,0.01351757958408733
2022Q2,L5,LA23,0.007458425959584814,0.0065734426556992905
2022Q3,L5,LA23,0.01722100971237279,0.015177642096459804
2022Q4,L5,LA23,0.014968124700910362,0.01319207429529374
2023Q1,L5,LA23,0.032857567414280746,0.028958836136997918
2023Q2,L5,LA23,0.04826146974176195,0.042534980644213384
2023Q3,L5,LA23,0.04153702390735208,0.03660842733077003
2019Q1,L6,LA23,0.028468749293159106,0.03170798931243078
2019Q2,L6,LA23,0.050460367518898895,0.0562018646310903
2019Q3,L6,LA23,0.0675106391445115,0.07519215552556514
2019Q4,L6,LA23,0.03902637490978157,0.04346688594569285
2020Q1,L6,LA23,0.03659013958671934,0.040753450143130726
2020Q2,L6,LA23,0.006313607478227118,0.007031984313080225
2020Q3,L6,LA23,0.09524200675857808,0.1060788621690918
2020Q4,L6,LA23,0.0525454718003015,0.05852421689143019
2021Q1,L6,LA23,0.002084584952814465,0.0023217738413460302
2021Q2,L6,LA23,0.08428371913620165,0.09387371528206828
2021Q3,L6,LA23,0.1404830570505451,0.15646754360953494
2021Q4,L6,LA23,0.09155912315967353,0.10197693157177352
2022Q1,L6,LA23,0.11608947918856065,0.12929840814190788
2022Q2,L6,LA23,0.11302978989543025,0.12589058033721925
2022Q3,L6,LA23,0.14140382663732634,0.15749308048564514
2022Q4,L6,LA23,0.08248249284429386,0.09186754130424604
2023Q1,L6,LA23,0.047314794260503966,0.052698380785292376
2023Q2,L6,LA23,0.08558541624238737,0.09532352249017337
2023Q3,L6,LA23,0.0793875541232431,0.08842045331034924
2019Q1,L69,LA23,0.02631241112538217,0.007022078887810406
2019Q2,L69,LA23,0.012662446547895018,0.0033792683668669265
2019Q3,L69,LA23,0.0388426467546377,0.010366063696051994
2019Q4,L69,LA23,0.023364757857354063,0.006235429056163521
2020Q1,L69,LA23,0.015850138491977625,0.004229978102083587
2023Q1,L69,LA23,0.02666081940687888,0.007115059741073081
2023Q2,L69,LA23,0.008873845141635361,0.002368191965603135
2019Q1,L7,LA23,0.03888028462663714,0.0455490497188332
2019Q2,L7,LA23,0.043337094166666944,0.05077029337164095
2019Q3,L7,LA23,0.0601215053015849,0.07043357476546959
2019Q4,L7,LA23,0.038497702823404464,0.045100847300967487
2020Q1,L7,LA23,0.02590521316601032,0.030348487769741774
2020Q2,L7,LA23,0.003204701196105845,0.0037543730843838416
2020Q3,L7,LA23,0.0681125214817372,0.07979521387868714
2020Q4,L7,LA23,0.06283654622557458,0.07361430081269475
2021Q1,L7,LA23,0.006641025155162529,0.007780096979261321
2021Q2,L7,LA23,0.09031960846102298,0.10581127108205823
2021Q3,L7,LA23,0.08788457619024619,0.1029585809067248
2021Q4,L7,LA23,0.04863220159882604,0.05697362017364535
2022Q1,L7,LA23,0.04895053632072864,0.0573465558199353
2022Q2,L7,LA23,0.0883347994931309,0.10348602672674906
2022Q3,L7,LA23,0.08679885606079478,0.10168663753923103
2022Q4,L7,LA23,0.03619134986537813,0.04239890757590828
2023Q1,L7,LA23,0.06450098382057089,0.07556422354336431
2023Q2,L7,LA23,0.07224939166574858,0.0846416420234749
2023Q3,L7,LA23,0.07669805460180569,0.08985334176288398
2019Q1,L8,LA23,0.03069364712327853,0.05130901836204545
2019Q2,L8,LA23,0.05618168595012408,0.09391608447336837
2019Q3,L8,LA23,0.06571549013884033,0.10985326301113796
2019Q4,L8,LA23,0.046197886757327486,0.07722667203408644
2020Q1,L8,LA23,0.03861678580286872,0.06455372878578025
2020Q2,L8,LA23,0.0036227106451134907,0.006055902260944842
2020Q3,L8,LA23,0.023018256558199317,0.038478455937912964
2020Q4,L8,LA23,0.008827756664051953,0.014756914580802338
2021Q2,L8,LA23,0.012000948078349708,0.0200613782663514
2021Q3,L8,LA23,0.005615681598402006,0.009387451060818482
2021Q4,L8,LA23,0.007024748999683165,0.011742917808556744
2022Q1,L8,LA23,0.011367477602594172,0.01900243769334586
2022Q2,L8,LA23,0.007835812659478865,0.013098731930159905
2022Q3,L8,LA23,0.007059566952228789,0.011801121219813705
2022Q4,L8,LA23,0.0047215306257614095,0.007892744078315169
2023Q1,L8,LA23,0.023519332310051558,0.03931607894339358
2023Q2,L8,LA23,0.03928148430562791,0.06566487167298149
2023Q3,L8,LA23,0.030303253533617912,0.05065641713222515
2019Q1,L9,LA23,0.03873140781845761,0.06862377403606211
2019Q2,L9,LA23,0.06745009530384105,0.1195071483210023
2019Q3,L9,LA23,0.0721112230238179,0.12776567011055842
2019Q4,L9,LA23,0.051981763739905686,0.09210057185639656
2020Q1,L9,LA23,0.061901320281549974,0.10967590528714627
2020Q2,L9,LA23,0.006839805626525882,0.012118673247441748
2020Q3,L9,LA23,0.1673619568354696,0.296529606203398
2020Q4,L9,LA23,0.047864397527070134,0.08480547920348518
2021Q1,L9,LA23,0.0009331069885397787,0.0016532660891946413
2021Q2,L9,LA23,0.09756101628559516,0.17285726270762414
2021Q3,L9,LA23,0.15417538322063778,0.2731658169939885
2021Q4,L9,LA23,0.09293388131124296,0.16465896879580352
2022Q1,L9,LA23,0.08766680127460262,0.1553268290512727
2022Q2,L9,LA23,0.1147930122830869,0.20338867548417355
2022Q3,L9,LA23,0.1063203714456609,0.1883769673365768
2022Q4,L9,LA23,0.06839299612065204,0.12117776698001267
2023Q1,L9,LA23,0.06583664371139436,0.11664845704860755
2023Q2,L9,LA23,0.07282919225133337,0.12903775808280066
2023Q3,L9,LA23,0.08831339797859164,0.1564724601709827
2019Q1,LA1,LA23,0.20732577016228432,0.7315787038464139
2019Q2,LA1,LA23,0.19803667051965376,0.6988007840000943
2019Q3,LA1,LA23,0.2299617330662648,0.8114529442201369
2019Q4,LA1,LA23,0.2502127468632649,0.8829115497450971
2020Q1,LA1,LA23,0.17194125589973172,0.6067193722728693
2020Q2,LA1,LA23,0.03157089058635367,0.11140241368143818
2020Q3,LA1,LA23,0.2041673185097608,0.7204336543703836
2020Q4,LA1,LA23,0.15654880112502498,0.5524048888187376
2021Q1,LA1,LA23,0.02403136149614049,0.08479810436131349
2021Q2,LA1,LA23,0.18469988840406296,0.6517400362408132
2021Q3,LA1,LA23,0.1960465867783732,0.6917784882051612
2021Q4,LA1,LA23,0.18204467443414984,0.642370733075927
2022Q1,LA1,LA23,0.16523725298964087,0.5830633368668131
2022Q2,LA1,LA23,0.1979932929067024,0.6986477198738447
2022Q3,LA1,LA23,0.16176946178930096,0.5708267384469985
2022Q4,LA1,LA23,0.17577866862110614,0.6202602332214594
2023Q1,LA1,LA23,0.1645900311378243,0.5807795217719389
2023Q2,LA1,LA23,0.22482049216004246,0.7933113385944002
2023Q3,LA1,LA23,0.18111143080661835,0.6390776491391449
2019Q1,LA10,LA23,0.2396807762080297,0.01227969063485697
2019Q2,LA10,LA23,0.1636097405109676,0.008382303454241735
2019Q3,LA10,LA23,0.30416277685863385,0.015583330718276963
2019Q4,LA10,LA23,0.5211594140826443,0.026700832989724737
2020Q1,LA10,LA23,0.4713669246106303,0.02414978831968824
2020Q2,LA10,LA23,0.5176821390760109,0.026522679939616472
2020Q3,LA10,LA23,0.8114215583051831,0.04157198532181403
2020Q4,LA10,LA23,1.001084047962846,0.05128906290675735
2021Q1,LA10,LA23,0.4468510068284738,0.022893751474525586
2021Q2,LA10,LA23,1.165419161588022,0.059708529781354464
2021Q3,LA10,LA23,0.9098493272226529,0.04661478671501658
2021Q4,LA10,LA23,1.0102499981122306,0.05175866682739581
2022Q1,LA10,LA23,1.0909964445629357,0.055895591773842485
2022Q2,LA10,LA23,0.8732222186503475,0.04473825089419275
2022Q3,LA10,LA23,0.9989530880358914,0.05117988632166665
2022Q4,LA10,LA23,1.1261572833576874,0.057697005427839024
2023Q1,LA10,LA23,0.9198958859776134,0.04712950731717597
2023Q2,LA10,LA23,0.8813480910075694,0.04515456796502205
2023Q3,LA10,LA23,0.5566617709584047,0.028519743818285464
2019Q1,LA11,LA23,1.0964287792238452,0.28783936693730106
2019Q2,LA11,LA23,1.1621789778345701,0.3051004019472632
2019Q3,LA11,LA23,1.5058688663661852,0.3953274023801793
2019Q4,LA11,LA23,1.770451627101359,0.4647868472576179
2020Q1,LA11,LA23,1.577697406911191,0.4141841507894473
2020Q2,LA11,LA23,1.0037909372955822,0.2635196680381671
2020Q3,LA11,LA23,2.73684795484502,0.7184895158296527
2020Q4,LA11,LA23,2.558165908697992,0.6715811091728789
2021Q1,LA11,LA23,0.8171483838867298,0.21452143355658432
2021Q2,LA11,LA23,1.9708350339667209,0.5173923917943961
2021Q3,LA11,LA23,2.2588093586123748,0.5929926942225022
2021Q4,LA11,LA23,2.3360489179150985,0.6132699673783112
2022Q1,LA11,LA23,1.8813121012943128,0.4938904327478288
2022Q2,LA11,LA23,2.032956129194209,0.5337006984190998
2022Q3,LA11,LA23,1.8172923160217431,0.4770836735551678
2022Q4,LA11,LA23,1.8661046791563332,0.4898981125498466
2023Q1,LA11,LA23,1.7441850377512789,0.4578912252223397
2023Q2,LA11,LA23,2.3280749154672846,0.6111765967371648
2023Q3,LA11,LA23,1.973849142445596,0.5181836689779938
2019Q1,LA12,LA23,0.9192506667962518,0.6748033367829134
2019Q2,LA12,LA23,0.839549016913711,0.6162959663446793
2019Q3,LA12,LA23,0.7858835374343078,0.5769012224181209
2019Q4,LA12,LA23,0.8101976406621145,0.5947497142187201
2020Q1,LA12,LA23,0.5464028335957747,0.4011032775457228
2020Q2,LA12,LA23,0.22045444209105025,0.16183115063720596
2020Q3,LA12,LA23,0.9582269644869066,0.7034150492212223
2020Q4,LA12,LA23,1.1860405745680729,0.8706484163539393
2021Q1,LA12,LA23,0.26399455267555805,0.19379306588794046
2021Q2,LA12,LA23,1.0651424762170731,0.7818995656598272
2021Q3,LA12,LA23,0.9229327623855084,0.6775062887412119
2021Q4,LA12,LA23,1.1711482983778412,0.8597162973700231
2022Q1,LA12,LA23,0.905225038345424,0.6645074063898667
2022Q2,LA12,LA23,1.0380083944204666,0.7619809845825845
2022Q3,LA12,LA23,0.8244895965918999,0.6052411502316909
2022Q4,LA12,LA23,0.9279576251791396,0.6811949389674186
2023Q1,LA12,LA23,0.9262462938378352,0.6799386852151332
2023Q2,LA12,LA23,1.0806152753958311,0.7932578348374684
2023Q3,LA12,LA23,1.1328971127064489,0.831636875010812
2019Q1,LA13,LA23,0.39247660783787136,0.18957899430818792
2019Q2,LA13,LA23,0.5829390453988172,0.2815785597477821
2019Q3,LA13,LA23,0.4762441082444617,0.23004142739503386
2019Q4,LA13,LA23,0.5555179376236801,0.2683332709050534
2020Q1,LA13,LA23,0.42915733332808376,0.20729698032329785
2020Q2,LA13,LA23,0.13124779523006547,0.06339696310043849
2020Q3,LA13,LA23,1.6712522519596174,0.8072693119399362
2020Q4,LA13,LA23,1.8803283757157871,0.9082598945224334
2021Q1,LA13,LA23,0.12259305159052444,0.05921643982232976
2021Q2,LA13,LA23,1.6268979631231395,0.7858447447098099
2021Q3,LA13,LA23,2.552091854401137,1.2327435507681237
2021Q4,LA13,LA23,2.148290734546781,1.0376944480350203
2022Q1,LA13,LA23,1.6254823991210792,0.7851609811566955
2022Q2,LA13,LA23,1.7695439150232806,0.8547473890032858
2022Q3,LA13,LA23,1.736603350019426,0.8388360224131172
2022Q4,LA13,LA23,1.2292356939457965,0.59376090694872
2023Q1,LA13,LA23,0.5315510934073405,0.25675650395248234
2023Q2,LA13,LA23,0.5539878651663401,0.2675941960356513
2023Q3,LA13,LA23,0.6557721109581494,0.31675930439696204
2019Q1,LA14,LA23,0.4151814435126,1.5406393794103284
2019Q2,LA14,LA23,0.4310467451236366,1.5995117322336867
2019Q3,LA14,LA23,0.4754245297556493,1.7641871136684408
2019Q4,LA14,LA23,0.4442712136094836,1.6485845827654773
2020Q1,LA14,LA23,0.3930327185149069,1.458450740037431
2020Q2,LA14,LA23,0.03973519084020957,0.14744782242406168
2020Q3,LA14,LA23,0.18158646028232295,0.6738240734263118
2020Q4,LA14,LA23,0.05737712908400545,0.21291285033466525
2021Q1,LA14,LA23,0.0093948464084749,0.03486203578356425
2021Q2,LA14,LA23,0.0548621658963872,0.20358042138063748
2021Q3,LA14,LA23,0.07629499101076083,0.28311252691949346
2021Q4,LA14,LA23,0.0719919342982328,0.2671449090821721
2022Q1,LA14,LA23,0.06992232856619765,0.2594650954959709
2022Q2,LA14,LA23,0.06943829435735152,0.2576689599152933
2022Q3,LA14,LA23,0.06648619617756424,0.24671442719536504
2022Q4,LA14,LA23,0.13084419670014025,0.4855316275652125
2023Q1,LA14,LA23,0.20615804518669026,0.7650033684302409
2023Q2,LA14,LA23,0.20991882848860727,0.7789587388903046
2023Q3,LA14,LA23,0.17580908860133224,0.652385624140333
2019Q1,LA15,LA23,0.8572766541656321,0.02281501418898666
2019Q2,LA15,LA23,0.5947253211432242,0.015827640440807738
2019Q3,LA15,LA23,0.4341886874201965,0.01155522084504982
2019Q4,LA15,LA23,0.7744613657836611,0.02061102091526497
2020Q1,LA15,LA23,0.6568170908499442,0.017480111203885824
2020Q2,LA15,LA23,0.6769211860514199,0.01801514877320448
2020Q3,LA15,LA23,4.606038384531625,0.1225821682970999
2020Q4,LA15,LA23,4.032085483916846,0.10730735180967196
2021Q1,LA15,LA23,0.48074325165972204,0.012794194329893665
2021Q2,LA15,LA23,3.499438348632232,0.09313182062007117
2021Q3,LA15,LA23,5.008609307093068,0.13329593411083482
2021Q4,LA15,LA23,3.1639933698867435,0.08420450186886673
2022Q1,LA15,LA23,4.196373976487608,0.11167962098424462
2022Q2,LA15,LA23,3.688661352792068,0.0981676809853474
2022Q3,LA15,LA23,2.2149197869694,0.05894646275694654
2022Q4,LA15,LA23,2.8593293909564874,0.07609636901771367
2023Q1,LA15,LA23,1.036031944972592,0.027572293506346053
2023Q2,LA15,LA23,0.946671958571654,0.02519412381309887
2023Q3,LA15,LA23,0.9888307895630728,0.02631611205643493
2019Q1,LA18,LA23,0.3179617142173908,0.11319341579354525
2019Q2,LA18,LA23,0.485393084118447,0.17279848087737334
2019Q3,LA18,LA23,0.6948397992026714,0.2473608827233756
2019Q4,LA18,LA23,0.4075646087024354,0.14509177725732955
2020Q1,LA18,LA23,0.4906287544047926,0.17466236378270655
2020Q2,LA18,LA23,0.06163687208623416,0.021942541439126096
2020Q3,LA18,LA23,0.4527210717198338,0.16116734253937967
2020Q4,LA18,LA23,0.34665259433961826,0.12340728299183835
2021Q1,LA18,LA23,0.08073948291103437,0.02874301354991465
2021Q2,LA18,LA23,0.2797272464169997,0.09958206003007868
2021Q3,LA18,LA23,0.3954491876391135,0.1407787237272531
2021Q4,LA18,LA23,0.3692580410164144,0.13145475415101054
2022Q1,LA18,LA23,0.29806844182989445,0.10611147053987054
2022Q2,LA18,LA23,0.3021687927904062,0.10757118317324543
2022Q3,LA18,LA23,0.2687044940429419,0.09565799327337177
2022Q4,LA18,LA23,0.2103742648804826,0.07489260678912094
2023Q1,LA18,LA23,0.2992752517465501,0.10654109124755858
2023Q2,LA18,LA23,0.30704335435379426,0.1093065124571937
2023Q3,LA18,LA23,0.23110105256551425,0.0822712809866448
2019Q1,LA2,LA23,0.21664032093283067,0.07654724662342599
2019Q2,LA2,LA23,0.2851462667003192,0.10075299698077
2019Q3,LA2,LA23,0.33160368682763,0.117168166514589
2019Q4,LA2,LA23,0.3016246492643829,0.1065754348753189
2020Q1,LA2,LA23,0.2696384285177994,0.09527348924720463
2020Q2,LA2,LA23,0.09457272568141248,0.033416132903667704
2020Q3,LA2,LA23,0.5243366532858015,0.18526803754696425
2020Q4,LA2,LA23,0.4048786621874153,0.14305899600578986
2021Q1,LA2,LA23,0.11477613247520982,0.0405547632187405
2021Q2,LA2,LA23,0.5806470530706548,0.2051646387024403
2021Q3,LA2,LA23,0.6383208804781576,0.2255429905774259
2021Q4,LA2,LA23,0.5966953103363829,0.21083509700635306
2022Q1,LA2,LA23,0.4630922947980624,0.1636280815440001
2022Q2,LA2,LA23,0.5193914401150713,0.18352070606889345
2022Q3,LA2,LA23,0.6186783554363763,0.21860254107012367
2022Q4,LA2,LA23,0.3923045568318396,0.13861608741159226
2023Q1,LA2,LA23,0.2424973584914769,0.08568351923616163
2023Q2,LA2,LA23,0.3298923938352513,0.11656350175888468
2023Q3,LA2,LA23,0.35077761675371744,0.12394304358489935
2019Q1,LA21,LA23,1.5450007531910062,0.02624713559141736
2019Q2,LA21,LA23,1.3290013751255332,0.022577645494382185
2019Q3,LA21,LA23,3.289296172142414,0.055879974461008335
2019Q4,LA21,LA23,1.1510121335177907,0.019553887901615236
2020Q1,LA21,LA23,4.1733180592821055,0.07089811751991179
2020Q3,LA21,LA23,9.556040265540748,0.16234211151590527
2021Q2,LA21,LA23,8.114349114004085,0.13785004375660154
2021Q3,LA21,LA23,8.076534752518594,0.13720763716154802
2021Q4,LA21,LA23,7.3457067811549654,0.12479201806313445
2022Q1,LA21,LA23,8.460764415423519,0.1437350955072356
2022Q2,LA21,LA23,6.862998051236776,0.1165915550800868
2022Q3,LA21,LA23,9.534985944069874,0.16198443167057833
2022Q4,LA21,LA23,9.908205392775251,0.1683248437741271
2023Q1,LA21,LA23,6.6852599123108165,0.11357206332739955
2023Q2,LA21,LA23,9.064802556397243,0.15399675457489626
2023Q3,LA21,LA23,10.30461140775784,0.17505915921249313
2019Q1,LA22,LA23,7.10414893624879,1.0843492179629877
2019Q2,LA22,LA23,8.012216184012226,1.2229530139709603
2019Q3,LA22,LA23,9.743942672133024,1.4872769013177127
2019Q4,LA22,LA23,4.9911369192976975,0.7618274143397152
2020Q1,LA22,LA23,8.766022057102006,1.338010963391207
2020Q3,LA22,LA23,13.119281953609185,2.0024753498684054
2020Q4,LA22,LA23,9.866979261001513,1.5060567200007977
2021Q2,LA22,LA23,9.448206273148873,1.4421368661299114
2021Q3,LA22,LA23,8.350169376365615,1.2745368536574626
2021Q4,LA22,LA23,7.794330483202972,1.1896958016858552
2022Q1,LA22,LA23,7.046564174708839,1.0755597075370698
2022Q2,LA22,LA23,6.304397371554715,0.9622782997540836
2022Q3,LA22,LA23,5.0330628661836645,0.7682268251806375
2022Q4,LA22,LA23,5.4045505633201305,0.8249292391485377
2023Q1,LA22,LA23,7.126095529761018,1.087699059263542
2023Q2,LA22,LA23,11.117374714342288,1.6969121404236815
2023Q3,LA22,LA23,7.858427553296727,1.199479325152718
2019Q1,LA23,LA23,40.55012116558238,16.98683288303825
2019Q2,LA23,LA23,37.99737979170979,15.917465150830425
2019Q3,LA23,LA23,41.03357725870639,17.189357255940845
2019Q4,LA23,LA23,44.96207736041547,18.835043453430472
2020Q1,LA23,LA23,47.733627761231574,19.99607237596648
2020Q2,LA23,LA23,51.258430741677714,21.47264599531473
2020Q3,LA23,LA23,51.882767104502285,21.734186458160657
2020Q4,LA23,LA23,50.903903464912844,21.324131134451747
2021Q1,LA23,LA23,41.27429017821478,17.290194195978106
2021Q2,LA23,LA23,50.34483244490904,21.089930946793245
2021Q3,LA23,LA23,50.26650999476306,21.057120924692768
2021Q4,LA23,LA23,48.840239138471006,20.459642446568147
2022Q1,LA23,LA23,42.89252490009042,17.968088170049946
2022Q2,LA23,LA23,43.93832668899622,18.406184523557357
2022Q3,LA23,LA23,41.69246901935083,17.465373304829445
2022Q4,LA23,LA23,38.71776738487136,16.219242391053232
2023Q1,LA23,LA23,25.772527872187748,10.796357972658377
2023Q2,LA23,LA23,26.78623445557535,11.221009338165423
2023Q3,LA23,LA23,23.19893648074634,9.718255969038552
2019Q1,LA3,LA23,0.18962848045322905,0.23045210488067305
2019Q2,LA3,LA23,0.17954740731355012,0.2182007567765151
2019Q3,LA3,LA23,0.2042103577670392,0.2481731998978749
2019Q4,LA3,LA23,0.21399276946200305,0.26006159008338703
2020Q1,LA3,LA23,0.15980921749933966,0.19421328728697826
2020Q2,LA3,LA23,0.029707949096705724,0.036103539851506224
2020Q3,LA3,LA23,0.1882401806897976,0.2287649289779635
2020Q4,LA3,LA23,0.09422703137017274,0.1145124280066642
2021Q1,LA3,LA23,0.008305762878663477,0.010093845257067573
2021Q2,LA3,LA23,0.13631812650333114,0.16566498403087104
2021Q3,LA3,LA23,0.1631639232529548,0.19829020126281216
2021Q4,LA3,LA23,0.15701001013403218,0.19081146057935086
2022Q1,LA3,LA23,0.11841593114806627,0.14390876581014148
2022Q2,LA3,LA23,0.1228134531970929,0.14925299580151827
2022Q3,LA3,LA23,0.1098497616671084,0.13349845306105934
2022Q4,LA3,LA23,0.11482634185187443,0.13954640206083865
2023Q1,LA3,LA23,0.1468795567156454,0.17850010150458018
2023Q2,LA3,LA23,0.18303662970591045,0.22244114642048807
2023Q3,LA3,LA23,0.18609118665701813,0.22615329491832034
2019Q1,LA4,LA23,0.20001346954269525,0.4322494051079948
2019Q2,LA4,LA23,0.1840989620608673,0.3978565394308236
2019Q3,LA4,LA23,0.20541535082978352,0.44392341875390817
2019Q4,LA4,LA23,0.22044554243235695,0.4764051880753725
2020Q1,LA4,LA23,0.16282392523000935,0.35187902584228997
2020Q2,LA4,LA23,0.03936590751870085,0.08507372101188683
2020Q3,LA4,LA23,0.2770607284043878,0.5987563502868004
2020Q4,LA4,LA23,0.20435358294449213,0.4416288306052735
2021Q1,LA4,LA23,0.02816682576968808,0.06087136886613175
2021Q2,LA4,LA23,0.19953026077135472,0.4312051419169584
2021Q3,LA4,LA23,0.2444634238731167,0.5283102672105886
2021Q4,LA4,LA23,0.2295831497741351,0.496152484828059
2022Q1,LA4,LA23,0.21613303044552626,0.4670854120368354
2022Q2,LA4,LA23,0.19551320102157368,0.4225238681452663
2022Q3,LA4,LA23,0.2076327314112512,0.44871540321089903
2022Q4,LA4,LA23,0.16585322234286884,0.3584256443171492
2023Q1,LA4,LA23,0.13651020827675697,0.2950124131825084
2023Q2,LA4,LA23,0.13428948206923286,0.29021319848809435
2023Q3,LA4,LA23,0.1134476369001708,0.24517185604112
2019Q1,LA5,LA23,0.436833646693526,0.2961391010801696
2019Q2,LA5,LA23,0.4203335815512032,0.2849533453674465
2019Q3,LA5,LA23,0.5199499998650137,0.3524854981573501
2019Q4,LA5,LA23,0.490653606699311,0.3326248312818675
2020Q1,LA5,LA23,0.37588638975890737,0.254821620115653
2020Q2,LA5,LA23,0.17112071785846106,0.11600648426779946
2020Q3,LA5,LA23,0.4546971631944048,0.3082491703450777
2020Q4,LA5,LA23,0.2993024233411891,0.2029036711578236
2021Q1,LA5,LA23,0.07565789882179055,0.05129014744237083
2021Q2,LA5,LA23,0.3622283058706081,0.2455625057690968
2021Q3,LA5,LA23,0.5232035548668991,0.3546911543856792
2021Q4,LA5,LA23,0.3810780422332333,0.2583411550885306
2022Q1,LA5,LA23,0.3045913433091791,0.20648914589600093
2022Q2,LA5,LA23,0.3033318785803629,0.20563532715869226
2022Q3,LA5,LA23,0.31053201947649123,0.2105164604431115
2022Q4,LA5,LA23,0.2904269778502396,0.1968868121789642
2023Q1,LA5,LA23,0.4913114421169871,0.333070792326132
2023Q2,LA5,LA23,0.4866146593472686,0.3298867403696922
2023Q3,LA5,LA23,0.5546197821379409,0.3759889032514021
2019Q1,LA6,LA23,0.4465470976189799,0.16492092029764696
2019Q2,LA6,LA23,0.28644029939188703,0.10578950806741433
2019Q3,LA6,LA23,0.33629191449094503,0.1242009461537858
2019Q4,LA6,LA23,0.3141923271357161,0.11603902033620392
2020Q1,LA6,LA23,0.2093638626573538,0.07732326800606074
2020Q2,LA6,LA23,0.08319970173902315,0.030727713722589936
2020Q3,LA6,LA23,0.35996117825790097,0.1329425924079618
2020Q4,LA6,LA23,0.3381979221667463,0.12490488206931095
2021Q1,LA6,LA23,0.044039231379405006,0.016264780595415924
2021Q2,LA6,LA23,0.3252685496379231,0.1201297440655162
2021Q3,LA6,LA23,0.3946152403708808,0.14574119718268366
2021Q4,LA6,LA23,0.4143448473519056,0.15302783045780985
2022Q1,LA6,LA23,0.3563811492554997,0.13162039889037666
2022Q2,LA6,LA23,0.3685742343080813,0.1361236076646839
2022Q3,LA6,LA23,0.4683185760111189,0.17296166733601556
2022Q4,LA6,LA23,0.32275252553671124,0.11920051395188333
2023Q1,LA6,LA23,0.14548461054084838,0.053731075596451607
2023Q2,LA6,LA23,0.26917405463196,0.09941265556725253
2023Q3,LA6,LA23,0.15268303928357793,0.056389633896971464
2019Q1,LA7,LA23,0.9324406782735748,0.3316989993798235
2019Q2,LA7,LA23,0.6538725256576094,0.2326033897235794
2019Q3,LA7,LA23,0.5078478810224204,0.18065774895641898
2019Q4,LA7,LA23,0.3431990729281018,0.12208689703360898
2020Q1,LA7,LA23,0.22178551071978425,0.07889620615748334
2020Q2,LA7,LA23,0.25446295833788224,0.09052062037467344
2020Q3,LA7,LA23,0.8584997087274492,0.3053958294483762
2020Q4,LA7,LA23,0.7041995551062954,0.2505063252119754
2021Q1,LA7,LA23,0.31420674303828083,0.11177339716362383
2021Q2,LA7,LA23,0.6938088279747139,0.2468100109341001
2021Q3,LA7,LA23,0.6777803646152933,0.2411081733997705
2021Q4,LA7,LA23,0.6308195543390592,0.2244027098334091
2022Q1,LA7,LA23,0.7859337224382755,0.27958178507861003
2022Q2,LA7,LA23,0.6294683512803431,0.22392204364951307
2022Q3,LA7,LA23,0.6134530991421644,0.21822490576950868
2022Q4,LA7,LA23,0.6194209126514948,0.220347848081716
2023Q1,LA7,LA23,0.6752893380377322,0.2402220355011801
2023Q2,LA7,LA23,0.7513782489082431,0.2672892969235139
2023Q3,LA7,LA23,0.67803727205606,0.2411995636008001
2019Q1,LA8,LA23,8.560082549039365,1.3276203891902902
2019Q3,LA8,LA23,23.71708455365416,3.6783856750440966
2019Q4,LA8,LA23,18.809582166267408,2.9172598106415566
2020Q1,LA8,LA23,4.5343008429636935,0.7032444156180342
2020Q3,LA8,LA23,4.781157422544544,0.7415304749381151
2020Q4,LA8,LA23,5.067695048034935,0.785970840050471
2021Q2,LA8,LA23,4.772502731849039,0.7401881813604934
2021Q3,LA8,LA23,6.481864981115898,1.0053005984006227
2021Q4,LA8,LA23,5.4961831202437565,0.852426916604676
2022Q1,LA8,LA23,4.480209142662585,0.6948550988334921
2022Q2,LA8,LA23,6.11883555363202,0.948996787421865
2022Q3,LA8,LA23,4.959362002632648,0.7691689974192579
2022Q4,LA8,LA23,6.2053512263141535,0.9624148789390088
2023Q1,LA8,LA23,18.87009880312469,2.9266455987477684
2023Q2,LA8,LA23,32.386984009150694,5.0230380453227825
2023Q3,LA8,LA23,34.76085121895745,5.391211423431548
2019Q1,LA9,LA23,2.4063369249984645,8.08969697486418
2019Q2,LA9,LA23,2.4679125971684193,8.296703950364432
2019Q3,LA9,LA23,2.493498453948662,8.382719265195945
2019Q4,LA9,LA23,2.8032809234731237,9.424155433399859
2020Q1,LA9,LA23,2.0433274831200543,6.869320745208483
2020Q2,LA9,LA23,0.7678375707729945,2.5813397986540547
2020Q3,LA9,LA23,1.6374252807932386,5.504746323338592
2020Q4,LA9,LA23,1.8921181344895457,6.360980538365589
2021Q1,LA9,LA23,0.8863933966255093,2.9799043952357347
2021Q2,LA9,LA23,1.7488865140759042,5.879460101918036
2021Q3,LA9,LA23,1.6694743751509078,5.612489947674382
2021Q4,LA9,LA23,1.9782152465816905,6.650424439591854
2022Q1,LA9,LA23,1.5790432033069897,5.308475671992835
2022Q2,LA9,LA23,1.5470386281220387,5.2008817135717065
2022Q3,LA9,LA23,1.3567001096855502,4.560995868493395
2022Q4,LA9,LA23,1.5037834773063377,5.055465226351701
2023Q1,LA9,LA23,1.6538481455268208,5.559957211628455
2023Q2,LA9,LA23,1.0925343072675993,3.6729152051073104
2023Q3,LA9,LA23,1.1848214554632386,3.983168958777978
2019Q2,LD1,LA23,0.007882711131939824,0.006289294324966547
2019Q3,LD1,LA23,0.010102912345152591,0.008060702493656684
2019Q4,LD1,LA23,0.0071911864193673096,0.005737554907200243
2020Q3,LD1,LA23,0.005340354191667,0.004260851215880757
2021Q3,LD1,LA23,0.01224083018278996,0.009766460106543941
2021Q4,LD1,LA23,0.0031612946662419325,0.0025222683250920607
2023Q1,LD1,LA23,0.008841022471928599,0.007053891932472595
2023Q2,LD1,LA23,0.00802480400958544,0.0064026644477627155
2023Q3,LD1,LA23,0.010410659419441184,0.008306241356549409
2023Q3,LD2,LA23,0.01187787019112238,0.002255689471297753
2019Q2,LD3,LA23,0.0050206938001968,0.005284219020764032
2019Q4,LD3,LA23,0.003595307254937398,0.003784017057819065
2020Q3,LD3,LA23,0.005975370980758269,0.006289005115469618
2021Q2,LD3,LA23,0.0021988419943449297,0.002314254394425876
2021Q3,LD3,LA23,0.015051845601504002,0.015841884008531492
2021Q4,LD3,LA23,0.004702353578946036,0.004949169818571783
2022Q1,LD3,LA23,0.0073984905369582675,0.00778682110006492
2022Q2,LD3,LA23,0.004728801784639077,0.0049770062326512
2022Q3,LD3,LA23,0.008386210800476494,0.008826384636776218
2023Q2,LD3,LA23,0.005622545047149309,0.005917660121412779
2023Q3,LD3,LA23,0.009164268924318993,0.009645281327330687
2019Q3,LD7,LA23,0.05748822511759085,0.01326141227218247
2021Q3,LD7,LA23,0.044094386390598615,0.010171714914115705
2022Q2,LD7,LA23,0.01458424893655199,0.0033643017754008513
2019Q1,LE1,LA23,0.0075277886238306,0.02133390005283901
2019Q2,LE1,LA23,0.010993227221866306,0.031155020754302525
2019Q3,LE1,LA23,0.012275450218308113,0.03478886578084121
2019Q4,LE1,LA23,0.006691928936363221,0.018965057365867784
2020Q1,LE1,LA23,0.0036754303902264093,0.010416241543769177
2020Q3,LE1,LA23,0.004142433154902731,0.011739736504090523
2021Q2,LE1,LA23,0.01235277801834821,0.03500801427713917
2021Q3,LE1,LA23,0.016540010782907955,0.04687471375038152
2022Q1,LE1,LA23,0.0061606351601062185,0.017459360422481168
2022Q2,LE1,LA23,0.007473728047029227,0.021180691321840868
2022Q3,LE1,LA23,0.01038151865652109,0.029421426727335862
2022Q4,LE1,LA23,0.010880437316232106,0.030835371957821756
2023Q3,LE1,LA23,0.012400256420154415,0.035142568995585384
2019Q1,LE10,LA23,0.0061630845994911365,0.023570140185468286
2019Q2,LE10,LA23,0.019107275098121147,0.07307398517005713
2019Q3,LE10,LA23,0.024758719733330648,0.09468740620167802
2019Q4,LE10,LA23,0.03013720653665535,0.11525692555413368
2020Q1,LE10,LA23,0.01058270256534769,0.04047255541923843
2020Q3,LE10,LA23,0.023174985799626437,0.08863056400986817
2020Q4,LE10,LA23,0.015924720629393697,0.06090260349180007
2021Q2,LE10,LA23,0.015549105848683959,0.059466099920553725
2021Q3,LE10,LA23,0.02766294720378909,0.10579435232648787
2021Q4,LE10,LA23,0.022629486057196457,0.0865443513037708
2022Q1,LE10,LA23,0.012009161516128394,0.0459279141598102
2022Q2,LE10,LA23,0.01216388425446786,0.04651963679052694
2022Q3,LE10,LA23,0.015999832242226376,0.0611898608246248
2022Q4,LE10,LA23,0.010819626484808852,0.041378648773116984
2023Q1,LE10,LA23,0.008205731014922158,0.031382050209391804
2023Q2,LE10,LA23,0.018945935429378603,0.0724569567083591
2023Q3,LE10,LA23,0.016375957471852925,0.06262831655997543
2019Q1,LE11,LA23,0.0062076511849647464,0.03484526163274237
2019Q2,LE11,LA23,0.01788999582375614,0.10042149059491512
2019Q3,LE11,LA23,0.018445252780629137,0.10353830134331897
2019Q4,LE11,LA23,0.013527027060189042,0.07593094118547028
2020Q1,LE11,LA23,0.005079194593736047,0.028510922928629133
2020Q3,LE11,LA23,0.01927852463397488,0.10821568653715173
2020Q4,LE11,LA23,0.016225847908889337,0.09108016844885683
2021Q2,LE11,LA23,0.014909308778821918,0.08369007047620425
2021Q3,LE11,LA23,0.033405852113461185,0.18751627987371605
2021Q4,LE11,LA23,0.01653341090453315,0.0928066045407745
2022Q1,LE11,LA23,0.006726443159817993,0.037757384359694716
2022Q2,LE11,LA23,0.019751268459509648,0.1108693282762238
2022Q3,LE11,LA23,0.016879422494782744,0.09474886321977544
2022Q4,LE11,LA23,0.011244970944173696,0.06312112954274245
2023Q1,LE11,LA23,0.005931993438513064,0.033297918521797976
2023Q2,LE11,LA23,0.015499420642563676,0.08700253144928058
2023Q3,LE11,LA23,0.012893984152621132,0.07237749639907788
2019Q1,LE12,LA23,0.005790054738594942,0.010703788086090836
2019Q2,LE12,LA23,0.014182039818542375,0.02621763622273061
2019Q3,LE12,LA23,0.029386829474389423,0.054325979531634566
2019Q4,LE12,LA23,0.014335158962444776,0.026500700017849863
2020Q1,LE12,LA23,0.00991547167316077,0.018330242520108626
2020Q3,LE12,LA23,0.03265106366832001,0.060360407987432425
2020Q4,LE12,LA23,0.011878877584538657,0.021959894008941837
2021Q2,LE12,LA23,0.01595360680250231,0.029492644565954632
2021Q3,LE12,LA23,0.03474255775243873,0.06422684975187626
2021Q4,LE12,LA23,0.027792708609429537,0.05137900706030227
2022Q1,LE12,LA23,0.010010472030897407,0.01850586498711877
2022Q2,LE12,LA23,0.01551478258932608,0.028681411927068776
2022Q3,LE12,LA23,0.017556488507368743,0.032455812769114946
2022Q4,LE12,LA23,0.01938773871319204,0.035841154535417384
2023Q1,LE12,LA23,0.01479310840202414,0.02734728851773529
2023Q2,LE12,LA23,0.02528789061400544,0.04674847380497201
2023Q3,LE12,LA23,0.02528370574851436,0.04674073745092916
2019Q1,LE13,LA23,0.016479500402227856,0.01717716425585269
2019Q2,LE13,LA23,0.004364493443340505,0.004549265386693206
2019Q3,LE13,LA23,0.0070166238043176295,0.007313674363089074
2019Q4,LE13,LA23,0.006067145319695177,0.006323999464598027
2020Q1,LE13,LA23,0.002765890202793377,0.0028829848701367585
2020Q3,LE13,LA23,0.010572728713190713,0.01102032788047963
2020Q4,LE13,LA23,0.005553838716377953,0.005788961895279373
2021Q2,LE13,LA23,0.0038604124857315493,0.00402384403314744
2022Q2,LE13,LA23,0.0031469163071206076,0.003280141811794511
2019Q1,LE14,LA23,0.0039604965129514365,0.004316596346413823
2019Q2,LE14,LA23,0.01711766103663132,0.01865676004214147
2019Q3,LE14,LA23,0.033606108488703594,0.036627732064690034
2019Q4,LE14,LA23,0.015045866681400571,0.016398684592494054
2020Q1,LE14,LA23,0.008415209283674611,0.009171845380857913
2020Q3,LE14,LA23,0.028798943237773537,0.031388340515950006
2020Q4,LE14,LA23,0.015373044477820732,0.016755279902207508
2021Q2,LE14,LA23,0.020278256927272482,0.022101534360062812
2021Q3,LE14,LA23,0.04498986586889196,0.04903503639006693
2021Q4,LE14,LA23,0.02790252118525415,0.030411318532949608
2022Q1,LE14,LA23,0.01154980077524912,0.012588277168080215
2022Q2,LE14,LA23,0.05335047918207715,0.0581473769169317
2022Q3,LE14,LA23,0.04500518988977052,0.04905173823851458
2022Q4,LE14,LA23,0.02249440223242421,0.02451693977603961
2023Q1,LE14,LA23,0.020691474788971827,0.022551905849155503
2023Q2,LE14,LA23,0.01920716757183859,0.020934140225708896
2023Q3,LE14,LA23,0.035367840187716215,0.038547866217175916
2019Q1,LE15,LA23,0.0118710516302933,0.022175065874657014
2019Q2,LE15,LA23,0.015362669459230231,0.028697390751774108
2019Q3,LE15,LA23,0.0225525557571588,0.042128062882034266
2019Q4,LE15,LA23,0.01904684899153336,0.03557941994069664
2020Q1,LE15,LA23,0.009286273630133578,0.017346713323427326
2020Q3,LE15,LA23,0.039319009710396105,0.07344771614246362
2020Q4,LE15,LA23,0.032025082033844764,0.059822695230267176
2021Q2,LE15,LA23,0.020432364314889415,0.03816755572871428
2021Q3,LE15,LA23,0.04270534757286951,0.07977337856166901
2021Q4,LE15,LA23,0.01683829204800066,0.03145384646700442
2022Q1,LE15,LA23,0.012710156186529636,0.02374250904563797
2022Q2,LE15,LA23,0.02058010462076857,0.03844353389115878
2022Q3,LE15,LA23,0.027748818807794357,0.051834656622713915
2023Q1,LE15,LA23,0.005306497368462078,0.009912510902493088
2023Q2,LE15,LA23,0.012318723722983435,0.023011315135027226
2023Q3,LE15,LA23,0.021878376913091982,0.040868700127656934
2019Q1,LE16,LA23,0.009037956199495534,0.027645897323314485
2019Q2,LE16,LA23,0.016799160593476047,0.05138638190247395
2019Q3,LE16,LA23,0.026212732139476055,0.08018123625471313
2019Q4,LE16,LA23,0.01903784318631384,0.05823421206838464
2020Q1,LE16,LA23,0.01380915275968481,0.04224034846921696
2020Q3,LE16,LA23,0.02578161714955125,0.07886251325109113
2020Q4,LE16,LA23,0.01114680082755143,0.034096570547567415
2021Q2,LE16,LA23,0.019379752190604768,0.05928006591165414
2021Q3,LE16,LA23,0.04110081876779992,0.12572189889813534
2021Q4,LE16,LA23,0.01892729300220954,0.0578960538641004
2022Q1,LE16,LA23,0.01054370312658474,0.03225177546903154
2022Q2,LE16,LA23,0.01309151022395878,0.0400451760851516
2022Q3,LE16,LA23,0.020072150425149832,0.06139801936003945
2022Q4,LE16,LA23,0.0117866304049556,0.03605372351566021
2023Q1,LE16,LA23,0.0071018506660375045,0.02172360984995084
2023Q2,LE16,LA23,0.018775401729373482,0.05743143880728396
2023Q3,LE16,LA23,0.02847174254038092,0.08709124646246355
2019Q1,LE17,LA23,0.010617543022738644,0.012363778296089076
2019Q2,LE17,LA23,0.010724525008973687,0.012488355286891243
2019Q3,LE17,LA23,0.023533304988311826,0.02740375667201068
2019Q4,LE17,LA23,0.01396987292338649,0.016267455783262514
2020Q1,LE17,LA23,0.011254716059734592,0.013105745260460431
2020Q3,LE17,LA23,0.04836622689704483,0.056320874339076586
2020Q4,LE17,LA23,0.014290260067305716,0.01664053603430093
2021Q2,LE17,LA23,0.01702839042771151,0.019828998435568942
2021Q3,LE17,LA23,0.05863606294188664,0.06827975933946506
2021Q4,LE17,LA23,0.04078677359367976,0.04749485121417153
2022Q1,LE17,LA23,0.009535739687757122,0.011104054029840577
2022Q2,LE17,LA23,0.019263152847079874,0.02243130548893611
2022Q3,LE17,LA23,0.02329767142025495,0.027129369161799286
2022Q4,LE17,LA23,0.011124201761959746,0.012953765669824242
2023Q1,LE17,LA23,0.006987420082963936,0.008136619986600547
2023Q2,LE17,LA23,0.010501123275674974,0.012228211344403607
2023Q3,LE17,LA23,0.015962358087798882,0.01858763897237544
2019Q1,LE18,LA23,0.006521260533431327,0.01194847345849903
2019Q2,LE18,LA23,0.006852498913152746,0.012555379587804541
2019Q3,LE18,LA23,0.016012143776840695,0.029337989787471843
2019Q4,LE18,LA23,0.007033981556509764,0.01288789820689866
2020Q1,LE18,LA23,0.002407693411999365,0.004411457061406536
2020Q3,LE18,LA23,0.007815157987885176,0.01431919600720029
2021Q2,LE18,LA23,0.0029222296561246426,0.00535420771902085
2021Q3,LE18,LA23,0.007070798974698957,0.01295535632205735
2021Q4,LE18,LA23,0.006324979892409843,0.011588841449067815
2022Q1,LE18,LA23,0.0016348433206431587,0.0029954150620679085
2022Q2,LE18,LA23,0.003470544796252009,0.006358849208977972
2022Q3,LE18,LA23,0.005450003886505265,0.009985680905216123
2022Q4,LE18,LA23,0.003096648721929821,0.005673784213127398
2023Q1,LE18,LA23,0.002244047288493917,0.004111619115465392
2023Q2,LE18,LA23,0.013267647937998072,0.02430943196199305
2023Q3,LE18,LA23,0.0027641870410681398,0.005064636710220687
2019Q1,LE19,LA23,0.0102622953414634,0.013512012301271449
2019Q2,LE19,LA23,0.020541723612510904,0.02704658294330336
2019Q3,LE19,LA23,0.016206762948317438,0.02133888891666104
2019Q4,LE19,LA23,0.01094936974837466,0.01441665960766537
2020Q1,LE19,LA23,0.013353196647554678,0.017581696039682137
2020Q3,LE19,LA23,0.010875566359396979,0.014319485216697224
2020Q4,LE19,LA23,0.010368003320467887,0.013651194371668531
2021Q2,LE19,LA23,0.0093186113834415,0.012269496000090222
2021Q3,LE19,LA23,0.017038314078740804,0.022433763769660005
2021Q4,LE19,LA23,0.020471050277976476,0.026953529787666453
2022Q2,LE19,LA23,0.007897456839734387,0.010398310554959576
2022Q3,LE19,LA23,0.011423710279616623,0.01504120751628355
2022Q4,LE19,LA23,0.02134488460000164,0.028104077468824252
2023Q3,LE19,LA23,0.009819255354653932,0.01292867674596565
2019Q1,LE2,LA23,0.006700445985158273,0.050793140921898336
2019Q2,LE2,LA23,0.013547193291246273,0.10269532796214516
2019Q3,LE2,LA23,0.0150632847227858,0.11418815185823256
2019Q4,LE2,LA23,0.01012603719196172,0.07676104474403075
2020Q1,LE2,LA23,0.004295578082563546,0.03256289258535292
2020Q3,LE2,LA23,0.013012338400198857,0.09864082772232326
2020Q4,LE2,LA23,0.009042726413475612,0.06854894107873175
2021Q2,LE2,LA23,0.012726994074085377,0.09647775759241703
2021Q3,LE2,LA23,0.02457359546100611,0.18628164453132612
2021Q4,LE2,LA23,0.00960712961225106,0.07282743407392518
2022Q1,LE2,LA23,0.00840825805376726,0.06373931484242819
2022Q2,LE2,LA23,0.009474276681862496,0.07182033430324414
2022Q3,LE2,LA23,0.013049440697507457,0.09892208395808673
2022Q4,LE2,LA23,0.007415251787085222,0.056211770056360126
2023Q1,LE2,LA23,0.003169423211658352,0.024026006655002628
2023Q2,LE2,LA23,0.007347618781888489,0.055699073920679236
2023Q3,LE2,LA23,0.007109458277056668,0.053893683636099934
2019Q1,LE3,LA23,0.0047735902528569275,0.02745400682210209
2019Q2,LE3,LA23,0.011211590301418323,0.06448041417830876
2019Q3,LE3,LA23,0.016697791434373385,0.09603280878139174
2019Q4,LE3,LA23,0.009232914632086496,0.05310059889314638
2020Q1,LE3,LA23,0.004095098805554404,0.02355184768478753
2020Q3,LE3,LA23,0.014508628785197457,0.08344243484445879
2020Q4,LE3,LA23,0.008965390118493803,0.05156200436948409
2021Q2,LE3,LA23,0.011788389747289863,0.06779771941045865
2021Q3,LE3,LA23,0.031579370511875385,0.1816201658598245
2021Q4,LE3,LA23,0.011716077670119509,0.06738183615387475
2022Q1,LE3,LA23,0.006526340967594097,0.0375344761399367
2022Q2,LE3,LA23,0.0090133886425961,0.051838054834302816
2022Q3,LE3,LA23,0.015314483524192063,0.08807708933512029
2022Q4,LE3,LA23,0.0075812399083871685,0.04360144066413908
2023Q1,LE3,LA23,0.0047207767903755865,0.02715026454795241
2023Q2,LE3,LA23,0.010414862573554744,0.059898251211339876
2023Q3,LE3,LA23,0.010678389305412359,0.061413853579996326
2019Q1,LE4,LA23,0.005366470092993525,0.03410365618024218
2019Q2,LE4,LA23,0.008690072434227819,0.05522498725283837
2019Q3,LE4,LA23,0.015303372675183773,0.09725218832281864
2019Q4,LE4,LA23,0.00811101187878251,0.051545085613913744
2020Q1,LE4,LA23,0.004959798832111783,0.03151928011568461
2020Q3,LE4,LA23,0.006093367666229157,0.03872305486994066
2020Q4,LE4,LA23,0.005629343288010103,0.03577420253687832
2021Q2,LE4,LA23,0.005986022563654761,0.03804088196905938
2021Q3,LE4,LA23,0.014209783776460828,0.09030248411161472
2021Q4,LE4,LA23,0.00937573856583869,0.059582362138319175
2022Q1,LE4,LA23,0.003208782333266005,0.02039165551184432
2022Q2,LE4,LA23,0.009044442112011044,0.05747698930305027
2022Q3,LE4,LA23,0.010141319058920954,0.06444758890040732
2022Q4,LE4,LA23,0.0038870418234591853,0.024701961551699937
2023Q1,LE4,LA23,0.003109890586411034,0.0197632032750176
2023Q2,LE4,LA23,0.005718962511431251,0.036343728338705764
2023Q3,LE4,LA23,0.006529096626313336,0.0414920911982874
2019Q2,LE5,LA23,0.012041496557464244,0.02140092435375231
2019Q3,LE5,LA23,0.014965543851189412,0.026597729804069548
2019Q4,LE5,LA23,0.009143404271994915,0.016250247818195243
2020Q1,LE5,LA23,0.004567471225560771,0.008117604462177467
2020Q3,LE5,LA23,0.00900081445391229,0.0159968279965112
2020Q4,LE5,LA23,0.0016844312176065807,0.0029936798050863344
2021Q2,LE5,LA23,0.019514789616407527,0.03468294280259097
2021Q3,LE5,LA23,0.020147717545003663,0.03580782314089632
2021Q4,LE5,LA23,0.008103210532036392,0.014401548411450828
2022Q1,LE5,LA23,0.00541678581389485,0.009627061129024162
2022Q4,LE5,LA23,0.004369310026165487,0.007765419597292173
2023Q2,LE5,LA23,0.0099461381636943,0.01767691826654601
2023Q3,LE5,LA23,0.02134233951590132,0.037930982360226365
2020Q3,LE6,LA23,0.04652811109252111,0.0032366880848809284
2021Q3,LE6,LA23,0.07104044125393864,0.004941867278774326
2021Q4,LE6,LA23,0.10588403675645568,0.007365732072536294
2022Q3,LE6,LA23,0.10251026539858757,0.007131038565778408
2019Q1,LE65,LA23,0.010347277838250677,0.017957089966695983
2019Q2,LE65,LA23,0.02355250263737009,0.04087397820097589
2019Q3,LE65,LA23,0.019088101015080648,0.03312627268537061
2019Q4,LE65,LA23,0.03006926997274615,0.05218344327601029
2020Q1,LE65,LA23,0.015429863912060138,0.026777618111159387
2020Q3,LE65,LA23,0.020057123265916615,0.034807953607638525
2020Q4,LE65,LA23,0.01335645876319932,0.02317934585274297
2021Q2,LE65,LA23,0.01576032887158681,0.0273511205435696
2021Q3,LE65,LA23,0.017486187538807246,0.030346246396140582
2021Q4,LE65,LA23,0.02288449013597691,0.03971468193253598
2022Q1,LE65,LA23,0.01467419403864929,0.025466197647334828
2022Q2,LE65,LA23,0.01964054243758741,0.03408500216769025
2022Q3,LE65,LA23,0.015794575240312345,0.02741055309518851
2022Q4,LE65,LA23,0.011023539464957306,0.019130702105233877
2023Q1,LE65,LA23,0.014072632824503346,0.02442222366579536
2023Q2,LE65,LA23,0.03343341325966746,0.05802171539051605
2023Q3,LE65,LA23,0.014169539215811848,0.02459039898825957
2019Q1,LE67,LA23,0.005969475585549792,0.019506023729873485
2019Q2,LE67,LA23,0.01893686156279344,0.06187861324156123
2019Q3,LE67,LA23,0.011111937265584395,0.03630967392044237
2019Q4,LE67,LA23,0.013308051272869494,0.043485756865367466
2020Q1,LE67,LA23,0.009417218140014148,0.030771962775620068
2020Q3,LE67,LA23,0.019123811490225417,0.06248949600144951
2020Q4,LE67,LA23,0.010447688618228718,0.03413915664599021
2021Q2,LE67,LA23,0.011305259731671893,0.036941379764109536
2021Q3,LE67,LA23,0.02218634735908634,0.07249672301418683
2021Q4,LE67,LA23,0.019512514221341246,0.06375963180958745
2022Q1,LE67,LA23,0.01115906749939078,0.03646367797755706
2022Q2,LE67,LA23,0.018964166120782677,0.06196783437136383
2022Q3,LE67,LA23,0.017113142783189754,0.0559193792549649
2022Q4,LE67,LA23,0.010758062228370559,0.03515334204934599
2023Q1,LE67,LA23,0.006235595455028365,0.02037560438476476
2023Q2,LE67,LA23,0.012193144657469408,0.03984265713492706
2023Q3,LE67,LA23,0.01505277712538924,0.04918687137595466
2019Q1,LE7,LA23,0.006381578177665727,0.008367698374646822
2019Q2,LE7,LA23,0.014193127900637897,0.0186104142202586
2019Q3,LE7,LA23,0.01994676037368211,0.026154733157148547
2019Q4,LE7,LA23,0.01426006907427774,0.018698189302576548
2020Q1,LE7,LA23,0.010309547291532405,0.01351815800308119
2020Q3,LE7,LA23,0.0141798940607091,0.018593061650442857
2020Q4,LE7,LA23,0.005458297278633178,0.007157067420502019
2021Q3,LE7,LA23,0.007340976431503957,0.009625687383913749
2022Q1,LE7,LA23,0.00659960569049269,0.008653581962361141
2022Q2,LE7,LA23,0.009927695868586843,0.013017464061522854
2022Q3,LE7,LA23,0.007637635009907869,0.010014674157283257
2022Q4,LE7,LA23,0.005202112194011509,0.006821150589818982
2023Q1,LE7,LA23,0.004587841457316419,0.0060157021408717105
2023Q2,LE7,LA23,0.011376139648793904,0.014916702827855613
2023Q3,LE7,LA23,0.009813112871203329,0.01286721972786824
2019Q1,LE8,LA23,0.004702005694079279,0.0043797163191185776
2019Q2,LE8,LA23,0.01280847309243628,0.011930542469689432
2019Q3,LE8,LA23,0.01680527496099826,0.015653391718908012
2019Q4,LE8,LA23,0.01973088114523017,0.018378468203721538
2020Q1,LE8,LA23,0.00942582341622354,0.008779749605396417
2020Q3,LE8,LA23,0.02201004402083159,0.02050141051592888
2020Q4,LE8,LA23,0.009183484798362779,0.00855402159304333
2021Q2,LE8,LA23,0.010157574265222059,0.009461344087283843
2021Q3,LE8,LA23,0.057320767788761565,0.05339183285655389
2021Q4,LE8,LA23,0.03900145863770112,0.03632818332824583
2022Q1,LE8,LA23,0.01462834141266226,0.013625671633564549
2022Q2,LE8,LA23,0.05866255681769849,0.054641651697532566
2022Q3,LE8,LA23,0.03386554106859248,0.03154429673716897
2022Q4,LE8,LA23,0.025293258793303252,0.023559584038830374
2023Q1,LE8,LA23,0.010652264851905794,0.009922127118265976
2023Q2,LE8,LA23,0.026383006344919916,0.024574637070676943
2023Q3,LE8,LA23,0.012858772715874387,0.01197739440819193
2019Q1,LE9,LA23,0.003485688327223828,0.0044948216988963206
2019Q2,LE9,LA23,0.024163876770452297,0.031159503501504933
2019Q3,LE9,LA23,0.017071669798550567,0.02201404848724179
2019Q4,LE9,LA23,0.00997912640813157,0.012868159658733258
2020Q1,LE9,LA23,0.0038391520493725405,0.004950615866056428
2020Q3,LE9,LA23,0.020112164287915773,0.025934789334734042
2020Q4,LE9,LA23,0.016518373477141392,0.021300568658317944
2021Q2,LE9,LA23,0.01612481988168425,0.020793078293581777
2021Q3,LE9,LA23,0.09262162478068818,0.11943629199425468
2021Q4,LE9,LA23,0.0253624238079921,0.03270503905309352
2022Q1,LE9,LA23,0.029946967152137,0.03861684268219349
2022Q2,LE9,LA23,0.028566922324528145,0.036837264345215115
2022Q3,LE9,LA23,0.035225205478899915,0.045423171285294855
2022Q4,LE9,LA23,0.01697102459213291,0.0218842657254949
2023Q1,LE9,LA23,0.023145986476688384,0.02984692619969265
2023Q2,LE9,LA23,0.015553244820836537,0.02005602789065821
2023Q3,LE9,LA23,0.02116941554820069,0.02729812290325736
2019Q1,LL11,LA23,0.010875113666985979,0.03120172808805657
2019Q2,LL11,LA23,0.028328166007632914,0.08127618341008633
2019Q3,LL11,LA23,0.04208973536154975,0.12075942544270488
2019Q4,LL11,LA23,0.02756862545931708,0.0790969898507263
2020Q1,LL11,LA23,0.014682039760943512,0.04212415855382573
2020Q3,LL11,LA23,0.02573494236516799,0.07383597989209083
2020Q4,LL11,LA23,0.007977443794786364,0.02288803958696124
2021Q2,LL11,LA23,0.013312573536088588,0.03819503063092253
2021Q3,LL11,LA23,0.037535415319949514,0.10769265116195564
2021Q4,LL11,LA23,0.022781907178281918,0.06536344307480725
2022Q1,LL11,LA23,0.01568093386360254,0.04499008006364368
2022Q2,LL11,LA23,0.020701159202391337,0.05939358063919877
2022Q3,LL11,LA23,0.015116116932301853,0.043369566949976235
2022Q4,LL11,LA23,0.014291206504014838,0.04100282103185776
2023Q1,LL11,LA23,0.015654826232280206,0.04491517480393906
2023Q2,LL11,LA23,0.01752940960213986,0.05029353151595349
2023Q3,LL11,LA23,0.011377332764112269,0.03264264210413108
2019Q1,LL12,LA23,0.021421993601065704,0.05140409598416085
2019Q2,LL12,LA23,0.01192229640213694,0.028608675738591133
2019Q3,LL12,LA23,0.021772568732646103,0.05224533410835309
2019Q4,LL12,LA23,0.01634361075603305,0.03921803692393465
2020Q1,LL12,LA23,0.008659793306122269,0.020779991563845742
2020Q3,LL12,LA23,0.013261743492749318,0.0318228054827116
2021Q2,LL12,LA23,0.006032302749691342,0.014475079926045025
2021Q3,LL12,LA23,0.021458663127076304,0.051492087973601504
2021Q4,LL12,LA23,0.015577015784166396,0.03737851991871773
2022Q1,LL12,LA23,0.007081195822785043,0.0169919978754439
2022Q3,LL12,LA23,0.00904993054752347,0.02171616270540492
2022Q4,LL12,LA23,0.005459179451213409,0.013099816465773387
2023Q1,LL12,LA23,0.014146844007590243,0.033946687725783964
2023Q2,LL12,LA23,0.014941008918897897,0.035852361403423384
2023Q3,LL12,LA23,0.012673584784674594,0.03041146313769806
2019Q1,LL13,LA23,0.010033556467875059,0.023170669567835103
2019Q2,LL13,LA23,0.013584965008818287,0.03137200017937351
2019Q3,LL13,LA23,0.016542974513550104,0.03820298389208809
2019Q4,LL13,LA23,0.012191840779658623,0.028154833735535293
2020Q1,LL13,LA23,0.006426480566282651,0.01484078533491175
2020Q3,LL13,LA23,0.027736779041569862,0.06405303484422192
2020Q4,LL13,LA23,0.002470340882981749,0.0057048019316730345
2021Q2,LL13,LA23,0.012435549854626686,0.028717635416559133
2021Q3,LL13,LA23,0.029964068338095163,0.06919655344473
2021Q4,LL13,LA23,0.016511916008620973,0.03813125993684969
2022Q1,LL13,LA23,0.022009365308006498,0.05082661692116787
2022Q2,LL13,LA23,0.025202254756264832,0.05820001304537279
2022Q3,LL13,LA23,0.027900462371982643,0.06443103165670812
2022Q4,LL13,LA23,0.023416265486933114,0.05407559640966828
2023Q1,LL13,LA23,0.009905502752995902,0.0228749528572252
2023Q2,LL13,LA23,0.018857052293607183,0.043546924673967966
2023Q3,LL13,LA23,0.023995982500307808,0.05541434717095263
2019Q1,LL14,LA23,0.015379010121840196,0.014440374786413548
2019Q2,LL14,LA23,0.01871474037928864,0.017572513638154638
2019Q3,LL14,LA23,0.02084184593403831,0.019569794423946327
2019Q4,LL14,LA23,0.018841485808738317,0.017691523346140926
2020Q1,LL14,LA23,0.011011451945421096,0.010339384119960294
2020Q3,LL14,LA23,0.0223953629687572,0.021028494824081985
2021Q2,LL14,LA23,0.010793074036600141,0.010134334586637631
2021Q3,LL14,LA23,0.03519942341818105,0.03305107821616906
2021Q4,LL14,LA23,0.008501415029399701,0.007982543627111623
2022Q1,LL14,LA23,0.010480368575485226,0.009840714644880462
2022Q2,LL14,LA23,0.025903038878672912,0.02432208487748369
2022Q4,LL14,LA23,0.012538865273831695,0.011773574015231216
2023Q1,LL14,LA23,0.009449464681516627,0.008872730458659092
2023Q2,LL14,LA23,0.015058604452374755,0.014139524607233153
2023Q3,LL14,LA23,0.025074265453905654,0.02354389442362198
2019Q1,LL15,LA23,0.023580397116810703,0.016690207765398486
2019Q2,LL15,LA23,0.01534438371378964,0.010860756540549051
2019Q3,LL15,LA23,0.02197928489396755,0.01555694035168219
2019Q4,LL15,LA23,0.01714591587929059,0.012135881212509024
2020Q1,LL15,LA23,0.013796696378821116,0.009765303268556224
2020Q3,LL15,LA23,0.02331551999585675,0.01650272770901426
2020Q4,LL15,LA23,0.007029509864422081,0.004975487882792322
2021Q2,LL15,LA23,0.02876853598920965,0.02036237305028026
2021Q3,LL15,LA23,0.06765000486482177,0.047882681149553324
2021Q4,LL15,LA23,0.022365517209558337,0.01583031562865433
2022Q1,LL15,LA23,0.010623380620072705,0.007519230013031361
2022Q2,LL15,LA23,0.02578583369274433,0.01825121602507277
2022Q3,LL15,LA23,0.026810713042737026,0.018976625745744945
2022Q4,LL15,LA23,0.014181702884365063,0.010037810917037577
2023Q1,LL15,LA23,0.012429305271574818,0.008797463687083321
2023Q2,LL15,LA23,0.01687010861875234,0.011940664802081948
2023Q3,LL15,LA23,0.0334466357312873,0.02367353258062041
2019Q1,LL16,LA23,0.012523821913232288,0.011072964008920707
2019Q2,LL16,LA23,0.027617616344990128,0.024418174732838357
2019Q3,LL16,LA23,0.02514691981963892,0.022233703100159367
2019Q4,LL16,LA23,0.010875300705323276,0.009615420446772771
2020Q1,LL16,LA23,0.011617335599939395,0.010271492190556213
2020Q3,LL16,LA23,0.022346993353167532,0.01975814210882134
2021Q2,LL16,LA23,0.01285485092506897,0.011365644019812859
2021Q3,LL16,LA23,0.03554473080161378,0.03142694998379003
2021Q4,LL16,LA23,0.027637406122871667,0.02443567190740256
2022Q1,LL16,LA23,0.02614932931249812,0.023119985603498296
2022Q2,LL16,LA23,0.049862880426733536,0.04408637268811478
2022Q3,LL16,LA23,0.031183292729158818,0.027570775156487176
2022Q4,LL16,LA23,0.012102185158037146,0.010700172967379223
2023Q1,LL16,LA23,0.0127963811267826,0.0113139478222368
2023Q2,LL16,LA23,0.014674529178870816,0.012974516451228898
2023Q3,LL16,LA23,0.0191206053509431,0.016905524235862127
2020Q3,LL17,LA23,0.07404409713207091,0.00773953534731703
2021Q3,LL17,LA23,0.0790839432860288,0.008266330445973207
2022Q1,LL17,LA23,0.030949469731888283,0.0032350251302735865
2022Q3,LL17,LA23,0.1300053424721068,0.013588942027454564
2019Q1,LL18,LA23,0.010936161157737623,0.028519382306414306
2019Q2,LL18,LA23,0.02153734439934025,0.05616520732735456
2019Q3,LL18,LA23,0.02628736562959291,0.06855233929032065
2019Q4,LL18,LA23,0.014161841564525438,0.036931329734091266
2020Q1,LL18,LA23,0.01233629232516168,0.03217065220514296
2020Q3,LL18,LA23,0.01867946874635536,0.04871242319624263
2020Q4,LL18,LA23,0.0035727188587214164,0.009316956245942035
2021Q2,LL18,LA23,0.009814392701619259,0.025594028244977446
2021Q3,LL18,LA23,0.03413633460195427,0.08902092452834809
2021Q4,LL18,LA23,0.020052151797823967,0.05229211374448136
2022Q1,LL18,LA23,0.018582790382378967,0.048460304817294776
2022Q2,LL18,LA23,0.018490132197002112,0.048218670282610586
2022Q3,LL18,LA23,0.018779196900993462,0.04897249483635604
2022Q4,LL18,LA23,0.010156773291451331,0.026486890264371503
2023Q1,LL18,LA23,0.0103068507173774,0.02687826301609068
2023Q2,LL18,LA23,0.013547835528213096,0.03533012135434384
2023Q3,LL18,LA23,0.021421840509370176,0.055863995636303
2019Q1,LL19,LA23,0.010596426731048408,0.014674706781300268
2019Q2,LL19,LA23,0.018942607907316302,0.02623310893081631
2019Q3,LL19,LA23,0.019812508638940924,0.027437811090274062
2019Q4,LL19,LA23,0.027282001957482212,0.03778211177168216
2020Q1,LL19,LA23,0.013591167810553872,0.018822043269636397
2020Q3,LL19,LA23,0.017771776446062322,0.02461165588628386
2021Q2,LL19,LA23,0.014175121698635822,0.01963074532542412
2021Q3,LL19,LA23,0.03214957217183575,0.04452307902847757
2021Q4,LL19,LA23,0.01882336332257073,0.026067970308069847
2022Q1,LL19,LA23,0.02455211542194096,0.034001565227826235
2022Q2,LL19,LA23,0.024751552512014552,0.03427776029739344
2022Q3,LL19,LA23,0.015862453456250526,0.021967485758236226
2022Q4,LL19,LA23,0.01716051742758548,0.02376513968877267
2023Q1,LL19,LA23,0.008542537955264426,0.011830331379003531
2023Q2,LL19,LA23,0.02262478044362776,0.03133245078066847
2023Q3,LL19,LA23,0.019093699776078856,0.02644235200184444
2019Q1,LL22,LA23,0.018775391202311486,0.014722498650667788
2019Q2,LL22,LA23,0.031340603973461216,0.02457536009441927
2019Q3,LL22,LA23,0.01996263797637035,0.015653464021282246
2019Q4,LL22,LA23,0.025482468737651802,0.01998177335232169
2020Q1,LL22,LA23,0.013722861361419151,0.010760617752237384
2020Q3,LL22,LA23,0.032928209981207844,0.02582026237395016
2020Q4,LL22,LA23,0.008693014240814059,0.006816523237868118
2021Q2,LL22,LA23,0.027125767278136204,0.021270346265888862
2021Q3,LL22,LA23,0.017310050589283876,0.013573469319368859
2021Q4,LL22,LA23,0.0418681523721407,0.03283041137001224
2022Q1,LL22,LA23,0.02391616235749197,0.018753572921238453
2022Q2,LL22,LA23,0.01045166271251527,0.008195546421599833
2022Q3,LL22,LA23,0.026316842460738062,0.020636037536749332
2022Q4,LL22,LA23,0.021301840535117703,0.01670358370463145
2023Q1,LL22,LA23,0.0076866759919729235,0.006027415125497335
2023Q2,LL22,LA23,0.034015689668474874,0.026672996575645317
2023Q3,LL22,LA23,0.02137127178867986,0.016758027392428338
2019Q3,LL23,LA23,0.05404284661047636,0.010208155310728759
2022Q3,LL23,LA23,0.025971663009819818,0.004905788394032433
2023Q2,LL23,LA23,0.014893773234176197,0.0028132853813768693
2019Q4,LL26,LA23,0.060748008515195524,0.013741355432336148
2020Q3,LL26,LA23,0.041284442988998735,0.009338646958211714
2021Q2,LL26,LA23,0.014299214480809596,0.003234519013653961
2021Q3,LL26,LA23,0.0635496138201914,0.014375085742481825
2021Q4,LL26,LA23,0.033808487885912744,0.007647566727293606
2022Q1,LL26,LA23,0.017654748136468106,0.003993549338344128
2022Q3,LL26,LA23,0.04041407547667659,0.0091417675931773
2023Q2,LL26,LA23,0.017254244833882836,0.003902954463431117
2019Q1,LL28,LA23,0.03700985722746849,0.008792691730383991
2019Q2,LL28,LA23,0.04416653679790801,0.010492954362829595
2019Q3,LL28,LA23,0.03915174831510046,0.00930155584023057
2019Q4,LL28,LA23,0.02122231217745488,0.00504193376471176
2020Q3,LL28,LA23,0.062109667891356864,0.014755830045188855
2021Q2,LL28,LA23,0.04462151366292787,0.01060104641230681
2021Q3,LL28,LA23,0.08422854317539938,0.020010766604388826
2021Q4,LL28,LA23,0.08649521052701672,0.020549274687670628
2022Q1,LL28,LA23,0.024349327085868983,0.0057848406599481355
2022Q2,LL28,LA23,0.05026779177444191,0.011942472361437754
2022Q3,LL28,LA23,0.010064575186001238,0.0023911118182347577
2022Q4,LL28,LA23,0.04095765648702545,0.009730598128924744
2023Q1,LL28,LA23,0.019443489584785253,0.004619326387324256
2023Q2,LL28,LA23,0.029958780982889774,0.007117518021796976
2023Q3,LL28,LA23,0.029485848509150068,0.00700516013224006
2019Q1,LL29,LA23,0.017036227067344367,0.016714429060766287
2019Q2,LL29,LA23,0.016580279872306612,0.016267094271391357
2019Q3,LL29,LA23,0.018845055886190645,0.018489090836296882
2019Q4,LL29,LA23,0.01987382957985917,0.019498431980579097
2020Q1,LL29,LA23,0.012246681229313949,0.012015353154663864
2020Q3,LL29,LA23,0.02804528469984821,0.027515536142573738
2021Q2,LL29,LA23,0.017332404823422725,0.017005012302805704
2021Q3,LL29,LA23,0.027021595919135496,0.026511183862113544
2021Q4,LL29,LA23,0.032412119513030316,0.031799885630079974
2022Q2,LL29,LA23,0.03804642415124141,0.037327763652006685
2022Q3,LL29,LA23,0.030742573092538868,0.03016187534184834
2022Q4,LL29,LA23,0.020875262654591373,0.020480948944021152
2023Q1,LL29,LA23,0.010008582584850259,0.009819530049230413
2023Q2,LL29,LA23,0.017242571361203392,0.01691687570861659
2023Q3,LL29,LA23,0.026593136731815386,0.02609081785832724
2019Q1,LL30,LA23,0.015966637018229233,0.03439308258429388
2019Q2,LL30,LA23,0.020340810285155542,0.043815311087118065
2019Q3,LL30,LA23,0.03674118247957224,0.07914268495124109
2019Q4,LL30,LA23,0.034294583114744474,0.07387256489345234
2020Q1,LL30,LA23,0.010128532008984377,0.0218174583317043
2020Q3,LL30,LA23,0.025802980147108984,0.055581148748306435
2021Q2,LL30,LA23,0.013896811941646652,0.029934556677262136
2021Q3,LL30,LA23,0.030359716919938686,0.06539662986457984
2021Q4,LL30,LA23,0.02169390829029941,0.04672996439716856
2022Q1,LL30,LA23,0.017237197119159744,0.03712994435610725
2022Q2,LL30,LA23,0.01952523240936209,0.04205850799802285
2022Q3,LL30,LA23,0.022162182508144283,0.04773865482008268
2022Q4,LL30,LA23,0.01673478664731529,0.036047722418598924
2023Q1,LL30,LA23,0.017264586679890975,0.03718894309348077
2023Q2,LL30,LA23,0.012606884467503,0.027155976435516756
2023Q3,LL30,LA23,0.03355053361385085,0.07226983816384604
2019Q1,LL31,LA23,0.01994803185306754,0.019735149953815485
2019Q2,LL31,LA23,0.023370987335887387,0.02312157625573141
2019Q3,LL31,LA23,0.030708084410800345,0.030380373116778207
2019Q4,LL31,LA23,0.02740008737908701,0.02710767844952961
2020Q1,LL31,LA23,0.00769636964048168,0.007614235332772537
2020Q3,LL31,LA23,0.006074454252429056,0.006009628741436203
2021Q2,LL31,LA23,0.0037072456130196672,0.0036676825376793743
2021Q3,LL31,LA23,0.008230455057319808,0.008142621083661825
2022Q1,LL31,LA23,0.0037317281820728656,0.003691903833047178
2022Q2,LL31,LA23,0.012428740615021385,0.012296103273807693
2022Q4,LL31,LA23,0.015907604054037336,0.01573784089201128
2023Q2,LL31,LA23,0.018655863783128442,0.018456771675015058
2023Q3,LL31,LA23,0.016765078629264726,0.016586164648878278
2020Q3,LL32,LA23,0.043071679422683064,0.004411312456658071
2021Q3,LL32,LA23,0.07342488745483544,0.007520025339147916
2022Q2,LL32,LA23,0.07953280344455964,0.008145585481005347
2023Q2,LL32,LA23,0.031570979077260364,0.003233434478040477
2019Q3,LL33,LA23,0.033160317963326136,0.004073732671367692
2020Q3,LL33,LA23,0.03686284641064498,0.004528586907662781
2021Q3,LL33,LA23,0.06020095848344435,0.007395665255468445
2022Q1,LL33,LA23,0.04982375587922792,0.006120829793005403
2022Q2,LL33,LA23,0.03492359490310793,0.004290350584567516
2019Q2,LL40,LA23,0.008754355869778328,0.002118604169753406
2021Q3,LL40,LA23,0.01455992010640151,0.0035235839058344993
2022Q1,LL40,LA23,0.039290333097895966,0.00950848523528327
2022Q3,LL40,LA23,0.014253090419750003,0.003449329367497977
2023Q2,LL40,LA23,0.014822532856709853,0.0035871376927846467
2022Q3,LL41,LA23,0.017621432844258125,0.003068440460042481
2019Q2,LL49,LA23,0.025926023110049573,0.017366524173966957
2019Q3,LL49,LA23,0.012734668090022437,0.008530306414295153
2021Q3,LL49,LA23,0.007693949670920652,0.005153785537649052
2022Q2,LL49,LA23,0.007784294024599198,0.005214302624881446
2023Q1,LL49,LA23,0.011505358837877892,0.007706854674164052
2023Q2,LL49,LA23,0.011539359401090249,0.007729629922047209
2023Q3,LL49,LA23,0.010975597681540598,0.007351994621432166
2022Q1,LL52,LA23,0.043939239340531885,0.001407944133424615
2019Q1,LL53,LA23,0.010870254866212438,0.008065980566975639
2019Q2,LL53,LA23,0.010475429950984686,0.00777301134658656
2019Q3,LL53,LA23,0.024054893095329502,0.017849287126715692
2019Q4,LL53,LA23,0.008162995378382264,0.00605713140130679
2020Q3,LL53,LA23,0.006011141126681949,0.004460405768761768
2021Q2,LL53,LA23,0.003393038795177884,0.002517713275515429
2021Q3,LL53,LA23,0.04234370544447999,0.031420008955863735
2021Q4,LL53,LA23,0.04933996006892909,0.03661139172811355
2022Q1,LL53,LA23,0.017438750019326456,0.01293995591634588
2022Q2,LL53,LA23,0.01127043895477127,0.008362926417947494
2022Q3,LL53,LA23,0.02108045445706634,0.015642184850902015
2022Q4,LL53,LA23,0.015584378607258503,0.011563969432331922
2023Q1,LL53,LA23,0.014855920792292391,0.011023436882571616
2023Q2,LL53,LA23,0.009049597526372716,0.006715010704446038
2023Q3,LL53,LA23,0.021579734532492543,0.016012662216468063
2021Q3,LL54,LA23,0.039068567684708594,0.005796553644573759
2019Q1,LL55,LA23,0.004873251143852636,0.0074561823427008395
2019Q2,LL55,LA23,0.010165991746168106,0.015554192861461362
2019Q3,LL55,LA23,0.012426424184617046,0.01901270463048684
2019Q4,LL55,LA23,0.0080859818324923,0.012371731557254623
2020Q1,LL55,LA23,0.0055388959013053215,0.008474633586136319
2020Q3,LL55,LA23,0.011621705699975431,0.017781467499685847
2021Q2,LL55,LA23,0.0053768086147752405,0.0082266364425197
2021Q3,LL55,LA23,0.0174998507645459,0.02677515983043549
2021Q4,LL55,LA23,0.00932776892154112,0.014271693347329703
2022Q1,LL55,LA23,0.013631682564485765,0.020856776685280392
2022Q2,LL55,LA23,0.013210869944500237,0.0202129240427422
2022Q3,LL55,LA23,0.016207027445336003,0.02479711147618958
2022Q4,LL55,LA23,0.0126584027530066,0.019367636985592955
2023Q1,LL55,LA23,0.012337299804909836,0.018876342352684813
2023Q2,LL55,LA23,0.016189968112846974,0.024771010319091742
2023Q3,LL55,LA23,0.010004377017324704,0.015306918741587069
2019Q1,LL57,LA23,0.014866462592044747,0.04021017010314959
2019Q2,LL57,LA23,0.015301973154241597,0.04138812038414142
2019Q3,LL57,LA23,0.015361370678744506,0.041548776259685484
2019Q4,LL57,LA23,0.014668943101247271,0.039675927859947495
2020Q1,LL57,LA23,0.008933045521280016,0.024161718211436558
2020Q3,LL57,LA23,0.008349816363042177,0.022584225010437317
2021Q2,LL57,LA23,0.004258658156439007,0.0115186358436883
2021Q3,LL57,LA23,0.008554793958851498,0.023138639616050217
2021Q4,LL57,LA23,0.00512542896292273,0.013863040328169023
2022Q1,LL57,LA23,0.003980195504437746,0.010765462011310949
2022Q2,LL57,LA23,0.008898855857085945,0.024069243474793514
2022Q3,LL57,LA23,0.006586870034974283,0.017815883429820396
2022Q4,LL57,LA23,0.004287581703474178,0.011596867012607596
2023Q1,LL57,LA23,0.007510124626010052,0.02031306283105386
2023Q2,LL57,LA23,0.00178772648342982,0.004835365881530221
2023Q3,LL57,LA23,0.005322360359418199,0.014395691919138013
2019Q1,LL59,LA23,0.03028775805223,0.007500214488608278
2019Q2,LL59,LA23,0.030399584563634206,0.00752790629793923
2019Q3,LL59,LA23,0.07459821026427693,0.018472895104468853
2020Q1,LL59,LA23,0.012029379294656294,0.002978857818368723
2020Q3,LL59,LA23,0.025147534205569217,0.006227331190249508
2021Q2,LL59,LA23,0.021336673561058204,0.0052836406017701745
2021Q3,LL59,LA23,0.05711414980499033,0.014143284330693229
2021Q4,LL59,LA23,0.062271016239510216,0.015420288864383238
2022Q1,LL59,LA23,0.03941110792650488,0.009759446776243413
2022Q2,LL59,LA23,0.049693599446405626,0.012305719489580579
2022Q3,LL59,LA23,0.06687838529945382,0.016561220329768152
2022Q4,LL59,LA23,0.04725560631265854,0.011701994664741288
2023Q2,LL59,LA23,0.04055681871175321,0.010043161292730763
2023Q3,LL59,LA23,0.03911738084955284,0.00968671058776577
2021Q3,LL60,LA23,0.12143961117796735,0.010266431024359951
2023Q2,LL60,LA23,0.0572102843839328,0.004836522719517937
2019Q2,LL61,LA23,0.032989002136611205,0.009297579209647796
2019Q3,LL61,LA23,0.06496083076088766,0.018308479505464718
2020Q3,LL61,LA23,0.013405654239738985,0.0037782328678804852
2021Q2,LL61,LA23,0.012162727211425771,0.003427927864725231
2021Q3,LL61,LA23,0.07453868021436008,0.02100788864742579
2021Q4,LL61,LA23,0.018176749569474626,0.005122912423851881
2022Q2,LL61,LA23,0.05714693718908327,0.0161062214887246
2022Q3,LL61,LA23,0.019998939596741656,0.005636476188023556
2022Q4,LL61,LA23,0.01852846328584561,0.005222038978924297
2023Q3,LL61,LA23,0.02294066183279277,0.006465567513344774
2019Q1,LL65,LA23,0.005621414450748801,0.0072259715831453535
2019Q2,LL65,LA23,0.011650003326498059,0.01497534005335797
2019Q3,LL65,LA23,0.01790324403999449,0.02301348420625419
2019Q4,LL65,LA23,0.007138461199842223,0.009176038918563379
2020Q1,LL65,LA23,0.0047552055620891775,0.006112515019968694
2020Q3,LL65,LA23,0.00787850732634188,0.0101273212563371
2020Q4,LL65,LA23,0.003993110482060004,0.0051328901514959314
2021Q2,LL65,LA23,0.011548926873710957,0.014845412686862609
2021Q3,LL65,LA23,0.01768179830008196,0.02272882975890182
2021Q4,LL65,LA23,0.009774829824541269,0.0125649235012032
2022Q1,LL65,LA23,0.006432163471602036,0.008268138005329013
2022Q2,LL65,LA23,0.0162305609275945,0.020863356201335524
2022Q3,LL65,LA23,0.014177195882827731,0.018223885727612986
2022Q4,LL65,LA23,0.01117578208362213,0.014365758736205863
2023Q1,LL65,LA23,0.0021709782127010088,0.002790654738242175
2023Q2,LL65,LA23,0.008754671992488047,0.01125357533975287
2023Q3,LL65,LA23,0.02333414878256861,0.029994567647874913
2019Q1,LL77,LA23,0.010341269769672548,0.011455154359112384
2019Q2,LL77,LA23,0.01245255088338443,0.013793846956028763
2019Q3,LL77,LA23,0.022270471491808545,0.02466928087854696
2019Q4,LL77,LA23,0.00484075129030527,0.005362160980186398
2020Q3,LL77,LA23,0.005475193027313849,0.006064940057723873
2021Q2,LL77,LA23,0.003729890804487472,0.004131646873127727
2021Q3,LL77,LA23,0.014973151352320671,0.016585947741755574
2021Q4,LL77,LA23,0.00856489817783217,0.009487445244381686
2022Q1,LL77,LA23,0.008257141717956095,0.009146539549876624
2022Q2,LL77,LA23,0.005158363789511417,0.005713984333200529
2022Q3,LL77,LA23,0.005519643111974636,0.006114177974576036
2023Q1,LL77,LA23,0.0044001014789323365,0.004874047651744475
2023Q2,LL77,LA23,0.013597091609561943,0.015061669088191275
2023Q3,LL77,LA23,0.011642136417674706,0.012896140677561138
2019Q1,LN1,LA23,0.03388538491379886,0.028573825994211183
2019Q2,LN1,LA23,0.03063059628496173,0.02582922786835496
2019Q3,LN1,LA23,0.05332417271233138,0.044965569558778944
2019Q4,LN1,LA23,0.01849802012636179,0.015598441914491503
2020Q3,LN1,LA23,0.09548646110133853,0.08051888834237775
2020Q4,LN1,LA23,0.021286369078147443,0.01794971512452429
2021Q2,LN1,LA23,0.030125400958272888,0.025403222279378537
2021Q3,LN1,LA23,0.04803514119047105,0.04050559760426257
2021Q4,LN1,LA23,0.062195358062841814,0.05244619010397028
2022Q1,LN1,LA23,0.031753481213393005,0.02677609976130051
2022Q2,LN1,LA23,0.05445580338470737,0.04591981629389619
2022Q3,LN1,LA23,0.02685663628764176,0.022646838866522447
2022Q4,LN1,LA23,0.023419301689605626,0.01974830898592576
2023Q1,LN1,LA23,0.017955612516614063,0.015141057095098288
2023Q2,LN1,LA23,0.04155788888835716,0.03504365934763566
2023Q3,LN1,LA23,0.03251556133281093,0.027418723263476757
2019Q3,LN10,LA23,0.0378696866976219,0.00785811124105792
2019Q4,LN10,LA23,0.02473076886248585,0.0051317333135082145
2020Q3,LN10,LA23,0.07708155838253944,0.01599473122765847
2021Q2,LN10,LA23,0.026987953272584804,0.0056001080937847355
2021Q3,LN10,LA23,0.20867248260815854,0.043300373577835984
2021Q4,LN10,LA23,0.10175588021284933,0.021114751556541057
2022Q2,LN10,LA23,0.04362972304886393,0.009053341789491257
2022Q3,LN10,LA23,0.08583084836981712,0.017810243844630282
2022Q4,LN10,LA23,0.03388424747522119,0.0070311166845894385
2023Q2,LN10,LA23,0.02479244247171517,0.005144530833747324
2023Q3,LN10,LA23,0.06638345203130941,0.01377483143160568
2019Q1,LN11,LA23,0.01025059786817368,0.017571718312038086
2019Q2,LN11,LA23,0.015061901567785831,0.025819322443085137
2019Q3,LN11,LA23,0.03434726996462517,0.05887857082754245
2019Q4,LN11,LA23,0.012399068450976004,0.02125465665068046
2020Q1,LN11,LA23,0.009359204855158955,0.0160436799350137
2020Q3,LN11,LA23,0.02883589333844832,0.049430891888988505
2020Q4,LN11,LA23,0.01722070579723283,0.029519974863414417
2021Q2,LN11,LA23,0.02114622617772308,0.03624915683320998
2021Q3,LN11,LA23,0.0424594778277438,0.07278463106837968
2021Q4,LN11,LA23,0.0172067870078747,0.029496115079917774
2022Q1,LN11,LA23,0.015562471846883913,0.026677407020473488
2022Q2,LN11,LA23,0.02925282434694887,0.050145600858274304
2022Q3,LN11,LA23,0.0285543963682174,0.04894834584336247
2022Q4,LN11,LA23,0.025867563884302176,0.04434254000001965
2023Q1,LN11,LA23,0.007858253224556978,0.013470727645584834
2023Q2,LN11,LA23,0.02859176620873652,0.04901240574693224
2023Q3,LN11,LA23,0.036111455426694215,0.0619027622345548
2019Q3,LN12,LA23,0.011081314805809312,0.0036595846717653617
2021Q3,LN12,LA23,0.02110583801688106,0.006970165783111651
2021Q2,LN13,LA23,0.015938373105593616,0.004057392334791204
2021Q3,LN13,LA23,0.10850914392916093,0.027622905168308627
2022Q3,LN13,LA23,0.006827566532162536,0.0017380767741690714
2019Q1,LN2,LA23,0.008459168985368288,0.031155382266173693
2019Q2,LN2,LA23,0.013904573504719192,0.05121097634258651
2019Q3,LN2,LA23,0.015040553380764253,0.055394825529909916
2019Q4,LN2,LA23,0.013200715929014638,0.0486186470168634
2020Q1,LN2,LA23,0.006840261225061162,0.02519289467273692
2020Q3,LN2,LA23,0.011341031319094742,0.041769370803468084
2020Q4,LN2,LA23,0.009145495886249829,0.0336831455717074
2021Q3,LN2,LA23,0.014378883285680804,0.05295787400641192
2021Q4,LN2,LA23,0.007635521736908973,0.028121863852885388
2022Q1,LN2,LA23,0.0064796161778344,0.023864627755716246
2022Q2,LN2,LA23,0.010360942919835251,0.03815967476992296
2022Q3,LN2,LA23,0.010360334352176221,0.03815743339632177
2022Q4,LN2,LA23,0.009238861943873827,0.03402701566355599
2023Q1,LN2,LA23,0.005425949985476771,0.01998394242354866
2023Q2,LN2,LA23,0.012505672768758608,0.046058781457170565
2023Q3,LN2,LA23,0.013600800086789471,0.05009216940371667
2020Q3,LN3,LA23,0.05928251162576963,0.004326067957438248
2021Q3,LN3,LA23,0.1224816540147747,0.008937947200216581
2021Q4,LN3,LA23,0.03506439734654767,0.002558781024079347
2022Q2,LN3,LA23,0.12990670611183686,0.009479781192713069
2022Q3,LN3,LA23,0.07360055644224209,0.0053709095674685
2023Q2,LN3,LA23,0.07809977736201244,0.00569923464885715
2023Q3,LN3,LA23,0.14013473023753367,0.01022615860191259
2019Q1,LN4,LA23,0.012760016777498948,0.009622939893692924
2019Q2,LN4,LA23,0.01575834700297664,0.011884124345432328
2019Q3,LN4,LA23,0.029002713857188295,0.021872335833746585
2019Q4,LN4,LA23,0.014774019560852846,0.01114179586918981
2020Q1,LN4,LA23,0.008709385197706393,0.006568164582380337
2020Q3,LN4,LA23,0.03465413586272751,0.026134343887615052
2020Q4,LN4,LA23,0.004865168050843858,0.0036690562827897868
2021Q2,LN4,LA23,0.02255727218907294,0.017011519516486606
2021Q3,LN4,LA23,0.043693419835962095,0.03295130093972857
2021Q4,LN4,LA23,0.015045723463743547,0.011346700797764007
2022Q1,LN4,LA23,0.02391818852694644,0.018037851718713402
2022Q2,LN4,LA23,0.02216668584455046,0.01671695964386442
2022Q3,LN4,LA23,0.038869764766752565,0.029313551584981338
2022Q4,LN4,LA23,0.014674791071265028,0.011066962911859431
2023Q1,LN4,LA23,0.006704969708032475,0.005056538844306675
2023Q2,LN4,LA23,0.030390666363239338,0.022919057305506876
2023Q3,LN4,LA23,0.032265174023549496,0.02433271332649584
2019Q1,LN5,LA23,0.008714412261523537,0.01252356654314235
2019Q2,LN5,LA23,0.018421258584803046,0.02647336972039008
2019Q3,LN5,LA23,0.022414640984570786,0.03221229837270073
2019Q4,LN5,LA23,0.015850720537692747,0.0227792245137417
2020Q1,LN5,LA23,0.013694342340342922,0.019680272451773208
2020Q3,LN5,LA23,0.033679215353074284,0.0484007276609274
2020Q4,LN5,LA23,0.012716850634682536,0.01827550962281481
2021Q2,LN5,LA23,0.012845847944544766,0.0184608929103463
2021Q3,LN5,LA23,0.04283726968884318,0.06156185654004974
2021Q4,LN5,LA23,0.0215582980785002,0.030981639660893595
2022Q1,LN5,LA23,0.009796953258522586,0.014079296729497688
2022Q2,LN5,LA23,0.022146231995446373,0.03182656520617168
2022Q3,LN5,LA23,0.02589042419406449,0.03720738019890999
2022Q4,LN5,LA23,0.014297621101090962,0.020547250221192127
2023Q1,LN5,LA23,0.01126296441767838,0.016186115612251237
2023Q2,LN5,LA23,0.01968532153733365,0.02828996687297537
2023Q3,LN5,LA23,0.030224059638527333,0.043435289808153366
2019Q1,LN6,LA23,0.0070201525858678455,0.0453335886436211
2019Q2,LN6,LA23,0.01583709475200281,0.10227019000165953
2019Q3,LN6,LA23,0.02040834492337913,0.13178965874845433
2019Q4,LN6,LA23,0.014761365533270737,0.09532352249017337
2020Q1,LN6,LA23,0.009974002147839521,0.06440847331594766
2020Q3,LN6,LA23,0.018006232329711117,0.1162776904735446
2020Q4,LN6,LA23,0.010254584322962085,0.06622037081420787
2021Q2,LN6,LA23,0.011046921066254128,0.07133699293150154
2021Q3,LN6,LA23,0.034182309760644916,0.22073690715745972
2021Q4,LN6,LA23,0.010379222821504159,0.06702524084416127
2022Q1,LN6,LA23,0.006600913999862685,0.042626298542868715
2022Q2,LN6,LA23,0.016888572534529158,0.10906025057055864
2022Q3,LN6,LA23,0.019131852776389964,0.12354653736460967
2022Q4,LN6,LA23,0.0086745685452707,0.056017204367301135
2023Q1,LN6,LA23,0.006324911158723565,0.0408439727156695
2023Q2,LN6,LA23,0.012116839345285938,0.07824613551076118
2023Q3,LN6,LA23,0.013593165118036777,0.08777970966990302
2020Q3,LN7,LA23,0.040365817211489914,0.0027303545581324772
2021Q3,LN7,LA23,0.04458058874089448,0.0030154428197302413
2022Q3,LN7,LA23,0.06845930575721927,0.004630605557704487
2019Q1,LN8,LA23,0.00753016955075017,0.004700232744090145
2019Q2,LN8,LA23,0.027435171021352383,0.01712467273216008
2019Q3,LN8,LA23,0.02125041925505895,0.013264232064777526
2019Q4,LN8,LA23,0.005327228920117528,0.0033251861909412033
2020Q3,LN8,LA23,0.021979365799836063,0.01371923090582108
2021Q2,LN8,LA23,0.0218995558253642,0.013669414569975058
2021Q3,LN8,LA23,0.04001954756213274,0.024979674971126013
2021Q4,LN8,LA23,0.01972024543390756,0.012309117701169495
2022Q1,LN8,LA23,0.014968714007440478,0.009343274310162578
2022Q2,LN8,LA23,0.015856932997644027,0.009897688915775476
2022Q3,LN8,LA23,0.029253309423834768,0.018259530798109484
2022Q4,LN8,LA23,0.006677395919310611,0.0041679426649923156
2023Q1,LN8,LA23,0.01344016186936979,0.0083891721797938
2023Q2,LN8,LA23,0.021515564438754298,0.013429732199395148
2023Q3,LN8,LA23,0.015965817433062822,0.009965653147553792
2019Q1,LN9,LA23,0.00790155848376477,0.004979753722872025
2019Q2,LN9,LA23,0.02300714843701767,0.01449966273328399
2019Q3,LN9,LA23,0.02140547497545249,0.01349024928662754
2019Q4,LN9,LA23,0.012178270990048465,0.007675041629501861
2020Q1,LN9,LA23,0.00489347323469673,0.0030839854705024157
2020Q3,LN9,LA23,0.03259057304402185,0.020539369262400808
2020Q4,LN9,LA23,0.004893014335345232,0.0030836962610054862
2021Q3,LN9,LA23,0.03718036963286492,0.023431970348310457
2021Q4,LN9,LA23,0.0227407573634732,0.014331776620316703
2022Q1,LN9,LA23,0.009436347364849143,0.005947014885351072
2022Q2,LN9,LA23,0.020779995159361,0.013096056742313313
2022Q3,LN9,LA23,0.04928797012278272,0.03106247371528525
2022Q4,LN9,LA23,0.00652130395929728,0.004109883858483818
2023Q1,LN9,LA23,0.005299943335285901,0.003340152782407279
2023Q2,LN9,LA23,0.029650290174137606,0.018686331713202456
2023Q3,LN9,LA23,0.050679238231686165,0.031939284607599754
2019Q1,LS1,LA23,0.017637743070495145,0.011276567494758728
2019Q2,LS1,LA23,0.025854644238451255,0.016529985704099817
2019Q3,LS1,LA23,0.014162984192907794,0.009055004744098595
2019Q4,LS1,LA23,0.008113312053464473,0.005187189234544353
2020Q1,LS1,LA23,0.01229747542363483,0.007862304778763391
2020Q3,LS1,LA23,0.013592904797544977,0.00869052847559382
2020Q4,LS1,LA23,0.006865832226000239,0.004389621744388395
2021Q2,LS1,LA23,0.003572919741537942,0.0022843212114937238
2021Q3,LS1,LA23,0.02102598920508457,0.013442818929131184
2021Q4,LS1,LA23,0.009127942550428404,0.005835886136156104
2022Q1,LS1,LA23,0.006500216934350172,0.00415586816849553
2022Q2,LS1,LA23,0.00698310505539743,0.004464599306467239
2022Q3,LS1,LA23,0.006683759655769306,0.004273214921874473
2023Q1,LS1,LA23,0.007244678878344105,0.004631834698066435
2023Q2,LS1,LA23,0.011253102637248085,0.007194592352728556
2023Q3,LS1,LA23,0.014508922076346563,0.00927617770687505
2019Q1,LS10,LA23,0.022318834657812568,0.04709769427251378
2019Q2,LS10,LA23,0.023151115353166603,0.048853991244989375
2019Q3,LS10,LA23,0.03673996246447895,0.07752947437737111
2019Q4,LS10,LA23,0.028576169742840843,0.060302059971427006
2020Q1,LS10,LA23,0.026183863838966585,0.055253763597782814
2020Q3,LS10,LA23,0.04442619854654502,0.0937491382912661
2020Q4,LS10,LA23,0.01821071002840459,0.03842863960206694
2021Q2,LS10,LA23,0.0242252237685737,0.051120598374796204
2021Q3,LS10,LA23,0.04960243557959906,0.10467214717602913
2021Q4,LS10,LA23,0.02779795594210904,0.05865985614548989
2022Q1,LS10,LA23,0.03185595391319488,0.06722313244243495
2022Q2,LS10,LA23,0.02392175704761735,0.05048021624622116
2022Q3,LS10,LA23,0.02908398054461278,0.061373653459923176
2022Q4,LS10,LA23,0.019301778591364286,0.040731036407118726
2023Q1,LS10,LA23,0.008754177171090392,0.018473256616340014
2023Q2,LS10,LA23,0.02612198499759285,0.05512318550991936
2023Q3,LS10,LA23,0.03596089209063843,0.0758854629920782
2019Q1,LS11,LA23,0.014856157315984584,0.03838533047990182
2019Q2,LS11,LA23,0.029774800597850863,0.07693211216146426
2019Q3,LS11,LA23,0.026280595459614517,0.06790378699345738
2019Q4,LS11,LA23,0.02395409156198604,0.06189256759978805
2020Q1,LS11,LA23,0.017055842406010796,0.04406887551355057
2020Q2,LS11,LA23,0.000574798130396759,0.0014851630691046587
2020Q3,LS11,LA23,0.026043607709927055,0.06729145818608444
2020Q4,LS11,LA23,0.009583438727885672,0.024761683312815776
2021Q2,LS11,LA23,0.020952162783709757,0.054136185799274913
2021Q3,LS11,LA23,0.03150137766048708,0.08139324095396835
2021Q4,LS11,LA23,0.02264188627847037,0.058502092364915124
2022Q1,LS11,LA23,0.01628479972625069,0.04207665589395514
2022Q2,LS11,LA23,0.021873418031697785,0.05651652456374906
2022Q3,LS11,LA23,0.02248048052334022,0.0580850522703435
2022Q4,LS11,LA23,0.01859966270950085,0.048057797499943836
2023Q1,LS11,LA23,0.013541209701677874,0.034987769612354135
2023Q2,LS11,LA23,0.027257480846506626,0.07042786287790523
2023Q3,LS11,LA23,0.01454938004596172,0.037592679551193664
2019Q1,LS12,LA23,0.031988418276647765,0.07607851033127831
2019Q2,LS12,LA23,0.05586569142628791,0.1328661687983983
2019Q3,LS12,LA23,0.07402459631714223,0.17605375067243198
2019Q4,LS12,LA23,0.03769538627973426,0.08965147353402754
2020Q1,LS12,LA23,0.02317431818287829,0.05511581066774767
2020Q2,LS12,LA23,0.00030239558251006233,0.0007191917164881962
2020Q3,LS12,LA23,0.045290631835494685,0.10771535410746456
2020Q4,LS12,LA23,0.020065666058102092,0.047722459088254655
2021Q2,LS12,LA23,0.023163799546953044,0.05509079404626331
2021Q3,LS12,LA23,0.05262914363290612,0.12516864113051024
2021Q4,LS12,LA23,0.029373078016493127,0.06985840937845203
2022Q1,LS12,LA23,0.028727276331637262,0.06832249004263631
2022Q2,LS12,LA23,0.036375814282706836,0.08651311667810248
2022Q3,LS12,LA23,0.04576491287326884,0.1088433434478619
2022Q4,LS12,LA23,0.02598948212493085,0.06181115512640253
2023Q1,LS12,LA23,0.022164133925189858,0.05271327507438422
2023Q2,LS12,LA23,0.05509904703101911,0.1310428475250094
2023Q3,LS12,LA23,0.03835906356552668,0.0912299066658918
2019Q1,LS13,LA23,0.02836872216193272,0.08693970068607275
2019Q2,LS13,LA23,0.03334041948441407,0.10217612461278336
2019Q3,LS13,LA23,0.03729558622523836,0.11429725614094903
2019Q4,LS13,LA23,0.033309206590512605,0.1020804685716741
2020Q1,LS13,LA23,0.01924854105204463,0.05898969957673743
2020Q2,LS13,LA23,0.000713484759915347,0.002186568401531721
2020Q3,LS13,LA23,0.08200615754183424,0.251318714688849
2020Q4,LS13,LA23,0.02178072540763335,0.06674991340308488
2021Q2,LS13,LA23,0.017172258406018902,0.052626656830053985
2021Q3,LS13,LA23,0.04281477139040854,0.13121152896409324
2021Q4,LS13,LA23,0.026555849916821445,0.08138391394769239
2022Q1,LS13,LA23,0.01955194076147229,0.059919508109364174
2022Q2,LS13,LA23,0.03213517239609202,0.09848248552275464
2022Q3,LS13,LA23,0.023034195591295232,0.07059133854604435
2022Q4,LS13,LA23,0.015528166994597012,0.047588121276931135
2023Q1,LS13,LA23,0.018147266165856928,0.0556146970499502
2023Q2,LS13,LA23,0.03137764041553115,0.09616092858853127
2023Q3,LS13,LA23,0.033436252269771385,0.10246981685691478
2019Q1,LS14,LA23,0.01555482192256275,0.011996771444486172
2019Q2,LS14,LA23,0.028052583469083483,0.021635762465258657
2019Q3,LS14,LA23,0.02091175541131371,0.016128346015239662
2019Q4,LS14,LA23,0.025641339987569328,0.01977607309763094
2020Q1,LS14,LA23,0.02257706116169735,0.01741272539110137
2020Q3,LS14,LA23,0.07817984274091894,0.06029678189810805
2020Q4,LS14,LA23,0.047706172449644056,0.03679373831592729
2021Q2,LS14,LA23,0.09692887558629308,0.07475711213980969
2021Q3,LS14,LA23,0.07931126444219003,0.061169399252717076
2021Q4,LS14,LA23,0.05916372725183599,0.04563046219221872
2022Q1,LS14,LA23,0.04608914594162968,0.0355465946627952
2022Q2,LS14,LA23,0.030092967372320364,0.02320942364042359
2022Q3,LS14,LA23,0.060654852745283525,0.046780503756756894
2022Q4,LS14,LA23,0.022850049809812475,0.017623269904865683
2023Q1,LS14,LA23,0.04125897179826297,0.031821287132852726
2023Q2,LS14,LA23,0.04523793133830367,0.03489008910476636
2023Q3,LS14,LA23,0.038428870734407324,0.029638550757155314
2019Q1,LS15,LA23,0.0358493781993491,0.056596924803895325
2019Q2,LS15,LA23,0.03955159872368118,0.062441776434456225
2019Q3,LS15,LA23,0.031675260691101874,0.050007069509245314
2019Q4,LS15,LA23,0.048723592576519,0.07692198982907174
2020Q1,LS15,LA23,0.020638715022839173,0.032583209552512184
2020Q3,LS15,LA23,0.08787908910552993,0.13873842302879325
2020Q4,LS15,LA23,0.05117018425690677,0.08078452726530704
2021Q2,LS15,LA23,0.06145418613249733,0.09702031460865583
2021Q3,LS15,LA23,0.11882873490793305,0.1875999337207028
2021Q4,LS15,LA23,0.059544111646069764,0.09400479948655134
2022Q1,LS15,LA23,0.0594272823364844,0.09382035612988487
2022Q2,LS15,LA23,0.051195281262650716,0.0808241489663863
2022Q3,LS15,LA23,0.05080357562373123,0.08020574675957788
2022Q4,LS15,LA23,0.04533700811712707,0.0715754461617195
2023Q1,LS15,LA23,0.03829455015860903,0.0604572208665294
2023Q2,LS15,LA23,0.041625994481293484,0.06571671247530601
2023Q3,LS15,LA23,0.04152917865986523,0.06556386525617904
2019Q1,LS16,LA23,0.11619687583580687,0.040189274716996466
2019Q2,LS16,LA23,0.11265066048692025,0.038962737240520566
2019Q3,LS16,LA23,0.09313936858620807,0.03221432283917924
2019Q4,LS16,LA23,0.06038913750485814,0.02088692677533524
2020Q1,LS16,LA23,0.029029255296736518,0.010040413802509937
2020Q3,LS16,LA23,0.22322342775479234,0.07720678888117258
2020Q4,LS16,LA23,0.09077654896297856,0.031397089103232106
2021Q2,LS16,LA23,0.09742601630751607,0.03369695532518577
2021Q3,LS16,LA23,0.2288621693735655,0.0791570731237133
2021Q4,LS16,LA23,0.07266041393791299,0.025131220747516808
2022Q1,LS16,LA23,0.090602415658002,0.03133686122549665
2022Q2,LS16,LA23,0.190065979772969,0.06573854779232416
2022Q3,LS16,LA23,0.0794967662460148,0.0274957252920341
2022Q4,LS16,LA23,0.09182929244900738,0.03176120385986572
2023Q1,LS16,LA23,0.10309339689721574,0.03565714499299631
2023Q2,LS16,LA23,0.2533696029176631,0.08763351426920543
2023Q3,LS16,LA23,0.2407189123807277,0.08325799148779232
2019Q1,LS17,LA23,0.053156215771610914,0.0218286651997103
2019Q2,LS17,LA23,0.04971462247269972,0.0204153706905925
2019Q3,LS17,LA23,0.060561090656366,0.024869486152796064
2019Q4,LS17,LA23,0.05388971337652542,0.022129876890761856
2020Q2,LS17,LA23,0.010924994331479976,0.004486362321111147
2020Q3,LS17,LA23,0.22163212916234776,0.09101350565981467
2020Q4,LS17,LA23,0.09948981219842166,0.04085561339792089
2021Q2,LS17,LA23,0.07536203704607644,0.030947512940255974
2021Q3,LS17,LA23,0.16172671423346655,0.06641327354865953
2021Q4,LS17,LA23,0.10450897115744663,0.04291673718015966
2022Q1,LS17,LA23,0.060769730757619884,0.02495516446626128
2022Q2,LS17,LA23,0.09679756258806453,0.03975003779353555
2022Q3,LS17,LA23,0.078176125432862,0.03210312178761003
2022Q4,LS17,LA23,0.08934039562729898,0.03668774303530281
2023Q1,LS17,LA23,0.08462336866300113,0.03475069012724658
2023Q2,LS17,LA23,0.057915851094139485,0.02378321528233073
2023Q3,LS17,LA23,0.09982856625311574,0.040994723165943735
2019Q1,LS18,LA23,0.04472357935000788,0.00483948711686146
2019Q2,LS18,LA23,0.177941500832172,0.019254845281790646
2019Q3,LS18,LA23,0.0514327176093892,0.005565475256527486
2019Q4,LS18,LA23,0.04171612677501782,0.0045140541304421
2020Q3,LS18,LA23,0.28495897122113223,0.030835082748324825
2020Q4,LS18,LA23,0.125501844535711,0.013580410347295156
2021Q2,LS18,LA23,0.12954296277022334,0.014017695106651807
2021Q3,LS18,LA23,0.42334856187246384,0.04581006128981163
2021Q4,LS18,LA23,0.2521095175565606,0.02728048112394469
2022Q1,LS18,LA23,0.0714138022133668,0.007727605455568706
2022Q2,LS18,LA23,0.08634749807007155,0.009343563519659507
2022Q3,LS18,LA23,0.12949552239412376,0.014012561638081318
2022Q4,LS18,LA23,0.11639730137045558,0.012595218196006513
2023Q1,LS18,LA23,0.06873375505089507,0.00743760063252315
2023Q2,LS18,LA23,0.26497387757128704,0.028672518735038212
2023Q3,LS18,LA23,0.2661886184691613,0.02880396445139244
2019Q1,LS19,LA23,0.046158059096434,0.06888934065661717
2019Q2,LS19,LA23,0.08621593630544942,0.12867436634990936
2019Q3,LS19,LA23,0.06141108139471382,0.09165396009076396
2019Q4,LS19,LA23,0.07246150856327986,0.10814634856026299
2020Q1,LS19,LA23,0.03892610744048086,0.058095897626478335
2020Q3,LS19,LA23,0.11648450399911735,0.1738491789797164
2020Q4,LS19,LA23,0.037955174742040236,0.05664681344211558
2021Q1,LS19,LA23,0.001440073116148381,0.0021492603764278802
2021Q2,LS19,LA23,0.07411091209505352,0.11060802749574844
2021Q3,LS19,LA23,0.10322726627212074,0.15406320045681565
2021Q4,LS19,LA23,0.10049129206410096,0.14997985156967505
2022Q1,LS19,LA23,0.06513087464474199,0.09720562559381307
2022Q2,LS19,LA23,0.07111435276654117,0.10613576413761258
2022Q3,LS19,LA23,0.07878875169995454,0.11758954475161455
2022Q4,LS19,LA23,0.0556138739158397,0.08300182417588746
2023Q1,LS19,LA23,0.03799204131142021,0.05670183554890632
2023Q2,LS19,LA23,0.0435580697244846,0.06500894453394651
2023Q3,LS19,LA23,0.03535009865552463,0.05275882557015053
2019Q1,LS2,LA23,0.02921525305366515,0.058447937886615176
2019Q2,LS2,LA23,0.028811889990989388,0.05764097108780902
2019Q3,LS2,LA23,0.02796504801584214,0.055946781854798934
2019Q4,LS2,LA23,0.02407847269793031,0.04817131222748847
2020Q1,LS2,LA23,0.018992216628694943,0.03799576528753845
2020Q2,LS2,LA23,0.0004243244977041578,0.0008489021758608537
2020Q3,LS2,LA23,0.026590772966894157,0.053197411772243366
2021Q2,LS2,LA23,0.012603894040143908,0.025215308408748915
2021Q3,LS2,LA23,0.028052977621745745,0.056122693531306
2021Q4,LS2,LA23,0.013655507551275464,0.027319162894158942
2022Q1,LS2,LA23,0.011935079701117152,0.02387728067120689
2022Q2,LS2,LA23,0.014546115557145797,0.029100910302364294
2022Q3,LS2,LA23,0.016223319482659343,0.03245631888573458
2022Q4,LS2,LA23,0.008802646218959738,0.017610544687000802
2023Q1,LS2,LA23,0.014831371775558103,0.02967159294217945
2023Q2,LS2,LA23,0.021805241209505853,0.043623492888279915
2023Q3,LS2,LA23,0.011664062802362063,0.023335085166839242
2019Q1,LS20,LA23,0.05036519555124072,0.061876661077456964
2019Q2,LS20,LA23,0.07460287652374875,0.0916541046955124
2019Q3,LS20,LA23,0.06610709988590048,0.08121653395134472
2019Q4,LS20,LA23,0.06326976001845838,0.07773069188485948
2020Q1,LS20,LA23,0.07274758864270021,0.08937477234784072
2020Q2,LS20,LA23,0.0028996045646078185,0.003562337978422985
2020Q3,LS20,LA23,0.09574768519488884,0.1176317693381662
2020Q4,LS20,LA23,0.04226678302989805,0.051927275964105415
2021Q2,LS20,LA23,0.05566481582011625,0.06838756217944535
2021Q3,LS20,LA23,0.07484040045357943,0.09194591707791376
2021Q4,LS20,LA23,0.065810489230215,0.08085212998521417
2022Q1,LS20,LA23,0.03891231660858526,0.04780611293524137
2022Q2,LS20,LA23,0.08866434025078092,0.1089294555755725
2022Q3,LS20,LA23,0.07862024421999035,0.09658968166772854
2022Q4,LS20,LA23,0.05261125620089074,0.0646360811900308
2023Q1,LS20,LA23,0.030703734415130857,0.03772137777732706
2023Q2,LS20,LA23,0.03997770206490951,0.049115002815967805
2023Q3,LS20,LA23,0.050919516139713225,0.06255767714035053
2019Q1,LS21,LA23,0.05047060009636399,0.0548957222405847
2019Q2,LS21,LA23,0.07316698803093874,0.07958206647945047
2019Q4,LS21,LA23,0.1312102521339536,0.14271440289019893
2020Q1,LS21,LA23,0.03564401543502189,0.03876918378470084
2020Q2,LS21,LA23,0.0025391780100426625,0.002761806090923507
2020Q3,LS21,LA23,0.10716297735922788,0.11655872980218535
2020Q4,LS21,LA23,0.04173031836767533,0.04538911686703147
2021Q2,LS21,LA23,0.10325164079420064,0.11230445810235973
2021Q3,LS21,LA23,0.12245162355122095,0.1331878420613576
2021Q4,LS21,LA23,0.0779329822135145,0.08476592980478014
2022Q1,LS21,LA23,0.06093575200162176,0.06627842962071638
2022Q2,LS21,LA23,0.08225060853186339,0.08946211361591327
2022Q3,LS21,LA23,0.057665225845956576,0.06272115280848964
2022Q4,LS21,LA23,0.055636502517811326,0.06051455664929559
2023Q1,LS21,LA23,0.04419770434015461,0.04807283639378415
2023Q2,LS21,LA23,0.07240127277103818,0.07874921543066918
2023Q3,LS21,LA23,0.061211818975696525,0.06657870138090291
2019Q1,LS22,LA23,0.07019711014146432,0.13572341402330834
2019Q2,LS22,LA23,0.06477262277493667,0.1252353762219266
2019Q3,LS22,LA23,0.07214031948885809,0.13948053459791304
2019Q4,LS22,LA23,0.04241397315584024,0.08200578666846398
2020Q1,LS22,LA23,0.03855036559379674,0.0745356499675363
2020Q3,LS22,LA23,0.08877614204137475,0.17164525800836894
2020Q4,LS22,LA23,0.03775227511015273,0.07299257269667161
2021Q2,LS22,LA23,0.06486884088075694,0.12542141023082615
2021Q3,LS22,LA23,0.1248325777108578,0.2413589903359823
2021Q4,LS22,LA23,0.08608285777499816,0.16643789641141382
2022Q1,LS22,LA23,0.0582798638852969,0.11268187649585208
2022Q2,LS22,LA23,0.06273581299269328,0.1212972828046186
2022Q3,LS22,LA23,0.0469324098088354,0.09074201024457257
2022Q4,LS22,LA23,0.041181311895772885,0.0796224835066463
2023Q1,LS22,LA23,0.03010011235232353,0.05819741015990041
2023Q2,LS22,LA23,0.056966914917030514,0.11014334013655776
2023Q3,LS22,LA23,0.045439851216684535,0.08785620558184076
2019Q3,LS23,LA23,0.08717026380735525,0.003699134070470403
2021Q3,LS23,LA23,0.06695798048092831,0.0028414110049532148
2021Q4,LS23,LA23,0.10584060020548276,0.004491423487307405
2022Q3,LS23,LA23,0.09889076427119163,0.0041965021028140545
2023Q3,LS23,LA23,0.10510114720340323,0.0044600442568906076
2019Q1,LS24,LA23,0.04105778105554781,0.020472706473358675
2019Q2,LS24,LA23,0.043224829862469706,0.021553265456259657
2019Q3,LS24,LA23,0.04197071108488072,0.020927922221524925
2019Q4,LS24,LA23,0.03756541768888914,0.01873130378997492
2020Q1,LS24,LA23,0.019398168105801545,0.009672539322416249
2020Q3,LS24,LA23,0.0887589550945639,0.044258018524542135
2020Q4,LS24,LA23,0.0534539672384687,0.02665383644647377
2021Q2,LS24,LA23,0.034590855010722815,0.017248092884974534
2021Q3,LS24,LA23,0.15301119096143498,0.07629621278009162
2021Q4,LS24,LA23,0.05425727606351703,0.02705439159972044
2022Q1,LS24,LA23,0.04556472056821066,0.022720008869245484
2022Q2,LS24,LA23,0.035551200560956585,0.01772695150951473
2022Q3,LS24,LA23,0.09244359057349948,0.04609529415615786
2022Q4,LS24,LA23,0.04071847732800032,0.02030351891765521
2023Q1,LS24,LA23,0.028443657478394488,0.014182906031772503
2023Q2,LS24,LA23,0.06359711866983707,0.03171153212876816
2023Q3,LS24,LA23,0.04928473643583068,0.024574926280173874
2019Q1,LS25,LA23,0.032390498283524936,0.0341978661738668
2019Q3,LS25,LA23,0.08121634069507412,0.08574815755872528
2019Q4,LS25,LA23,0.046344016285732606,0.048929981040307484
2020Q1,LS25,LA23,0.022232206789767773,0.023472748887377447
2020Q3,LS25,LA23,0.07753328634506537,0.08185959126776636
2020Q4,LS25,LA23,0.04181953378506829,0.04415303547715691
2021Q2,LS25,LA23,0.04494028923827287,0.0474479269732948
2021Q3,LS25,LA23,0.04921789711672563,0.0519642224773381
2021Q4,LS25,LA23,0.05054581550765605,0.05336623781607567
2022Q1,LS25,LA23,0.05954896660544527,0.06287175865401542
2022Q2,LS25,LA23,0.047575855593455584,0.050230556147997193
2022Q3,LS25,LA23,0.05470207475072494,0.05775441351297943
2022Q4,LS25,LA23,0.03112202154920468,0.032858609295962814
2023Q1,LS25,LA23,0.02605838678760513,0.02751242714048175
2023Q2,LS25,LA23,0.055095156673469536,0.05816942914107254
2023Q3,LS25,LA23,0.05761677035975905,0.06083174716505248
2019Q1,LS26,LA23,0.0307263762787333,0.05609304955787077
2019Q2,LS26,LA23,0.037991677559614995,0.06935634169178329
2019Q3,LS26,LA23,0.024322532941836388,0.04440240636588395
2019Q4,LS26,LA23,0.03248109533570751,0.05929640624823064
2020Q1,LS26,LA23,0.03585686508677843,0.0654590991159165
2020Q3,LS26,LA23,0.06160986734132884,0.11247292263432088
2020Q4,LS26,LA23,0.02124566545288,0.03878537951652886
2021Q2,LS26,LA23,0.03376870782326623,0.061647028736895336
2021Q3,LS26,LA23,0.056664811207355566,0.10344539279243052
2021Q4,LS26,LA23,0.03529894324148793,0.0644405755701068
2022Q1,LS26,LA23,0.02640201661380188,0.048198642524948265
2022Q2,LS26,LA23,0.033761816476557883,0.061634448123778926
2022Q3,LS26,LA23,0.02445639933191816,0.04464678839078895
2022Q4,LS26,LA23,0.029906107993235207,0.05459559508514663
2023Q1,LS26,LA23,0.012143701457900068,0.02216913707996997
2023Q2,LS26,LA23,0.028738935651309236,0.052464844116522205
2023Q3,LS26,LA23,0.02211793568221755,0.04037776700661995
2019Q1,LS27,LA23,0.029537812954171506,0.07637784216059983
2019Q2,LS27,LA23,0.049868035136274205,0.12894701860313915
2019Q3,LS27,LA23,0.039224163885731585,0.1014244691302649
2019Q4,LS27,LA23,0.041850130645356885,0.10821460200153823
2020Q1,LS27,LA23,0.02522049912485173,0.06521428327676611
2020Q3,LS27,LA23,0.037336022399351014,0.09654217900785794
2020Q4,LS27,LA23,0.019896005004393324,0.05144639287308672
2021Q2,LS27,LA23,0.03121713649457141,0.08072017815224032
2021Q3,LS27,LA23,0.031897808061122995,0.082480234848176
2021Q4,LS27,LA23,0.029850816179574226,0.07718719493775564
2022Q1,LS27,LA23,0.013768450973843242,0.0356019782814571
2022Q2,LS27,LA23,0.030018698202561356,0.07762129839264607
2022Q3,LS27,LA23,0.02460640435655671,0.06362637853387743
2022Q4,LS27,LA23,0.013781816664547414,0.035636538816340116
2023Q1,LS27,LA23,0.01244910630818289,0.032190463055682586
2023Q2,LS27,LA23,0.031484534193742954,0.08141160575702333
2023Q3,LS27,LA23,0.01381797113751916,0.03573002578622242
2019Q1,LS28,LA23,0.035032428997199064,0.034777080493841366
2019Q2,LS28,LA23,0.06158510121759815,0.06113621246294448
2019Q3,LS28,LA23,0.0727405330930376,0.0722103333098529
2019Q4,LS28,LA23,0.049140375153844035,0.04878219498737675
2020Q1,LS28,LA23,0.0300569712022414,0.029837888402913626
2020Q2,LS28,LA23,0.0033252748537845925,0.0033010371979476315
2020Q3,LS28,LA23,0.049491212918227265,0.0491304755240535
2020Q4,LS28,LA23,0.035918955314008814,0.03565714499299631
2021Q2,LS28,LA23,0.04065974437804624,0.04036337883414773
2021Q3,LS28,LA23,0.04895632553154875,0.048599486887691855
2021Q4,LS28,LA23,0.04495865411542538,0.044630954170832085
2022Q1,LS28,LA23,0.0298362136220368,0.029618739906615676
2022Q2,LS28,LA23,0.027442694533200217,0.027242666982221227
2022Q3,LS28,LA23,0.028767094347928162,0.028557413355260467
2022Q4,LS28,LA23,0.01720379627349639,0.01707839921265144
2023Q1,LS28,LA23,0.014894618087951431,0.014786052437617938
2023Q2,LS28,LA23,0.03158894577895651,0.03135869654251478
2023Q3,LS28,LA23,0.024083843551248582,0.023908298389752523
2019Q1,LS29,LA23,0.09994418920202318,0.14073729446681799
2019Q2,LS29,LA23,0.10302942711026468,0.1450817995296855
2019Q3,LS29,LA23,0.10530474385680001,0.14828580694141344
2019Q4,LS29,LA23,0.09526211167611574,0.13414418556532756
2020Q1,LS29,LA23,0.057006250134818026,0.08027385559610464
2020Q3,LS29,LA23,0.13680335520377915,0.19264085525217528
2020Q4,LS29,LA23,0.08014902592875152,0.11286256012905847
2021Q1,LS29,LA23,0.002251492515583643,0.003170459110084187
2021Q2,LS29,LA23,0.08120807460894372,0.11435386889997287
2021Q3,LS29,LA23,0.14167689944783052,0.1995035797071778
2021Q4,LS29,LA23,0.11586298579441677,0.1631534887595396
2022Q1,LS29,LA23,0.11372245052686453,0.1601392750801713
2022Q2,LS29,LA23,0.11114101295073037,0.15650420091327066
2022Q3,LS29,LA23,0.09952136044795634,0.14014188441501546
2022Q4,LS29,LA23,0.0575116421720105,0.08098552786567269
2023Q1,LS29,LA23,0.07120995882531789,0.10027493368234634
2023Q2,LS29,LA23,0.0986564997881504,0.13892402322344746
2023Q3,LS29,LA23,0.07867464491199021,0.1107863974529794
2019Q1,LS3,LA23,0.02867269992038281,0.0167561475306983
2019Q2,LS3,LA23,0.034141584001058545,0.01995212937888647
2019Q3,LS3,LA23,0.04003619552379941,0.023396903696807816
2019Q4,LS3,LA23,0.017937340970080044,0.010482470518565918
2020Q1,LS3,LA23,0.02931259016460277,0.0171300954102275
2020Q3,LS3,LA23,0.01719476145619601,0.01004851166842395
2021Q2,LS3,LA23,0.01649053576592146,0.009636966554293979
2021Q3,LS3,LA23,0.036276902200012964,0.02119999605576088
2021Q4,LS3,LA23,0.012871295759315407,0.007521905200877953
2022Q1,LS3,LA23,0.010583304597992959,0.006184817394200945
2022Q2,LS3,LA23,0.019994343135664158,0.011684569792551315
2022Q3,LS3,LA23,0.0297109750420947,0.017362909055255345
2022Q4,LS3,LA23,0.032988989740588094,0.019278560460538826
2023Q2,LS3,LA23,0.037235871512261404,0.021760411758435055
2023Q3,LS3,LA23,0.02157439694636275,0.012607943413871387
2019Q1,LS4,LA23,0.045572055213052506,0.014792053534679212
2019Q2,LS4,LA23,0.054153152076828234,0.0175773578972282
2019Q3,LS4,LA23,0.07846392095564753,0.025468294416187563
2019Q4,LS4,LA23,0.06048311157058301,0.019631974465786062
2020Q1,LS4,LA23,0.040243591228462015,0.013062508440669545
2020Q2,LS4,LA23,0.004611200741817132,0.0014967314489818188
2020Q3,LS4,LA23,0.08382067451534117,0.027207021911724718
2020Q4,LS4,LA23,0.04001259682387942,0.012987530878590704
2021Q2,LS4,LA23,0.07217361141754917,0.02342654767024304
2021Q3,LS4,LA23,0.13748132068230234,0.044624519259525416
2021Q4,LS4,LA23,0.10596027419313192,0.034393227189042336
2022Q1,LS4,LA23,0.05722691465043987,0.018575058359259027
2022Q2,LS4,LA23,0.08985303658911298,0.0291650425083083
2022Q3,LS4,LA23,0.09914092732534828,0.03217976230429622
2022Q4,LS4,LA23,0.05731868870510527,0.018604846937442708
2023Q1,LS4,LA23,0.023723593131008563,0.007700347460483149
2023Q2,LS4,LA23,0.052496095783973885,0.017039500535314486
2023Q3,LS4,LA23,0.08345847885299662,0.027089458251223084
2019Q1,LS5,LA23,0.03885155670331658,0.00935035994283734
2019Q2,LS5,LA23,0.056972148907904675,0.013711422249403995
2019Q3,LS5,LA23,0.0673250134065089,0.016203034367821584
2019Q4,LS5,LA23,0.05818735847515037,0.01400388535317345
2020Q1,LS5,LA23,0.09798164141382344,0.02358113014635159
2020Q3,LS5,LA23,0.1920013090889976,0.046208736581328264
2020Q4,LS5,LA23,0.04538785201964901,0.010923442699008414
2021Q2,LS5,LA23,0.1163149328455092,0.02799338253387468
2021Q3,LS5,LA23,0.12279625081924432,0.02955323395556125
2021Q4,LS5,LA23,0.11047531762471266,0.026587968983548198
2022Q1,LS5,LA23,0.1263553578014841,0.030409800183090724
2022Q2,LS5,LA23,0.08225842185364096,0.01979704078615829
2022Q3,LS5,LA23,0.0947860458225274,0.02281204979164314
2022Q4,LS5,LA23,0.06258224123392353,0.01506159678581704
2023Q1,LS5,LA23,0.05922712122230424,0.014254123870391268
2023Q2,LS5,LA23,0.17660464893539018,0.04250323990192542
2023Q3,LS5,LA23,0.09073815120965507,0.0218378476012378
2019Q1,LS6,LA23,0.030124102184199524,0.0690295349602535
2019Q2,LS6,LA23,0.04729586966687962,0.10837872839104544
2019Q3,LS6,LA23,0.04725964756804637,0.10829572526542684
2019Q4,LS6,LA23,0.029893675365576532,0.06850151072123538
2020Q1,LS6,LA23,0.035004493612014236,0.08021297699700107
2020Q2,LS6,LA23,0.0043653308517224414,0.01000317807978033
2020Q3,LS6,LA23,0.09965393540745998,0.2283575050991647
2020Q4,LS6,LA23,0.048080166453201935,0.1101759485073365
2021Q1,LS6,LA23,0.004212238845155443,0.00965236696000545
2021Q2,LS6,LA23,0.0722782954054612,0.1656260853535341
2021Q3,LS6,LA23,0.0886071102814958,0.20304364855433726
2021Q4,LS6,LA23,0.058258229149484385,0.1334990314800532
2022Q1,LS6,LA23,0.051825651371493066,0.11875874644532428
2022Q2,LS6,LA23,0.07074185367838373,0.16210532124029467
2022Q3,LS6,LA23,0.08855104175394643,0.20291516723532652
2022Q4,LS6,LA23,0.06375288174462107,0.14609005613835424
2023Q1,LS6,LA23,0.03686169653834154,0.08446876704668559
2023Q2,LS6,LA23,0.057321881584174776,0.13135338622233692
2023Q3,LS6,LA23,0.04555802928400717,0.10439645822308156
2019Q1,LS7,LA23,0.02416016702792017,0.07616512857560855
2019Q2,LS7,LA23,0.049862406012036814,0.15719165188747092
2019Q3,LS7,LA23,0.049768579452660285,0.1568958628744868
2019Q4,LS7,LA23,0.0322034264689735,0.1015215712188588
2020Q1,LS7,LA23,0.015808227151117946,0.04983556827756641
2020Q2,LS7,LA23,0.0004743619475885543,0.0014954300062456382
2020Q3,LS7,LA23,0.0378998522471662,0.11947960111641982
2020Q4,LS7,LA23,0.017977361429463944,0.0566737822277042
2021Q2,LS7,LA23,0.03420355367910985,0.10782698897327916
2021Q3,LS7,LA23,0.05583893537606807,0.1760327106815304
2021Q4,LS7,LA23,0.03121500231120025,0.09840555579657152
2022Q1,LS7,LA23,0.02291161555739977,0.07222905962477906
2022Q2,LS7,LA23,0.037694860365546194,0.11883336249553195
2022Q3,LS7,LA23,0.03148391367973847,0.09925330113444464
2022Q4,LS7,LA23,0.02422814598709691,0.07637943281283294
2023Q1,LS7,LA23,0.022534199311714083,0.07103925175441313
2023Q2,LS7,LA23,0.036453670988782785,0.11492050260683102
2023Q3,LS7,LA23,0.021997500383342,0.06934730389500425
2019Q1,LS8,LA23,0.0209462958557742,0.05296691180319095
2019Q2,LS8,LA23,0.02791605195965916,0.07059133854604435
2019Q3,LS8,LA23,0.028055041065422958,0.07094280038718731
2019Q4,LS8,LA23,0.03227506597979975,0.08161398010249941
2020Q1,LS8,LA23,0.014895022994936087,0.037665054227800136
2020Q2,LS8,LA23,0.0008905767696410598,0.0022520020502119088
2020Q3,LS8,LA23,0.041438425293948686,0.10478537269407684
2020Q4,LS8,LA23,0.03392537933229413,0.08578712853843645
2021Q2,LS8,LA23,0.03847233315745127,0.09728501360072007
2021Q3,LS8,LA23,0.083343025938725,0.21074956329763628
2021Q4,LS8,LA23,0.04869985551178068,0.1231473559564734
2022Q1,LS8,LA23,0.020667288307112782,0.05226138523543265
2022Q2,LS8,LA23,0.039127763577410886,0.09894240092524598
2022Q3,LS8,LA23,0.03867059492650419,0.09778635826364653
2022Q4,LS8,LA23,0.017723241140898002,0.04481677127260897
2023Q1,LS8,LA23,0.015446061473907497,0.03905846558400408
2023Q2,LS8,LA23,0.04342536048190024,0.10980973698185016
2023Q3,LS8,LA23,0.04145692476965928,0.1048321523302051
2019Q1,LS9,LA23,0.01695006409568866,0.038644751398647134
2019Q2,LS9,LA23,0.03812667161689296,0.0869256740254717
2019Q3,LS9,LA23,0.07277801053385939,0.1659278754635795
2019Q4,LS9,LA23,0.032697296731951896,0.07454714604503923
2020Q1,LS9,LA23,0.023206950491670004,0.05290993753229594
2020Q3,LS9,LA23,0.05262756295265055,0.1199865130621621
2020Q4,LS9,LA23,0.01284184079923301,0.029278340328730237
2021Q2,LS9,LA23,0.034327298424140125,0.07826341577820269
2021Q3,LS9,LA23,0.09189148414022702,0.20950502252997652
2021Q4,LS9,LA23,0.045467783928830316,0.1036628060317469
2022Q1,LS9,LA23,0.03107959957208082,0.07085892963307791
2022Q2,LS9,LA23,0.04927416563096998,0.11234104310372127
2022Q3,LS9,LA23,0.0623835031572523,0.14222925395910052
2022Q4,LS9,LA23,0.03356333918826366,0.07652165158294777
2023Q1,LS9,LA23,0.02181961447291169,0.049746925566757666
2023Q2,LS9,LA23,0.032771821605522236,0.07471705662448502
2023Q3,LS9,LA23,0.03273164159921857,0.07462544951633276
2019Q1,LU1,LA23,0.0008379624307992601,0.002283453583002937
2019Q2,LU1,LA23,0.005071102830299178,0.013818791275138888
2019Q3,LU1,LA23,0.005634821081352342,0.015354927518077285
2019Q4,LU1,LA23,0.002732332757940505,0.00744562619606293
2020Q1,LU1,LA23,0.0031659336079221875,0.00862719159576637
2020Q3,LU1,LA23,0.00873874727363341,0.023813148465262883
2020Q4,LU1,LA23,0.0009284927269770537,0.002530149283883376
2021Q2,LU1,LA23,0.004343703044333699,0.011836621685561738
2021Q3,LU1,LA23,0.009956793670653916,0.02713233355914281
2021Q4,LU1,LA23,0.004149243331353907,0.011306717584813572
2022Q2,LU1,LA23,0.006600035358713354,0.01798514328789809
2022Q3,LU1,LA23,0.009069214694176908,0.02471367453632556
2022Q4,LU1,LA23,0.00201676665078373,0.005495703465393365
2023Q2,LU1,LA23,0.006998373968478072,0.01907061883224687
2023Q3,LU1,LA23,0.007444710616280781,0.020286889371581792
2019Q1,LU2,LA23,0.002567983033191982,0.006811389769297628
2019Q2,LU2,LA23,0.00785583591755068,0.020837038137114985
2019Q3,LU2,LA23,0.013476193361431237,0.03574463086581734
2019Q4,LU2,LA23,0.0023980507964269982,0.006360656768333778
2020Q3,LU2,LA23,0.008658257357019852,0.022965403127389743
2020Q4,LU2,LA23,0.003552112571839111,0.009421722386204569
2021Q2,LU2,LA23,0.005541415551408405,0.014698205052925753
2021Q3,LU2,LA23,0.008795833231089931,0.023330313210139914
2021Q4,LU2,LA23,0.001948278273709284,0.005167667593501644
2022Q1,LU2,LA23,0.0011603313317893904,0.003077695163944209
2022Q2,LU2,LA23,0.001183174324155296,0.0031382845535508352
2022Q3,LU2,LA23,0.0051159307449174475,0.013569637293534552
2023Q1,LU2,LA23,0.000728631486802697,0.0019326424632280575
2023Q2,LU2,LA23,0.003991662991767787,0.010587598170699609
2023Q3,LU2,LA23,0.008061695438251538,0.02138306566731694
2019Q1,LU3,LA23,0.00265131640095128,0.007798967898935941
2019Q2,LU3,LA23,0.007336359082794674,0.021580234241848288
2019Q3,LU3,LA23,0.018426336824129315,0.054201908657452016
2019Q4,LU3,LA23,0.004877895188489268,0.014348550771138587
2020Q1,LU3,LA23,0.0014724974656684065,0.004331418333131435
2020Q3,LU3,LA23,0.013547950041180076,0.03985191183882879
2020Q4,LU3,LA23,0.0068374644450950465,0.0201127129520563
2021Q2,LU3,LA23,0.011912341533693927,0.03504069495029214
2021Q3,LU3,LA23,0.030580051237668063,0.08995261292270487
2021Q4,LU3,LA23,0.013139066349100788,0.038649161843475305
2022Q1,LU3,LA23,0.004693203149878882,0.013805270731157455
2022Q2,LU3,LA23,0.009486224554854487,0.02790416140407208
2022Q3,LU3,LA23,0.013695919973630772,0.04028717213170694
2022Q4,LU3,LA23,0.004745656278757583,0.01395956399776908
2023Q1,LU3,LA23,0.002994670551516689,0.008808959764586245
2023Q2,LU3,LA23,0.004798699320988247,0.014115592521362274
2023Q3,LU3,LA23,0.00943608191993764,0.02775666456063829
2019Q1,LU4,LA23,0.003423737921970444,0.005217483929347665
2019Q2,LU4,LA23,0.005955649096909508,0.009075900130251715
2019Q3,LU4,LA23,0.01139813130038435,0.017369777780807408
2019Q4,LU4,LA23,0.003731324919949081,0.005686220221495345
2020Q3,LU4,LA23,0.01002473613911833,0.015276840953906454
2020Q4,LU4,LA23,0.0046715457342237435,0.007119036371655855
2021Q2,LU4,LA23,0.0031588990167233746,0.004813892076383242
2021Q3,LU4,LA23,0.028479529011360864,0.04340036776139918
2021Q4,LU4,LA23,0.005982740285532954,0.00911718478593833
2022Q1,LU4,LA23,0.002405991709778598,0.003666525699691658
2022Q2,LU4,LA23,0.010139458545583293,0.015451668094800034
2022Q3,LU4,LA23,0.011473047214283513,0.017483943229720134
2022Q4,LU4,LA23,0.003361062860373995,0.005121972492986862
2023Q2,LU4,LA23,0.006555355969414515,0.009989802140547364
2023Q3,LU4,LA23,0.015838903757087183,0.0241371354041976
2019Q1,LU5,LA23,0.0033435563291392485,0.01214925715174199
2019Q2,LU5,LA23,0.005106049904307596,0.018553512251737816
2019Q3,LU5,LA23,0.011107116077255369,0.040359185296442265
2019Q4,LU5,LA23,0.002976257411779777,0.010814627625788878
2020Q1,LU5,LA23,0.0016173767755420065,0.005876953884720022
2020Q3,LU5,LA23,0.01453108060429535,0.052800616342456766
2020Q4,LU5,LA23,0.0066468389159990895,0.024152174298037902
2021Q2,LU5,LA23,0.009981560491397205,0.036269329195620766
2021Q3,LU5,LA23,0.024482953139427298,0.08896207039572303
2021Q4,LU5,LA23,0.00666311555690055,0.024211317640159886
2022Q1,LU5,LA23,0.0064713576249111025,0.023514539659683687
2022Q2,LU5,LA23,0.005543290622117717,0.02014228462311729
2022Q3,LU5,LA23,0.011892772421207985,0.04321397224062845
2022Q4,LU5,LA23,0.007423381932894411,0.026973846754825715
2023Q1,LU5,LA23,0.003022361295604573,0.010982152226885002
2023Q2,LU5,LA23,0.006373100836681996,0.02315751053572484
2023Q3,LU5,LA23,0.006832627419785069,0.02482726156624443
2019Q2,LU6,LA23,0.02225494754610841,0.020081767535884896
2019Q3,LU6,LA23,0.014687382384316529,0.013253169801519991
2020Q3,LU6,LA23,0.027134502665202075,0.02448483752188049
2021Q2,LU6,LA23,0.005628339029697145,0.0050787356731959755
2021Q3,LU6,LA23,0.02438303228465497,0.02200204629311924
2021Q4,LU6,LA23,0.006922945947152503,0.006246925133666447
2022Q2,LU6,LA23,0.009604225347957645,0.00866637948260025
2022Q3,LU6,LA23,0.010732489258627256,0.009684469214164569
2023Q1,LU6,LA23,0.005642281073618493,0.005091316286312386
2023Q2,LU6,LA23,0.007800172940548631,0.007038491526761127
2023Q3,LU6,LA23,0.04812657346277957,0.043427047337490886
2019Q1,LU7,LA23,0.003816823774161741,0.013370371950150471
2019Q2,LU7,LA23,0.010877461682698509,0.03810385733701567
2019Q3,LU7,LA23,0.015763296633053363,0.05521898615577709
2019Q4,LU7,LA23,0.006322218743022415,0.022146795646332203
2020Q3,LU7,LA23,0.022485891465427503,0.07876830325746649
2020Q4,LU7,LA23,0.006634131489815039,0.02323942912572997
2021Q2,LU7,LA23,0.0172909508178806,0.0605703740822029
2021Q3,LU7,LA23,0.025198533383106653,0.08827071509331426
2021Q4,LU7,LA23,0.015034371900011518,0.05266555550739093
2022Q1,LU7,LA23,0.007992351335149115,0.02799728686208322
2022Q2,LU7,LA23,0.016380021942354814,0.05737938109783674
2022Q3,LU7,LA23,0.014491930204772182,0.050765376810193164
2022Q4,LU7,LA23,0.006085167532268494,0.021316402878274802
2023Q1,LU7,LA23,0.003003790753455797,0.010522309126767887
2023Q2,LU7,LA23,0.01016075587144738,0.035593229694175006
2023Q3,LU7,LA23,0.014404684626378029,0.05045975467431344
2019Q1,M1,LA23,0.031779009631069326,0.054365456627965374
2019Q2,M1,LA23,0.035083203669457816,0.06001805624544272
2019Q3,M1,LA23,0.03684083372157425,0.06302489508263932
2019Q4,M1,LA23,0.02852561683640228,0.048799764464315186
2020Q1,M1,LA23,0.0474636189145228,0.08119766303167011
2020Q2,M1,LA23,0.005992602618356417,0.010251753642390806
2020Q3,M1,LA23,0.010824595458148156,0.01851801178598978
2020Q4,M1,LA23,0.005502848198852121,0.009413913729787487
2021Q2,M1,LA23,0.007222482978002174,0.012355752732549298
2021Q3,M1,LA23,0.004061521397993041,0.0069481858613450465
2021Q4,M1,LA23,0.004776838411292162,0.008171903545225886
2022Q1,M1,LA23,0.008754761755973199,0.01497707531033954
2022Q2,M1,LA23,0.003533391330153407,0.006044695392938843
2022Q4,M1,LA23,0.004810100124111447,0.008228805513746667
2023Q1,M1,LA23,0.00939687764271196,0.016075565282050126
2023Q2,M1,LA23,0.014407604641986241,0.024647590166277284
2023Q3,M1,LA23,0.007325226591551961,0.0125315198043079
2019Q1,M11,LA23,0.01838313234217196,0.025423683851286263
2019Q2,M11,LA23,0.03086858485179146,0.042690936865432336
2019Q3,M11,LA23,0.026364369767549026,0.036461653511078565
2019Q4,M11,LA23,0.01817856163758214,0.025140764660915468
2020Q1,M11,LA23,0.014601266714949091,0.020193402401699492
2020Q3,M11,LA23,0.04463154559993815,0.0617249706963177
2020Q4,M11,LA23,0.014471351508993119,0.020013731001732347
2021Q2,M11,LA23,0.031835655869808965,0.044028386183980514
2021Q3,M11,LA23,0.05167849141741216,0.07147082462620544
2021Q4,M11,LA23,0.0320726400261866,0.0443561328463753
2022Q1,M11,LA23,0.041300906589458126,0.05711873103872948
2022Q2,M11,LA23,0.0487401597330865,0.06740714198485605
2022Q3,M11,LA23,0.04002146399977586,0.055349275034143615
2022Q4,M11,LA23,0.02227332163407924,0.03080377582028226
2023Q1,M11,LA23,0.017367545705994632,0.02401913792945056
2023Q2,M11,LA23,0.0401958170025377,0.05559040345220816
2023Q3,M11,LA23,0.018159479524836087,0.02511437429432069
2019Q2,M12,LA23,0.060671620210549025,0.06166741800642881
2019Q3,M12,LA23,0.0703748398075055,0.07152989566595319
2019Q4,M12,LA23,0.03258857949530145,0.03312345289277555
2020Q1,M12,LA23,0.017725949627775836,0.01801688403018605
2020Q3,M12,LA23,0.03377361486959362,0.03432793814511061
2020Q4,M12,LA23,0.0092754857770622,0.009427723483265845
2021Q2,M12,LA23,0.01070373118465198,0.010879410553100974
2021Q3,M12,LA23,0.03552559495443916,0.036108673320076716
2021Q4,M12,LA23,0.01614035394418303,0.016405264108549186
2022Q1,M12,LA23,0.0172365418977122,0.01751944369546817
2022Q2,M12,LA23,0.037266051194477984,0.03787769551041719
2022Q3,M12,LA23,0.0328930366297015,0.033432907054489584
2022Q4,M12,LA23,0.016638582394962936,0.016911669937671868
2023Q1,M12,LA23,0.01204504981227988,0.01224274412162429
2023Q2,M12,LA23,0.03970661657394794,0.040358317667951484
2023Q3,M12,LA23,0.058675434204583064,0.05963846878072341
2019Q1,M13,LA23,0.041061380042447485,0.06155621695485961
2019Q2,M13,LA23,0.02338940651560692,0.035063687105298
2019Q3,M13,LA23,0.02960847617297582,0.04438686135542401
2019Q4,M13,LA23,0.02376661066762505,0.03562916397416843
2020Q1,M13,LA23,0.012958296171855252,0.019426129606346848
2020Q2,M13,LA23,0.0004181511313127749,0.0006268615845936122
2020Q3,M13,LA23,0.013740967055239762,0.020599452535387808
2020Q4,M13,LA23,0.0054737767586173075,0.008205885661115044
2021Q1,M13,LA23,0.00046830997520727147,0.0007020560537951529
2021Q2,M13,LA23,0.0196563827884166,0.02946741103734757
2021Q3,M13,LA23,0.03262774919747897,0.048913134587111363
2021Q4,M13,LA23,0.018262111617122358,0.02737722170066744
2022Q1,M13,LA23,0.024783532997928376,0.03715365953485543
2022Q2,M13,LA23,0.02611553968127281,0.039150506506401735
2022Q3,M13,LA23,0.022141126517840226,0.03319235705541889
2022Q4,M13,LA23,0.01748759154587071,0.02621611787287173
2023Q1,M13,LA23,0.020603420344870758,0.030887140457772036
2023Q2,M13,LA23,0.04099930847312805,0.061463163799222724
2023Q3,M13,LA23,0.04402668408010646,0.06600158382978108
2019Q1,M14,LA23,0.022482128861267225,0.04188100566928267
2019Q2,M14,LA23,0.034432105681155616,0.06414211136927607
2019Q3,M14,LA23,0.03358420532223638,0.06256259370179831
2019Q4,M14,LA23,0.03234406468925153,0.06025238824032945
2020Q1,M14,LA23,0.024073407210408,0.04484533071043071
2020Q2,M14,LA23,0.00342536840959706,0.0063809737354930405
2020Q3,M14,LA23,0.06577010861065499,0.12252034976713135
2020Q4,M14,LA23,0.027455538368341782,0.051145759601029024
2021Q1,M14,LA23,0.0027921406170598826,0.005201360499893872
2021Q2,M14,LA23,0.0416764024032812,0.07763720491497716
2021Q3,M14,LA23,0.08074238484685213,0.15041156904621586
2021Q4,M14,LA23,0.042074425756788325,0.0783786657627289
2022Q1,M14,LA23,0.044118802558278415,0.08218704872066422
2022Q2,M14,LA23,0.0723694561309056,0.13481399476021513
2022Q3,M14,LA23,0.07832707589621846,0.1459121922977429
2022Q4,M14,LA23,0.037724152762688604,0.07027472644928133
2023Q1,M14,LA23,0.0307279074547282,0.05724171737729852
2023Q2,M14,LA23,0.06740745753225924,0.12557049772649306
2023Q3,M14,LA23,0.02401545997815192,0.04473738326570196
2019Q1,M15,LA23,0.06022831405618265,0.1447708993204868
2019Q2,M15,LA23,0.07766043231726152,0.1866725111664257
2019Q3,M15,LA23,0.07517354159409094,0.1806947677720259
2019Q4,M15,LA23,0.06901997825019426,0.16590343726108905
2020Q1,M15,LA23,0.059360066529974415,0.14268389128827294
2020Q2,M15,LA23,0.0016246591160768964,0.0039051958370323173
2020Q3,M15,LA23,0.04976220901542119,0.11961350511349793
2020Q4,M15,LA23,0.03413456569275329,0.08204931269775179
2021Q1,M15,LA23,0.004635626632911996,0.011142663497680595
2021Q2,M15,LA23,0.044665853217120965,0.10736338614970196
2021Q3,M15,LA23,0.04095126380064743,0.09843462135101287
2021Q4,M15,LA23,0.039594884597484135,0.09517429038975801
2022Q1,M15,LA23,0.05320695438001133,0.1278936453129495
2022Q2,M15,LA23,0.061152960824089865,0.1469934743043862
2022Q3,M15,LA23,0.062321282395732126,0.14980177082194104
2022Q4,M15,LA23,0.028558620822640674,0.0686464046791968
2023Q1,M15,LA23,0.034844805103417725,0.08375651635812369
2023Q2,M15,LA23,0.0657323987724719,0.15800107696700094
2023Q3,M15,LA23,0.040684578106299184,0.09779358850106974
2019Q1,M16,LA23,0.03998889726642843,0.054771940575899083
2019Q2,M16,LA23,0.06808073599941795,0.09324873355920472
2019Q3,M16,LA23,0.07798167530320202,0.10680983917257986
2019Q4,M16,LA23,0.06354414937550787,0.0870350675176851
2020Q1,M16,LA23,0.03004446078579887,0.04115125780615657
2020Q2,M16,LA23,0.0008291385396992784,0.0011356533920659595
2020Q3,M16,LA23,0.07663389627502339,0.10496381495368202
2020Q4,M16,LA23,0.03844770360722807,0.0526610004578143
2021Q2,M16,LA23,0.05350928733184876,0.07329053078088273
2021Q3,M16,LA23,0.15194366247238605,0.20811399715212228
2021Q4,M16,LA23,0.07588050827995188,0.10393191546863936
2022Q1,M16,LA23,0.05602600019991413,0.0767376187747795
2022Q2,M16,LA23,0.09558504611797744,0.1309208011173054
2022Q3,M16,LA23,0.12720115914433572,0.17422471751147872
2022Q4,M16,LA23,0.06708769122900841,0.0918885812951476
2023Q1,M16,LA23,0.03780865406488392,0.05178570791535867
2023Q2,M16,LA23,0.05730082643877181,0.07848372111248836
2023Q3,M16,LA23,0.0819640424371839,0.11226440258703506
2019Q1,M17,LA23,0.040942408317872936,0.007852327051119339
2019Q2,M17,LA23,0.07940121947543735,0.01522832606079661
2019Q3,M17,LA23,0.06908230304071288,0.01324926547331145
2020Q1,M17,LA23,0.05510132485504166,0.010567859622534205
2020Q3,M17,LA23,0.20064471770312176,0.03848156494000495
2020Q4,M17,LA23,0.10604673363612444,0.020338657871532082
2021Q2,M17,LA23,0.11887752133361998,0.02279946917852673
2021Q3,M17,LA23,0.4143075861560574,0.07945987546699798
2021Q4,M17,LA23,0.1609814297806536,0.030874559844655636
2022Q1,M17,LA23,0.14109983490506905,0.027061477232395204
2022Q2,M17,LA23,0.19970790244153,0.0383018935400378
2022Q3,M17,LA23,0.22112270764664926,0.0424090299083008
2022Q4,M17,LA23,0.09832639571172276,0.018857977549629826
2023Q1,M17,LA23,0.05695158212018955,0.010922719675266092
2023Q2,M17,LA23,0.07143583932969376,0.013700649195643393
2023Q3,M17,LA23,0.12395856604015283,0.023773960578429003
2019Q1,M18,LA23,0.010556153330558784,0.012348811704623002
2019Q2,M18,LA23,0.02737069380554724,0.03201881721925523
2019Q3,M18,LA23,0.02466419384451132,0.028852696251624982
2019Q4,M18,LA23,0.01588250075330721,0.018579685711209888
2020Q1,M18,LA23,0.016448461478203443,0.019241758552054608
2020Q3,M18,LA23,0.02673884751411837,0.031279670047478926
2020Q4,M18,LA23,0.011345667614693812,0.01327240223306577
2021Q2,M18,LA23,0.016545250218531878,0.019354984070102308
2021Q3,M18,LA23,0.02994665876046972,0.03503223557250697
2021Q4,M18,LA23,0.028126276404854482,0.032902713744244486
2022Q1,M18,LA23,0.01459006821881938,0.017067770763639297
2022Q2,M18,LA23,0.027756118189128424,0.032469694824967546
2022Q3,M18,LA23,0.024139210728068315,0.028238559884896243
2022Q4,M18,LA23,0.016175153809153412,0.0189220374531996
2023Q1,M18,LA23,0.005270536290873217,0.006165584962655167
2023Q2,M18,LA23,0.0289481772151275,0.03386419071678495
2023Q3,M18,LA23,0.02610508522591416,0.03053828150210143
2019Q1,M19,LA23,0.03204238736436402,0.02717752254303796
2019Q2,M19,LA23,0.035985723518814995,0.03052215807264764
2019Q3,M19,LA23,0.06075034170990998,0.05152686541560722
2019Q4,M19,LA23,0.03287250058497068,0.027881603063311618
2020Q1,M19,LA23,0.04051673687010951,0.034365246170214456
2020Q2,M19,LA23,0.002130692128677711,0.0018071978439351028
2020Q3,M19,LA23,0.03516549868736323,0.029826464627784932
2020Q4,M19,LA23,0.005864667216194004,0.004974258742430375
2021Q2,M19,LA23,0.029613423911091657,0.02511733869166422
2021Q3,M19,LA23,0.07610760678060143,0.0645524996454183
2021Q4,M19,LA23,0.03008184372493778,0.025514640238070437
2022Q1,M19,LA23,0.01581681943219182,0.013415416329297162
2022Q2,M19,LA23,0.0593420987026783,0.05033243019329044
2022Q3,M19,LA23,0.05501362683959096,0.04666113253689945
2022Q4,M19,LA23,0.023447501804609708,0.01988756335869707
2023Q1,M19,LA23,0.02194378469519284,0.01861214947724017
2023Q2,M19,LA23,0.023998523765792857,0.020354925905734338
2023Q3,M19,LA23,0.02962194838450105,0.025124568929087442
2019Q1,M2,LA23,0.04600560936220107,0.010641752648999568
2019Q2,M2,LA23,0.03717794861370067,0.008599788995932346
2019Q3,M2,LA23,0.011808660697457564,0.0027315113961201933
2019Q4,M2,LA23,0.011937440395367843,0.0027612999743038807
2020Q1,M2,LA23,0.014542103557227975,0.003363795658781225
2020Q3,M2,LA23,0.021552782791280645,0.004985465610436373
2020Q4,M2,LA23,0.029789057160057125,0.006890633171456175
2021Q2,M2,LA23,0.02224137908860188,0.0051447477408700214
2023Q2,M2,LA23,0.02795050817193025,0.006465350606222078
2019Q1,M20,LA23,0.05425080461258459,0.1558213772910213
2019Q2,M20,LA23,0.08124705781542635,0.23336111860553335
2019Q3,M20,LA23,0.06813187259130618,0.19569114781628547
2019Q4,M20,LA23,0.06639754147729557,0.1907097311388061
2020Q1,M20,LA23,0.06089267579366376,0.17489843103457486
2020Q3,M20,LA23,0.12605946822780495,0.3620731544924177
2020Q4,M20,LA23,0.0604217428578188,0.1735457982174379
2021Q1,M20,LA23,0.006799906084395113,0.019530968048983608
2021Q2,M20,LA23,0.060217717230011264,0.1729597874742855
2021Q3,M20,LA23,0.09110173478022866,0.2616661243723491
2021Q4,M20,LA23,0.06278811289385182,0.1803425829071406
2022Q1,M20,LA23,0.06441581198326121,0.18501772672737216
2022Q2,M20,LA23,0.06096275689765095,0.17509972084443742
2022Q3,M20,LA23,0.05669961560248185,0.16285495225633465
2022Q4,M20,LA23,0.03883784526060851,0.11155164578185356
2023Q1,M20,LA23,0.035796768389026394,0.1028169405556038
2023Q2,M20,LA23,0.06264961209135989,0.1799447752441148
2023Q3,M20,LA23,0.05726117065555163,0.1644678736207077
2019Q1,M21,LA23,0.05069263434282455,0.07724619367512915
2019Q2,M21,LA23,0.06705882182717457,0.10218523471193663
2019Q3,M21,LA23,0.05220685080366426,0.07955357934400296
2019Q4,M21,LA23,0.06203855821550702,0.09453528200629337
2020Q1,M21,LA23,0.06687462766489026,0.10190455689516703
2020Q2,M21,LA23,0.004036945780863736,0.006151558302054111
2020Q3,M21,LA23,0.11417276572642082,0.17397816641534675
2020Q4,M21,LA23,0.055182616151893016,0.08408809504635277
2021Q1,M21,LA23,0.0023003867531862067,0.003505363707527972
2021Q2,M21,LA23,0.09880389331086377,0.15055884898252694
2021Q3,M21,LA23,0.1304682078485952,0.198809404612174
2021Q4,M21,LA23,0.07600106407513738,0.11581155706686927
2022Q1,M21,LA23,0.10995793640243397,0.16755554651229596
2022Q2,M21,LA23,0.09962640897371766,0.151812210639843
2022Q3,M21,LA23,0.07191776133998415,0.10958935934519026
2022Q4,M21,LA23,0.046677467315306635,0.07112782216284763
2023Q1,M21,LA23,0.04063910629505205,0.061926477413302976
2023Q2,M21,LA23,0.04332230564517539,0.06601517667613674
2023Q3,M21,LA23,0.024195056208870844,0.03686878818038036
2019Q1,M22,LA23,0.024639341831607358,0.0490506537029011
2019Q2,M22,LA23,0.033708621542653305,0.0671052795724364
2019Q3,M22,LA23,0.0470043722799874,0.09357373273137867
2019Q4,M22,LA23,0.02914692384649628,0.058024101368865724
2020Q1,M22,LA23,0.017951769523593984,0.03573740062839411
2020Q2,M22,LA23,0.0010273989206121801,0.002045289562281904
2020Q3,M22,LA23,0.008219191364897441,0.01636231649825523
2020Q4,M22,LA23,0.003422471807340482,0.006813269631027667
2021Q2,M22,LA23,0.008037086649542892,0.015999792393854725
2021Q3,M22,LA23,0.008902247484098277,0.01772210725044116
2021Q4,M22,LA23,0.006135701316826232,0.012214618498047943
2022Q1,M22,LA23,0.004776707651262512,0.009509208259025593
2022Q2,M22,LA23,0.007264866773621787,0.014462499312928612
2022Q3,M22,LA23,0.01228055508444412,0.024447457194402417
2022Q4,M22,LA23,0.005965836188443061,0.011876460293763708
2023Q1,M22,LA23,0.01787902206750001,0.03559257897280691
2023Q2,M22,LA23,0.007564210025307504,0.015058415481350819
2023Q3,M22,LA23,0.02414986731049981,0.04807623460537306
2019Q1,M23,LA23,0.04442804148046749,0.06840939749646349
2019Q2,M23,LA23,0.04803090524061861,0.07395701406655561
2019Q3,M23,LA23,0.046091844415685854,0.07097128752263482
2019Q4,M23,LA23,0.03892945756959144,0.05994278947386695
2020Q1,M23,LA23,0.028831456129644363,0.04439409159284723
2020Q3,M23,LA23,0.05089552189362377,0.07836789270896828
2020Q4,M23,LA23,0.02320223976411369,0.035726338365136584
2021Q2,M23,LA23,0.0398488621210428,0.06135846996133443
2021Q3,M23,LA23,0.0648071270133805,0.09978870021563446
2021Q4,M23,LA23,0.038984959928111136,0.06002825088020947
2022Q2,M23,LA23,0.03716568465020352,0.05722696769295516
2022Q3,M23,LA23,0.0430254564982483,0.06624972557814618
2022Q4,M23,LA23,0.032958587091887134,0.05074896417124243
2023Q1,M23,LA23,0.032694363935042554,0.05034211871143756
2023Q2,M23,LA23,0.05302254882782414,0.08164304565694078
2023Q3,M23,LA23,0.031390903723411405,0.04833507710512452
2019Q1,M24,LA23,0.04045068331274583,0.09977358901941992
2019Q2,M24,LA23,0.05200643430318151,0.12827641408213505
2019Q3,M24,LA23,0.058716776477617263,0.1448278012890076
2019Q4,M24,LA23,0.04793336896068984,0.11822999918256386
2020Q1,M24,LA23,0.038447040021235696,0.0948315048335229
2020Q2,M24,LA23,0.0018622658597228896,0.004593369834974877
2020Q3,M24,LA23,0.013379352775406885,0.03300082806607766
2020Q4,M24,LA23,0.0075709476108532766,0.01867411261195721
2021Q2,M24,LA23,0.006009845287141607,0.014823577369844472
2021Q3,M24,LA23,0.005262007625985454,0.012978999198431295
2021Q4,M24,LA23,0.004044133241066411,0.009975052456203984
2022Q1,M24,LA23,0.006956778017072165,0.0171592332670431
2022Q2,M24,LA23,0.0042965489709274815,0.010597648200717891
2022Q3,M24,LA23,0.010636167450606198,0.026234627280675184
2022Q4,M24,LA23,0.006479940637249841,0.015983090545407076
2023Q1,M24,LA23,0.006827301733388928,0.016839873680059243
2023Q2,M24,LA23,0.005768363370686435,0.014227950410919194
2023Q3,M24,LA23,0.002423349297798694,0.0059773095801543856
2019Q1,M25,LA23,0.0471151002301374,0.07023676770280939
2019Q2,M25,LA23,0.06898451013127399,0.10283855896549926
2019Q3,M25,LA23,0.061469081494385784,0.09163494456634087
2019Q4,M25,LA23,0.082404513084009,0.12284440900844028
2020Q1,M25,LA23,0.03061670825470592,0.045641813664973184
2020Q2,M25,LA23,0.0034290977089172303,0.005111922462968579
2020Q3,M25,LA23,0.021023799896398798,0.03134119936795058
2020Q4,M25,LA23,0.002810616562922598,0.0041899225867589205
2021Q2,M25,LA23,0.012597091283656364,0.01877909565934244
2021Q3,M25,LA23,0.03282179336313173,0.048929041109442455
2021Q4,M25,LA23,0.01230705699467833,0.018346727461433582
2022Q1,M25,LA23,0.006498223094624599,0.009687216704385394
2022Q2,M25,LA23,0.015750559416610018,0.02348012372954913
2022Q3,M25,LA23,0.013043394883518552,0.0194444221070276
2022Q4,M25,LA23,0.013091750098587296,0.01951650757413716
2023Q1,M25,LA23,0.026109779106999572,0.0389231155394413
2023Q2,M25,LA23,0.06376287441460772,0.09505441305328093
2023Q3,M25,LA23,0.050109195006304785,0.07470021017128893
2019Q1,M26,LA23,0.045915703724008994,0.05916127311079055
2019Q2,M26,LA23,0.08454082320591239,0.10892880485420442
2019Q3,M26,LA23,0.05508461379245789,0.07097519185084336
2019Q4,M26,LA23,0.05442930685851002,0.07013084472455915
2020Q1,M26,LA23,0.03807093115516344,0.049053473495496165
2020Q2,M26,LA23,0.0021081153360638463,0.002716255595157189
2020Q3,M26,LA23,0.07888233368669374,0.10163797804137274
2020Q4,M26,LA23,0.04334621369956362,0.0558505473946958
2021Q2,M26,LA23,0.06843928427570158,0.08818236159200245
2021Q3,M26,LA23,0.058345548588277264,0.07517682742222791
2022Q1,M26,LA23,0.020999618767812096,0.027057500601812428
2022Q2,M26,LA23,0.034686488005035175,0.04469270039842643
2022Q3,M26,LA23,0.03724475509860286,0.04798896563967473
2022Q4,M26,LA23,0.020308117881783702,0.026166518444148402
2023Q1,M26,LA23,0.023887840029183642,0.03077890380354636
2023Q2,M26,LA23,0.04720959542489698,0.06082842125583779
2023Q3,M26,LA23,0.02160464697142795,0.027837064800784555
2019Q1,M27,LA23,0.041267952749858686,0.09026257320103853
2019Q2,M27,LA23,0.0533338648242516,0.11665351821480385
2019Q3,M27,LA23,0.06407166313288354,0.14013957073904
2019Q4,M27,LA23,0.04649935310613889,0.10170485773753757
2020Q1,M27,LA23,0.029358530472292605,0.06421390762688868
2020Q2,M27,LA23,0.0008395707350672626,0.0018363357007507
2020Q3,M27,LA23,0.009606172787978436,0.021010925347143543
2020Q4,M27,LA23,0.0077260473793759644,0.016898655510310064
2021Q2,M27,LA23,0.011830185682087829,0.02587535678311513
2021Q3,M27,LA23,0.014587367974807346,0.031905953213078694
2021Q4,M27,LA23,0.01170784332085923,0.02560776569608157
2022Q1,M27,LA23,0.00738351521319095,0.016149458308515486
2022Q3,M27,LA23,0.0070743040683835185,0.015473141899947012
2022Q4,M27,LA23,0.006517135600805019,0.014254485382262427
2023Q1,M27,LA23,0.04258995105038668,0.09315408975133467
2023Q2,M27,LA23,0.03630536841127936,0.07940825157179614
2023Q3,M27,LA23,0.005697497976740417,0.012461748013173776
2019Q1,M28,LA23,0.07123875171841887,0.15899299323909322
2019Q2,M28,LA23,0.11075414689664467,0.24718475413974586
2019Q3,M28,LA23,0.10296201107072744,0.2297940086704111
2019Q4,M28,LA23,0.0916479806870923,0.20454298288879144
2020Q1,M28,LA23,0.07030399864550836,0.15690678053299584
2020Q2,M28,LA23,0.010767737284983656,0.024031790844941208
2020Q3,M28,LA23,0.14792112643030286,0.3301352436299284
2020Q4,M28,LA23,0.05684652186566992,0.12687194046267358
2021Q2,M28,LA23,0.09554207244639988,0.21323394517863065
2021Q3,M28,LA23,0.11934134440951588,0.26634994447748844
2021Q4,M28,LA23,0.10295679532092712,0.2297823679881597
2022Q1,M28,LA23,0.09863812209029617,0.2201438107816326
2022Q2,M28,LA23,0.09954051159767544,0.22215779341587194
2022Q3,M28,LA23,0.06644955954306786,0.1483043163492169
2022Q4,M28,LA23,0.06021793718225419,0.13439637624664966
2023Q1,M28,LA23,0.06568543599933943,0.14659892024820084
2023Q2,M28,LA23,0.08366904974720812,0.1867353419296335
2023Q3,M28,LA23,0.053678034851875965,0.11980040675088832
2019Q1,M29,LA23,0.09261250465320094,0.05578135402255554
2019Q2,M29,LA23,0.0773453260405959,0.046585793462949436
2019Q3,M29,LA23,0.0972710936642086,0.05858726456176073
2019Q4,M29,LA23,0.11585779304370175,0.06978220267601122
2020Q1,M29,LA23,0.08550890067166647,0.05150278872498788
2020Q2,M29,LA23,0.006225496925888176,0.0037496734300587454
2020Q3,M29,LA23,0.23322727469324825,0.14047490915072922
2020Q4,M29,LA23,0.08683812547374048,0.05230339291486159
2021Q1,M29,LA23,0.0017813028843110359,0.001072894931232366
2021Q2,M29,LA23,0.1458850929615913,0.08786791856646639
2021Q3,M29,LA23,0.21136198886073912,0.12730524859144746
2021Q4,M29,LA23,0.1486389759367904,0.08952660733372844
2022Q1,M29,LA23,0.1150727185195833,0.06930934514853232
2022Q2,M29,LA23,0.09389851434385556,0.05655592935770564
2022Q3,M29,LA23,0.08945215954670746,0.053877849416143084
2022Q4,M29,LA23,0.03138605504610008,0.01890410646439
2023Q1,M29,LA23,0.0532088460190468,0.032048171983193534
2023Q2,M29,LA23,0.041062998870681634,0.024732617758374414
2023Q3,M29,LA23,0.04789770882560671,0.02884922573766183
2019Q1,M3,LA23,0.054075445811057984,0.1518619546733148
2019Q2,M3,LA23,0.06569406667642014,0.184490931628716
2019Q3,M3,LA23,0.06206611990388725,0.1743024425637784
2019Q4,M3,LA23,0.07689970174056737,0.21596010619905764
2020Q1,M3,LA23,0.06133841940695192,0.17225881595610384
2020Q2,M3,LA23,0.00658061116989803,0.018480559156137475
2020Q3,M3,LA23,0.02483885221060579,0.06975581230941648
2020Q4,M3,LA23,0.009759167807139708,0.027407010278851132
2021Q2,M3,LA23,0.015154243775096178,0.042558189706341926
2021Q3,M3,LA23,0.013897032713134527,0.03902752016783267
2021Q4,M3,LA23,0.012435555748371355,0.034923203592164734
2022Q1,M3,LA23,0.0304740577570132,0.08558135598137148
2022Q2,M3,LA23,0.018641619356641388,0.05235190780797143
2022Q3,M3,LA23,0.01935778580713671,0.054363142951989935
2022Q4,M3,LA23,0.006916514526824095,0.019423888232745646
2023Q1,M3,LA23,0.029275160568236,0.08221445132049825
2023Q2,M3,LA23,0.01710511959873937,0.04803690211379071
2023Q3,M3,LA23,0.010960794033690664,0.03078157899139296
2019Q1,M30,LA23,0.05864022733188268,0.13566275233132752
2019Q2,M30,LA23,0.08283131932596106,0.1916282605010526
2019Q3,M30,LA23,0.08652995167580396,0.20018495728194247
2019Q4,M30,LA23,0.06743039373673933,0.15599859041026454
2020Q1,M30,LA23,0.041811178241584264,0.09672915294762256
2020Q3,M30,LA23,0.03453698668500157,0.0799004861355693
2020Q4,M30,LA23,0.016124769435694884,0.037304265380381216
2021Q1,M30,LA23,0.0015426959090543446,0.003568989796852352
2021Q2,M30,LA23,0.02338852258958676,0.05410878319944088
2021Q3,M30,LA23,0.03814673634845919,0.0882515549641427
2021Q4,M30,LA23,0.030249053373667463,0.06998045578615608
2022Q1,M30,LA23,0.02413255568198287,0.05583008582278808
2022Q2,M30,LA23,0.026988208882785563,0.06243657066351151
2022Q3,M30,LA23,0.02895612906432873,0.06698930656416785
2022Q4,M30,LA23,0.01220546175231945,0.02823704153503737
2023Q1,M30,LA23,0.014268265139159996,0.03300928744386284
2023Q2,M30,LA23,0.009890886592792593,0.022882327699396892
2023Q3,M30,LA23,0.010276982481542185,0.023775551230662117
2019Q2,M31,LA23,0.09459614495985204,0.013373047137997062
2019Q3,M31,LA23,0.06277018849055234,0.008873814994272575
2019Q4,M31,LA23,0.07377077500623927,0.010428966761634052
2020Q1,M31,LA23,0.07581756226904922,0.010718320863311521
2020Q3,M31,LA23,0.17905450453154345,0.02531291661396245
2020Q4,M31,LA23,0.08382059252603324,0.011849708415297776
2021Q2,M31,LA23,0.09530295655335612,0.01347296901918603
2021Q3,M31,LA23,0.3871143678926073,0.054726317777758535
2021Q4,M31,LA23,0.17176340027901507,0.02428217396690749
2022Q1,M31,LA23,0.11459400322150415,0.016200142272852294
2022Q2,M31,LA23,0.12477832974932385,0.017639899450939096
2022Q3,M31,LA23,0.129325041085251,0.01828266755786381
2022Q4,M31,LA23,0.12763984267671558,0.018044431234768538
2023Q1,M31,LA23,0.03541780728057263,0.0050070117179575845
2023Q2,M31,LA23,0.16629302632523815,0.02350882777211934
2023Q3,M31,LA23,0.05216034297156374,0.007373902240824537
2019Q1,M32,LA23,0.04345374034069112,0.04301969576106639
2019Q2,M32,LA23,0.04638589667246827,0.04592256378411701
2019Q3,M32,LA23,0.05227452894693396,0.051752376520837605
2019Q4,M32,LA23,0.043632741440822784,0.04319690888030963
2020Q1,M32,LA23,0.030394693536186217,0.03009109131747497
2020Q2,M32,LA23,0.0022076802349570704,0.0021856284706667025
2020Q3,M32,LA23,0.08635470249823393,0.08549213485156887
2020Q4,M32,LA23,0.04396342972372613,0.043524294030833265
2021Q2,M32,LA23,0.04560949491991845,0.04515391724365395
2021Q3,M32,LA23,0.06628021478036847,0.06561816433922746
2021Q4,M32,LA23,0.08078134878324125,0.07997445146440889
2022Q1,M32,LA23,0.07831192234556207,0.0775296912844938
2022Q2,M32,LA23,0.07554795839795597,0.07479333562930006
2022Q3,M32,LA23,0.052714911090464715,0.05218835983745808
2022Q4,M32,LA23,0.04548745867417385,0.045033099976311865
2023Q1,M32,LA23,0.023871122230898573,0.023632681739179186
2023Q2,M32,LA23,0.043665459716163035,0.04322930034396568
2023Q3,M32,LA23,0.039427639709088566,0.03903381047439088
2019Q1,M33,LA23,0.05195945252123076,0.1980190673594412
2019Q2,M33,LA23,0.09423463868671174,0.3591310985825332
2019Q3,M33,LA23,0.09659657944629396,0.36813252726732576
2019Q4,M33,LA23,0.06877541513467181,0.2621052166910615
2020Q1,M33,LA23,0.05285230661432102,0.2014217616955594
2020Q2,M33,LA23,0.005762098071590409,0.021959532497070677
2020Q3,M33,LA23,0.0957899904409875,0.3650585918268416
2020Q4,M33,LA23,0.04069610060324007,0.1550940877086191
2021Q2,M33,LA23,0.07441844575719005,0.2836109794874506
2021Q3,M33,LA23,0.11751479132327505,0.4478524743744371
2021Q4,M33,LA23,0.07513304017031182,0.2863343207152825
2022Q1,M33,LA23,0.057647655163545176,0.21969698210887728
2022Q2,M33,LA23,0.09691752655208648,0.3693556665322127
2022Q3,M33,LA23,0.06314699285118887,0.2406551267228313
2022Q4,M33,LA23,0.061390520314947836,0.23396115600928685
2023Q1,M33,LA23,0.0450078751866579,0.17152639290513114
2023Q2,M33,LA23,0.06853597117757497,0.26119268842587634
2023Q3,M33,LA23,0.04967996350378807,0.1893318647930621
2019Q1,M34,LA23,0.028282095540414408,0.055202067400206736
2019Q2,M34,LA23,0.06832241481993022,0.13335428212684022
2019Q3,M34,LA23,0.040589448061058325,0.07922402512225236
2019Q4,M34,LA23,0.05176372238622045,0.1010343978212819
2020Q1,M34,LA23,0.035085306246227264,0.06848083224220496
2020Q2,M34,LA23,0.0022057018462066065,0.004305172571285128
2020Q3,M34,LA23,0.0675582501117246,0.13186275644880313
2020Q4,M34,LA23,0.026130958366038085,0.051003396226165724
2021Q1,M34,LA23,0.003162824718406765,0.0061733213166980175
2021Q2,M34,LA23,0.037909037274250865,0.07399229762518095
2021Q3,M34,LA23,0.07531728717682921,0.1470071394531161
2021Q4,M34,LA23,0.05767604350783895,0.11257429056299448
2022Q1,M34,LA23,0.029073116587436706,0.05674601229956223
2022Q2,M34,LA23,0.046093330573307716,0.08996671188568016
2022Q3,M34,LA23,0.05314517541172401,0.10373077026352524
2022Q4,M34,LA23,0.02109126451821861,0.041166730514242265
2023Q1,M34,LA23,0.02035547492109377,0.03973058845486707
2023Q2,M34,LA23,0.022415782105430816,0.04375197420729062
2023Q3,M34,LA23,0.033911110069936495,0.06618899158379106
2019Q1,M35,LA23,0.035817056809635664,0.054899409661670534
2019Q2,M35,LA23,0.038415988411359465,0.05888298127237063
2019Q3,M35,LA23,0.05918291232227312,0.09071395692337046
2019Q4,M35,LA23,0.044934450008916604,0.06887430176277687
2020Q1,M35,LA23,0.03055928647800835,0.04684044242499543
2020Q2,M35,LA23,0.0037166476664625358,0.005696776368133254
2020Q3,M35,LA23,0.02872801519439209,0.04403351965255099
2020Q4,M35,LA23,0.0018312241126491875,0.002806850470070199
2021Q2,M35,LA23,0.012697292232205705,0.01946206388634028
2021Q3,M35,LA23,0.013910246479460056,0.02132124713734837
2021Q4,M35,LA23,0.008095670052530953,0.01240882267523577
2022Q1,M35,LA23,0.01365561759921276,0.020930958921242682
2022Q2,M35,LA23,0.005239515167370971,0.00803098621784723
2022Q3,M35,LA23,0.013157586528880976,0.020167590454098574
2022Q4,M35,LA23,0.008849037567616092,0.013563563894099044
2023Q1,M35,LA23,0.02743359668700675,0.04204947020124381
2023Q2,M35,LA23,0.041784938879544334,0.06404681684003796
2023Q3,M35,LA23,0.037544504794729434,0.057547194908429786
2019Q1,M38,LA23,0.02658144370891,0.006727808224685146
2019Q2,M38,LA23,0.014430669314669346,0.0036524267367163687
2019Q3,M38,LA23,0.04042878443975333,0.010232593513219259
2019Q4,M38,LA23,0.035559904722451414,0.009000271846804781
2020Q1,M38,LA23,0.04451122753057485,0.011265866743372351
2020Q3,M38,LA23,0.074710622519679,0.018909384537708955
2020Q4,M38,LA23,0.03212992122294165,0.008132137239398148
2021Q2,M38,LA23,0.0706170384813701,0.017873291514960803
2021Q3,M38,LA23,0.07450522915446307,0.01885739913063596
2021Q4,M38,LA23,0.09283351609779164,0.02349631946137716
2022Q1,M38,LA23,0.10083243072840484,0.025520858242254408
2022Q2,M38,LA23,0.053239445723630666,0.013474993485664536
2022Q3,M38,LA23,0.11749728851227262,0.029738761847841206
2022Q4,M38,LA23,0.051629150313725065,0.01306742500211734
2023Q1,M38,LA23,0.06341170211024205,0.016049608729700748
2023Q2,M38,LA23,0.0755101997508881,0.019111758883185018
2023Q3,M38,LA23,0.10962263829594167,0.02774567459975499
2019Q1,M4,LA23,0.04802541534982134,0.05370244385625564
2019Q2,M4,LA23,0.0406170345946781,0.0454183270262213
2019Q3,M4,LA23,0.03846686096641797,0.04301398387350203
2019Q4,M4,LA23,0.035127929830623024,0.03928036157052285
2020Q1,M4,LA23,0.03403803608316549,0.038061632750464036
2020Q2,M4,LA23,0.006907402067714371,0.0077239180344828625
2020Q3,M4,LA23,0.010641658925623422,0.011899597053518028
2020Q4,M4,LA23,0.005334116907347931,0.005964656664663742
2021Q2,M4,LA23,0.003974336086926007,0.004444137734559513
2021Q3,M4,LA23,0.007255849944141083,0.008113555529220459
2021Q4,M4,LA23,0.007977962745019449,0.008921028444646234
2022Q1,M4,LA23,0.0065694936241801356,0.00734606582674512
2022Q2,M4,LA23,0.009943405331722504,0.011118803714183957
2022Q3,M4,LA23,0.010345908213659093,0.011568885993779714
2022Q4,M4,LA23,0.00984279577601273,0.011006301219878572
2023Q1,M4,LA23,0.015573402269229762,0.017414316043334474
2023Q2,M4,LA23,0.015451455211345038,0.01727795376553245
2023Q3,M4,LA23,0.0064423738384954245,0.0072039193590045176
2019Q1,M40,LA23,0.03062744867442238,0.044497339383250886
2019Q2,M40,LA23,0.047546313009659065,0.06907804985336334
2019Q3,M40,LA23,0.05340919957155474,0.07759599256166479
2019Q4,M40,LA23,0.04032626848638952,0.0585883490973742
2020Q1,M40,LA23,0.018135583744045683,0.02634843121771675
2020Q3,M40,LA23,0.12684437936402612,0.18428689432863254
2020Q4,M40,LA23,0.05485503985067158,0.07969659344023436
2021Q1,M40,LA23,0.002379094771054957,0.00345648730254697
2021Q2,M40,LA23,0.08156255092465768,0.11849881940995935
2021Q3,M40,LA23,0.13857711967327427,0.201332902077628
2021Q4,M40,LA23,0.08924909827987028,0.12966628262200158
2022Q1,M40,LA23,0.11761629246088652,0.1708797927723721
2022Q2,M40,LA23,0.08386654938961045,0.12184620242978984
2022Q3,M40,LA23,0.11215222750078216,0.16294128129116794
2022Q4,M40,LA23,0.07115073921240808,0.10337193358021056
2023Q1,M40,LA23,0.032609065515167006,0.04737634762280488
2023Q2,M40,LA23,0.06377950676472599,0.09266257821130383
2023Q3,M40,LA23,0.055852790573695486,0.08114618374121675
2019Q1,M41,LA23,0.04492447163785206,0.14776790503478787
2019Q2,M41,LA23,0.06873136486885095,0.2260747745399041
2019Q3,M41,LA23,0.07108421034800343,0.2338138760729757
2019Q4,M41,LA23,0.06412513976186203,0.21092373971716175
2020Q1,M41,LA23,0.04509412411088125,0.14832593475911235
2020Q2,M41,LA23,0.0023445145271859032,0.007711698933237611
2020Q3,M41,LA23,0.06950660501121861,0.2286247346743271
2020Q4,M41,LA23,0.029127469992367563,0.09580758688565827
2021Q2,M41,LA23,0.04275697335390327,0.14063845712124254
2021Q3,M41,LA23,0.07481040996163607,0.2460702853433299
2021Q4,M41,LA23,0.053034488516790664,0.17444379370540244
2022Q1,M41,LA23,0.037038269410427226,0.121828199138606
2022Q2,M41,LA23,0.04136047280142625,0.13604501498389346
2022Q3,M41,LA23,0.036193765865297836,0.11905041422297714
2022Q4,M41,LA23,0.034595278195087564,0.11379258556880792
2023Q1,M41,LA23,0.03946600553166451,0.12981363486068692
2023Q2,M41,LA23,0.03036917750065288,0.09989187570366387
2023Q3,M41,LA23,0.028552766195095176,0.09391724131135608
2019Q1,M43,LA23,0.02968114823629305,0.03506831445724886
2019Q2,M43,LA23,0.03804110506660467,0.044945614103490836
2019Q3,M43,LA23,0.03526516197463846,0.04166583380356749
2019Q4,M43,LA23,0.03587662582929492,0.04238827912689614
2020Q1,M43,LA23,0.03000811494720473,0.035454626042771775
2020Q2,M43,LA23,0.001433256098869991,0.0016933939068935404
2020Q3,M43,LA23,0.04313886061949169,0.050968618784160015
2020Q4,M43,LA23,0.008980967158279366,0.01061102413995086
2021Q2,M43,LA23,0.017919158772683144,0.021171508920313376
2021Q4,M43,LA23,0.01484868250092695,0.017543737293210203
2022Q1,M43,LA23,0.012502759075360956,0.01477202577701688
2022Q2,M43,LA23,0.014082639213037684,0.01663865617257089
2022Q3,M43,LA23,0.012337042089931643,0.014576230947595943
2022Q4,M43,LA23,0.015032758088877975,0.017761222834900815
2023Q1,M43,LA23,0.023170881805385582,0.02737642637455089
2023Q2,M43,LA23,0.01569684993743001,0.0185458482000692
2023Q3,M43,LA23,0.006053810376875997,0.007152584673299618
2019Q1,M44,LA23,0.04569260483463945,0.03295766354866101
2019Q2,M44,LA23,0.02474740852241427,0.01785008245283225
2019Q3,M44,LA23,0.04538737333059193,0.0327375028191238
2019Q4,M44,LA23,0.047399395251525096,0.034188756074713535
2020Q1,M44,LA23,0.023594946584143614,0.017018822056284064
2020Q2,M44,LA23,0.002191050973881875,0.0015803852959685324
2020Q3,M44,LA23,0.009821537854375792,0.007084186627275909
2021Q2,M44,LA23,0.001879103374343015,0.001355380307357769
2021Q3,M44,LA23,0.010999761532068516,0.00793402873400178
2022Q2,M44,LA23,0.006723914229391911,0.004849898658750903
2022Q3,M44,LA23,0.0062933824363265506,0.004539359961423387
2023Q1,M44,LA23,0.020456424944824303,0.0147550347190723
2023Q2,M44,LA23,0.00559440730406933,0.004035195505901904
2019Q1,M45,LA23,0.056008136672033935,0.061259994127630085
2019Q3,M45,LA23,0.11543992376986585,0.1262646728214969
2019Q4,M45,LA23,0.1026029533731364,0.11222398555983924
2020Q1,M45,LA23,0.07113434938216721,0.07780458491132483
2020Q2,M45,LA23,0.01286724595849606,0.014073801749056038
2020Q3,M45,LA23,0.021777647864099487,0.023819727981318012
2020Q4,M45,LA23,0.028782341974573737,0.03148124906683844
2021Q2,M45,LA23,0.029820502886242675,0.032616757854155944
2021Q3,M45,LA23,0.019703573571547797,0.02155116868740692
2021Q4,M45,LA23,0.01281099158499525,0.014012272428584391
2022Q1,M45,LA23,0.023991994519246627,0.026241712913349945
2022Q2,M45,LA23,0.03066345913874839,0.033538757730365604
2022Q3,M45,LA23,0.019673760736707763,0.021518560316628174
2022Q4,M45,LA23,0.009480084856049963,0.01036902809339552
2023Q1,M45,LA23,0.04001080747072123,0.04376260265630276
2023Q2,M45,LA23,0.08687109721997792,0.09501696042342862
2023Q3,M45,LA23,0.058974678998233665,0.0645047077760508
2019Q1,M46,LA23,0.08406792240620721,0.00606486775534964
2019Q2,M46,LA23,0.08241727187089541,0.005945785744989125
2019Q3,M46,LA23,0.2875699822095641,0.02074600944795658
2019Q4,M46,LA23,0.08479753600044337,0.006117503883790718
2020Q1,M46,LA23,0.060314389718031935,0.00435122918367107
2020Q3,M46,LA23,0.3046768152315659,0.021980138673726862
2020Q4,M46,LA23,0.10981987474672716,0.007922677261247318
2021Q2,M46,LA23,0.5724460065327177,0.04129767011397687
2021Q3,M46,LA23,1.0354650071771432,0.07470100549740546
2021Q4,M46,LA23,0.19927270627632854,0.01437602567334684
2022Q1,M46,LA23,0.11157575801197683,0.008049351020902222
2022Q2,M46,LA23,0.3838449012885689,0.027691520121455038
2022Q3,M46,LA23,0.3977145750943854,0.02869211267845515
2022Q4,M46,LA23,0.15548185959149965,0.011216845733642887
2023Q1,M46,LA23,0.5622384317287406,0.0405612704324214
2023Q2,M46,LA23,0.4339146341930264,0.03130367443572404
2023Q3,M46,LA23,0.3348926397544044,0.024159982954454987
2019Q1,M5,LA23,0.07457293367232748,0.048085995425894416
2019Q2,M5,LA23,0.11117003581763636,0.07168447814206175
2019Q3,M5,LA23,0.13449350381546485,0.08672387809898949
2019Q4,M5,LA23,0.088254714774055,0.0569082588273394
2020Q1,M5,LA23,0.09676906390147433,0.0623984673122911
2020Q2,M5,LA23,0.005453695483701912,0.003516642877908203
2020Q3,M5,LA23,0.26616742979810004,0.1716296406955348
2020Q4,M5,LA23,0.16846187046753988,0.10862730395365593
2021Q1,M5,LA23,0.011045533013456722,0.007122362280870538
2021Q2,M5,LA23,0.1803423106846572,0.1162880297130598
2021Q3,M5,LA23,0.3111519518531887,0.20063648560902292
2021Q4,M5,LA23,0.2890486638433047,0.18638388008849052
2022Q1,M5,LA23,0.2290975948068829,0.14772633116960432
2022Q2,M5,LA23,0.2820703600802349,0.18188414182814644
2022Q3,M5,LA23,0.2948230462196294,0.19010730775670295
2022Q4,M5,LA23,0.14061548387260447,0.0906714431273219
2023Q1,M5,LA23,0.11352405701474225,0.07320239418669361
2023Q2,M5,LA23,0.15978381404528513,0.10303153400232512
2023Q3,M5,LA23,0.13917194434266536,0.08974062236145591
2019Q1,M50,LA23,0.04428569224763612,0.005778478051015697
2019Q2,M50,LA23,0.07734937977312002,0.010092688419079857
2019Q3,M50,LA23,0.15474863019728652,0.02019188405184061
2019Q4,M50,LA23,0.053758345354746134,0.0070144871385160205
2020Q1,M50,LA23,0.06714972339742104,0.008761818616586821
2020Q3,M50,LA23,0.2775872472632981,0.03622009127876862
2020Q4,M50,LA23,0.22250012611733533,0.029032223046843657
2021Q2,M50,LA23,0.4363720754852813,0.05693862582451694
2021Q3,M50,LA23,0.4650338468783943,0.0606784661316801
2021Q4,M50,LA23,0.4335798731450224,0.056574294160760624
2022Q1,M50,LA23,0.3474310940539201,0.045333444038872635
2022Q2,M50,LA23,0.3046398589826441,0.03974996549116132
2022Q3,M50,LA23,0.33100702630927303,0.043190401666628735
2022Q4,M50,LA23,0.2687368690575795,0.03506527775753111
2023Q1,M50,LA23,0.033187255916410224,0.00433033379751795
2023Q2,M50,LA23,0.1366383803289229,0.017828825554807966
2023Q3,M50,LA23,0.16775766658193828,0.02188932689169116
2019Q1,M6,LA23,0.0278640477313116,0.07386359939904755
2019Q2,M6,LA23,0.05001647203987216,0.13258650321486795
2019Q3,M6,LA23,0.052776166310931294,0.1399020574396871
2019Q4,M6,LA23,0.04599508635162928,0.12192638576281342
2020Q1,M6,LA23,0.03685389228603405,0.09769438964362308
2020Q2,M6,LA23,0.00290016101840005,0.007687911452115202
2020Q3,M6,LA23,0.09969462378187698,0.26427616777975904
2020Q4,M6,LA23,0.03360561921009765,0.08908368298918168
2021Q1,M6,LA23,0.0008440551384878014,0.0022374692729912253
2021Q2,M6,LA23,0.05571464884001367,0.1476915537275986
2021Q3,M6,LA23,0.10116142392527508,0.2681644448612211
2021Q4,M6,LA23,0.05775886277782094,0.1531104720715573
2022Q1,M6,LA23,0.06454755248906628,0.17110631611084176
2022Q2,M6,LA23,0.07873673960274226,0.2087198187458143
2022Q3,M6,LA23,0.07922654578696522,0.21001822478227708
2022Q4,M6,LA23,0.04900069289337301,0.1298938181937105
2023Q1,M6,LA23,0.0341744958992801,0.09059169360854373
2023Q2,M6,LA23,0.08935237083877545,0.2368603366112516
2023Q3,M6,LA23,0.07460671720485686,0.1977717209371927
2019Q1,M60,LA23,0.018885742040858,0.0023842430926826947
2019Q2,M60,LA23,0.03418859949269345,0.004316162532168429
2019Q3,M60,LA23,0.03637521288158221,0.004592212996987162
2019Q4,M60,LA23,0.013331010962064885,0.0016829823650040961
2019Q1,M7,LA23,0.04570945181845847,0.045571318850096736
2019Q2,M7,LA23,0.08113527777491539,0.08089008873168611
2019Q3,M7,LA23,0.11871267256427095,0.11835392545199792
2019Q4,M7,LA23,0.06925385750390674,0.06904457385409381
2020Q1,M7,LA23,0.045117095939156984,0.04498075305736771
2020Q2,M7,LA23,0.002865688365646159,0.002857028317787381
2020Q3,M7,LA23,0.10003982831812208,0.09973751013467803
2020Q4,M7,LA23,0.0548061902758753,0.05464056716191909
2021Q1,M7,LA23,0.005425045777060017,0.005408651406817735
2021Q2,M7,LA23,0.0597293870464752,0.05954888613904965
2021Q3,M7,LA23,0.14670801479921106,0.14626466637212512
2021Q4,M7,LA23,0.08895027066294263,0.08868146488132768
2022Q1,M7,LA23,0.07725689872629105,0.0770234300601196
2022Q2,M7,LA23,0.13798896848422834,0.13757196882530434
2022Q3,M7,LA23,0.14161656807268805,0.14118860588677573
2022Q4,M7,LA23,0.08167404024153277,0.0814272230698575
2023Q1,M7,LA23,0.051820913902764866,0.05166431222902273
2023Q2,M7,LA23,0.11418058441965942,0.11383553317910187
2023Q3,M7,LA23,0.09809153734145287,0.0977951068509286
2019Q1,M8,LA23,0.020129594697401783,0.02992269908788805
2019Q2,M8,LA23,0.03226688595159841,0.04796481664668116
2019Q3,M8,LA23,0.047306967341327874,0.07032193989965498
2019Q4,M8,LA23,0.038542467246116714,0.05729348587724883
2020Q1,M8,LA23,0.02090256957732617,0.03107172841918698
2020Q3,M8,LA23,0.05295033573065757,0.07871082286995185
2020Q4,M8,LA23,0.022850230860790327,0.03396693239056898
2021Q2,M8,LA23,0.031523094618613016,0.04685916873992159
2021Q3,M8,LA23,0.039218163636244426,0.05829791046008325
2021Q4,M8,LA23,0.039274585160326496,0.058381781214192664
2022Q1,M8,LA23,0.03875015682183262,0.05760221701522054
2022Q2,M8,LA23,0.023783958445103733,0.035354921068705504
2022Q3,M8,LA23,0.06884145798837325,0.10233302076486736
2022Q4,M8,LA23,0.02774591677754277,0.0412443832641677
2023Q1,M8,LA23,0.030841221044383218,0.04584556175555966
2023Q2,M8,LA23,0.058304106055862566,0.0866692175040699
2023Q3,M8,LA23,0.03739497018047512,0.05558772826436157
2019Q1,M9,LA23,0.02521941494630382,0.035981999560421814
2019Q2,M9,LA23,0.0279423374313233,0.0398669507326691
2019Q3,M9,LA23,0.0447155338579241,0.06379824127742748
2019Q4,M9,LA23,0.02732505315398349,0.038986235512146056
2020Q1,M9,LA23,0.03044193081280149,0.04343326534167486
2020Q2,M9,LA23,0.0016449427503858493,0.002346935067578853
2020Q3,M9,LA23,0.029319660259811812,0.04183205696192744
2020Q4,M9,LA23,0.008465019313307242,0.012077533196503598
2021Q2,M9,LA23,0.017610769247869355,0.025126304186069016
2021Q3,M9,LA23,0.02646660182337548,0.03776143329265173
2021Q4,M9,LA23,0.0309833024518148,0.04420567160559799
2022Q1,M9,LA23,0.034928732605050805,0.04983484525382409
2022Q2,M9,LA23,0.02355045177497888,0.03360079316745687
2022Q3,M9,LA23,0.030768182859227368,0.043898748026982085
2022Q4,M9,LA23,0.01723728717546197,0.02459343568797733
2023Q1,M9,LA23,0.03828703069710472,0.054626323594195336
2023Q2,M9,LA23,0.01639069402734287,0.023385552224053356
2023Q3,M9,LA23,0.029569138176020974,0.04218800155027281
2019Q2,ME1,LA23,0.0065857168664689705,0.009090866721717793
2019Q3,ME1,LA23,0.010502765955355157,0.014497927476302415
2020Q3,ME1,LA23,0.02080618059448892,0.028720672116276887
2021Q3,ME1,LA23,0.008170889812902052,0.011279025775482622
2021Q4,ME1,LA23,0.0075274763687445045,0.010390863410413656
2022Q2,ME1,LA23,0.016473720236829244,0.022740181231656286
2022Q3,ME1,LA23,0.007879981454968885,0.0108774583889967
2023Q3,ME1,LA23,0.011286971921321193,0.015580438623307671
2019Q1,ME10,LA23,0.0012406109453703936,0.005657660783673606
2019Q2,ME10,LA23,0.0048387631938159575,0.022066612313308642
2019Q3,ME10,LA23,0.005242084623071899,0.02390591241140286
2019Q4,ME10,LA23,0.002338912320828395,0.01066633545623853
2020Q1,ME10,LA23,0.001112728927666143,0.005074469833116273
2020Q3,ME10,LA23,0.011348379623411464,0.05175295493983146
2020Q4,ME10,LA23,0.0013108620265069586,0.005978032603896708
2021Q2,ME10,LA23,0.003842231552010768,0.017522046580940528
2021Q3,ME10,LA23,0.012421456564184679,0.05664659653499288
2021Q4,ME10,LA23,0.007986411160949065,0.03642109187913427
2022Q1,ME10,LA23,0.0018523074500896328,0.008447230986302297
2022Q2,ME10,LA23,0.007034256133023643,0.03207890049224224
2022Q3,ME10,LA23,0.00718079884188062,0.03274719133727092
2023Q1,ME10,LA23,0.0011440414722937026,0.005217267022224968
2023Q2,ME10,LA23,0.004570458286103457,0.020843039234176262
2023Q3,ME10,LA23,0.004974350475666535,0.022684942217742844
2019Q2,ME12,LA23,0.0027241344261976505,0.004445945293915319
2019Q3,ME12,LA23,0.0037801014487350492,0.006169344686115243
2020Q3,ME12,LA23,0.010961837897407655,0.017890354875279613
2021Q2,ME12,LA23,0.003367567260370045,0.0054960649772645255
2021Q3,ME12,LA23,0.008639516732428928,0.014100192115650806
2021Q4,ME12,LA23,0.005572401240260286,0.009094481840429405
2022Q1,ME12,LA23,0.00345634716946406,0.005640958935225956
2022Q2,ME12,LA23,0.008333039980376834,0.013600004290712096
2022Q3,ME12,LA23,0.003167369451390077,0.005169330548108986
2022Q4,ME12,LA23,0.005281651468112571,0.008619961358343144
2023Q2,ME12,LA23,0.0036724934651076228,0.005993722219105106
2023Q3,ME12,LA23,0.008104755114328201,0.01322743015629331
2019Q1,ME13,LA23,0.0034086273688959897,0.0058113033289171395
2019Q2,ME13,LA23,0.010199885359227523,0.017389588631347045
2019Q3,ME13,LA23,0.012986456787259236,0.02214036073502553
2020Q3,ME13,LA23,0.009208489004606293,0.015699376028919725
2021Q2,ME13,LA23,0.00900878478961244,0.01535890414866006
2021Q3,ME13,LA23,0.014244181973938532,0.024284632247631388
2021Q4,ME13,LA23,0.005530606579223576,0.009429024926002026
2022Q1,ME13,LA23,0.005904951260844042,0.0100672379833501
2022Q2,ME13,LA23,0.007750847557684686,0.01321427112418304
2022Q3,ME13,LA23,0.012801086831060862,0.021824327057256367
2022Q4,ME13,LA23,0.003499934052880227,0.005966970340639174
2023Q1,ME13,LA23,0.005394558347815572,0.00919707890946497
2023Q2,ME13,LA23,0.007276375109744305,0.012405352161272622
2023Q3,ME13,LA23,0.006526286247863577,0.011126540068226805
2019Q1,ME14,LA23,0.002083748602339777,0.0038445341450514593
2019Q2,ME14,LA23,0.013030237696217771,0.02404090094409447
2019Q3,ME14,LA23,0.006812262582283021,0.012568683224663276
2019Q4,ME14,LA23,0.003192379824204112,0.005889968312081827
2020Q3,ME14,LA23,0.009612447946663228,0.01773504937542874
2020Q4,ME14,LA23,0.0022205542437511725,0.004096941733496245
2021Q2,ME14,LA23,0.00509033766575001,0.009391716900898186
2021Q3,ME14,LA23,0.009341109573379785,0.017234427736244638
2021Q4,ME14,LA23,0.0026830913350083213,0.004950326656559499
2022Q1,ME14,LA23,0.0035310433455668397,0.0065148054301969365
2022Q2,ME14,LA23,0.004739565022875932,0.008744538349145311
2022Q3,ME14,LA23,0.006139677299113789,0.011327757575715159
2023Q1,ME14,LA23,0.0017399906285612704,0.003210297718286157
2023Q2,ME14,LA23,0.007004009933593809,0.012922458741781677
2023Q3,ME14,LA23,0.00888660604170136,0.01639586479989899
2019Q1,ME15,LA23,0.0015938078697431825,0.0052926060961749725
2019Q2,ME15,LA23,0.015487485756565784,0.0514297633270133
2019Q3,ME15,LA23,0.007763806729213456,0.02578150830136167
2019Q4,ME15,LA23,0.002947132577762981,0.009786632468954738
2020Q1,ME15,LA23,0.001451390453642444,0.0048196762663218215
2020Q3,ME15,LA23,0.008287208696136809,0.02751958507553074
2020Q4,ME15,LA23,0.0024998273650472533,0.008301252492727383
2021Q2,ME15,LA23,0.004854581003832586,0.01612075426594528
2021Q3,ME15,LA23,0.018968645541896843,0.06298975612876245
2021Q4,ME15,LA23,0.005003878698711468,0.01661653164605582
2022Q1,ME15,LA23,0.006524442081715179,0.021665912555313502
2022Q2,ME15,LA23,0.005642547108202825,0.01873737718941043
2022Q3,ME15,LA23,0.0063065375563618395,0.020942310393997143
2022Q4,ME15,LA23,0.0034846870168565645,0.011571705786374772
2023Q2,ME15,LA23,0.006027472578198996,0.020015610863462385
2023Q3,ME15,LA23,0.006087283102893803,0.020214225485478382
2019Q1,ME16,LA23,0.002222727198739732,0.006684282195397332
2019Q2,ME16,LA23,0.009993893499708398,0.03005407250186805
2019Q3,ME16,LA23,0.010172050197375885,0.03058983309492903
2019Q4,ME16,LA23,0.002826849107281017,0.008501023952731092
2020Q3,ME16,LA23,0.0086572133696785,0.02603434970405185
2020Q4,ME16,LA23,0.002533118962152315,0.007617705846735686
2021Q2,ME16,LA23,0.010959473949779102,0.03295780815340947
2021Q3,ME16,LA23,0.014009752232690879,0.04213073806988087
2021Q4,ME16,LA23,0.00348845720531258,0.010490640686854165
2022Q1,ME16,LA23,0.00344460324896366,0.010358761156254536
2022Q2,ME16,LA23,0.004082000308594257,0.012275569399525732
2022Q3,ME16,LA23,0.008389954280438044,0.025230636512086155
2022Q4,ME16,LA23,0.002609262317282265,0.007846687465929224
2023Q1,ME16,LA23,0.002079504601168178,0.006253576952095815
2023Q2,ME16,LA23,0.003824622785175844,0.01150157248336949
2023Q3,ME16,LA23,0.00536629130984987,0.016137745323889858
2019Q2,ME17,LA23,0.007649553231717305,0.003604345657851922
2020Q3,ME17,LA23,0.005657640321225593,0.002665788537943078
2021Q2,ME17,LA23,0.005237805661098846,0.0024679692420436408
2021Q3,ME17,LA23,0.06649714533452003,0.031332378478294245
2021Q4,ME17,LA23,0.012697082950361043,0.0059826599558475725
2022Q2,ME17,LA23,0.010971556359306479,0.005169619757605915
2022Q3,ME17,LA23,0.011514916933688358,0.005425642464762314
2021Q4,ME18,LA23,0.01355849049148236,0.0032511485597273783
2022Q3,ME18,LA23,0.015707779292427216,0.003766519883254861
2019Q1,ME19,LA23,0.0034556174447530306,0.006407870218707438
2019Q2,ME19,LA23,0.010427249412113477,0.01933560703380807
2019Q3,ME19,LA23,0.009081123707888376,0.016839439865813852
2019Q4,ME19,LA23,0.004138038139786853,0.007673306372520288
2020Q1,ME19,LA23,0.004307415096661892,0.007987387886185183
2020Q3,ME19,LA23,0.013008142489800523,0.0241214457889892
2020Q4,ME19,LA23,0.0020405166399957166,0.003783800150696369
2021Q2,ME19,LA23,0.006772387895161676,0.012558271682773832
2021Q3,ME19,LA23,0.017824897178464864,0.03305331958977027
2021Q4,ME19,LA23,0.0056382563241155785,0.01045521252348036
2022Q1,ME19,LA23,0.0026963844557404268,0.004999998387657054
2022Q2,ME19,LA23,0.007412152422879363,0.0137446090391766
2022Q3,ME19,LA23,0.01002529106763263,0.0185902418578478
2023Q1,ME19,LA23,0.0007441044762898793,0.0013798185098482696
2023Q2,ME19,LA23,0.0028333598815005584,0.00525399662833495
2023Q3,ME19,LA23,0.0044351496525372675,0.008224250464170036
2019Q2,ME2,LA23,0.0051117958264095716,0.00418030637098603
2019Q3,ME2,LA23,0.004399802955972223,0.0035980553512937165
2020Q3,ME2,LA23,0.0043732789449041475,0.0035763646390240406
2021Q3,ME2,LA23,0.010772373441817612,0.008809393578831641
2019Q1,ME20,LA23,0.002404391669252416,0.0054220273460507005
2019Q2,ME20,LA23,0.004189914834285524,0.009448474264670504
2019Q3,ME20,LA23,0.007916111132848125,0.017851239290819963
2020Q3,ME20,LA23,0.0021940623050581013,0.004947723771087138
2020Q4,ME20,LA23,0.001601837657796945,0.0036122266166432383
2021Q2,ME20,LA23,0.00286387796776899,0.006458192671173085
2021Q3,ME20,LA23,0.006164477927868888,0.013901215981763651
2021Q4,ME20,LA23,0.0023244280359748823,0.005241705224715469
2022Q2,ME20,LA23,0.0031053078629493538,0.00700262954914193
2022Q3,ME20,LA23,0.0021502971248560827,0.004849031030260116
2023Q2,ME20,LA23,0.0013752205928388025,0.003101193435569691
2020Q3,ME3,LA23,0.014391458470717187,0.007169358824121502
2021Q2,ME3,LA23,0.012191622491364431,0.006073471737883279
2021Q3,ME3,LA23,0.037801272041325,0.01883137027591236
2022Q2,ME3,LA23,0.008862042943806766,0.004414782970621219
2022Q3,ME3,LA23,0.0074848414126278875,0.003728705741531393
2019Q2,ME4,LA23,0.002525975225576528,0.005133034756244396
2019Q3,ME4,LA23,0.0061520166824454905,0.012501514319001514
2020Q3,ME4,LA23,0.00918821086645185,0.018671365121736384
2020Q4,ME4,LA23,0.002830327594503221,0.005751509265427068
2021Q2,ME4,LA23,0.008077399438126931,0.016414084998205517
2021Q3,ME4,LA23,0.02100938638721095,0.042693178239033534
2021Q4,ME4,LA23,0.006135720986283646,0.012468399831603144
2022Q1,ME4,LA23,0.0030061289803889808,0.006108755296508618
2022Q2,ME4,LA23,0.005764869368172479,0.011714792184980395
2022Q3,ME4,LA23,0.008023886933700262,0.016305342227360218
2022Q4,ME4,LA23,0.0021687152143077745,0.004407046616578368
2023Q2,ME4,LA23,0.006060326706443143,0.012315191100605005
2023Q3,ME4,LA23,0.004122668808456381,0.008377676102290874
2019Q1,ME5,LA23,0.003439057606810293,0.011112441105251515
2019Q2,ME5,LA23,0.01327288635808617,0.042887960835215226
2019Q3,ME5,LA23,0.015150591135976603,0.04895528687128877
2019Q4,ME5,LA23,0.0075549669680703676,0.024411956728654385
2020Q3,ME5,LA23,0.007953752116928312,0.02570052964222155
2020Q4,ME5,LA23,0.0032387699922088197,0.010465262553498642
2021Q2,ME5,LA23,0.0070423998372831954,0.022755726242116216
2021Q3,ME5,LA23,0.027929795710915382,0.09024804042381784
2021Q4,ME5,LA23,0.0061792454709272745,0.01996666215610715
2022Q1,ME5,LA23,0.0027145897151834445,0.00877150713473394
2022Q2,ME5,LA23,0.006339368157787753,0.02048405794611314
2022Q3,ME5,LA23,0.01276325048386394,0.04124120195970148
2022Q4,ME5,LA23,0.003594727468812578,0.011615448722785285
2023Q1,ME5,LA23,0.002248497545353403,0.007265448679476163
2023Q2,ME5,LA23,0.007357610610033835,0.02377424978792593
2023Q3,ME5,LA23,0.008142158073239831,0.0263093156332571
2019Q1,ME7,LA23,0.001334170970172191,0.005798361203929565
2019Q2,ME7,LA23,0.004194613167294695,0.01822995912704849
2019Q3,ME7,LA23,0.006954388641132847,0.030224055383688067
2019Q4,ME7,LA23,0.003269114822718293,0.014207705746134162
2020Q1,ME7,LA23,0.0009139360618656727,0.0039720032308229155
2020Q3,ME7,LA23,0.011852288052043924,0.05151052507903073
2020Q4,ME7,LA23,0.0038095808348383993,0.016556592977817287
2021Q2,ME7,LA23,0.006169085053971292,0.02681109411042892
2021Q3,ME7,LA23,0.02031157017439573,0.08827490863101972
2021Q4,ME7,LA23,0.005465299719014881,0.02375241447090779
2022Q1,ME7,LA23,0.0024360149215597216,0.010587019751705751
2022Q2,ME7,LA23,0.009611101753254496,0.04177023843195887
2022Q3,ME7,LA23,0.010183210156332598,0.044256644779431725
2022Q4,ME7,LA23,0.0019834388944191626,0.008620105963091608
2023Q1,ME7,LA23,0.0032691980046082986,0.014208067258005325
2023Q2,ME7,LA23,0.004231279744409009,0.01838931355985637
2023Q3,ME7,LA23,0.010690436685206606,0.04646107186739881
2019Q1,ME8,LA23,0.0015616417269223373,0.004699365115599357
2019Q2,ME8,LA23,0.0062385179511609615,0.018773239167029623
2019Q3,ME8,LA23,0.011577354776335605,0.034839115930932626
2019Q4,ME8,LA23,0.004894294157448673,0.014728138235857903
2020Q1,ME8,LA23,0.002427853609792115,0.0073060103114204545
2020Q3,ME8,LA23,0.003600838856704979,0.010835812221438926
2021Q3,ME8,LA23,0.00342527549744254,0.01030749877292387
2021Q4,ME8,LA23,0.005671198662957224,0.017066035506657726
2022Q3,ME8,LA23,0.0025025287049868137,0.007530726090534289
2023Q3,ME8,LA23,0.002234991000677622,0.006725639153458179
2021Q4,ME9,LA23,0.021078558126164385,0.004684543128881746
2019Q2,MK1,LA23,0.017602795105999332,0.00762103175595037
2019Q3,MK1,LA23,0.02868134187078073,0.012417426657769407
2019Q4,MK1,LA23,0.010565351097016723,0.004574209705803332
2019Q1,MK10,LA23,0.007553232540181691,0.007345342803002798
2019Q2,MK10,LA23,0.017377445944406315,0.01689916162692969
2019Q3,MK10,LA23,0.029606988303075763,0.02879210686201835
2019Q4,MK10,LA23,0.014023576349481558,0.013637601525312869
2020Q1,MK10,LA23,0.008387870981162079,0.008157009256134044
2021Q3,MK10,LA23,0.011968652790755657,0.011639236203907695
2021Q4,MK10,LA23,0.018904345076992655,0.018384035486537418
2022Q1,MK10,LA23,0.00359862549619925,0.0034995795175893915
2022Q2,MK10,LA23,0.012601583224397741,0.012254746315746844
2022Q3,MK10,LA23,0.01289890365246478,0.012543883510301614
2023Q1,MK10,LA23,0.006323282092191439,0.006149244626078678
2023Q2,MK10,LA23,0.01220924516515549,0.011873206686923257
2023Q3,MK10,LA23,0.019931546635925942,0.0193829650889302
2020Q3,MK11,LA23,0.06465228699683931,0.006599977627042527
2019Q2,MK12,LA23,0.009390268374441063,0.005747388030095829
2019Q3,MK12,LA23,0.007458134805453907,0.004564810397153139
2019Q4,MK12,LA23,0.006620239023794216,0.0040519696567237855
2023Q2,MK12,LA23,0.0026693826276842,0.001633816750526166
2019Q1,MK13,LA23,0.008648305144258184,0.018921097522334576
2019Q2,MK13,LA23,0.013367605425581585,0.02924616577219688
2019Q3,MK13,LA23,0.01022846636489261,0.02237823554624964
2019Q4,MK13,LA23,0.008700090413164054,0.019034395342756517
2020Q1,MK13,LA23,0.015931752850218733,0.034856106988877214
2020Q3,MK13,LA23,0.007878102542394629,0.017236018388477745
2020Q4,MK13,LA23,0.0020474513944244645,0.004479493595559082
2021Q2,MK13,LA23,0.00328963690025332,0.007197195238200917
2021Q3,MK13,LA23,0.0065729947953425604,0.014380653025297709
2021Q4,MK13,LA23,0.0023182087065787642,0.005071866947643912
2022Q1,MK13,LA23,0.0028035097109710373,0.006133627313244511
2022Q2,MK13,LA23,0.001554979105186899,0.003402043614750085
2022Q3,MK13,LA23,0.0055905287715374615,0.01223117574174713
2022Q4,MK13,LA23,0.0028399279409227077,0.006213304529648451
2023Q1,MK13,LA23,0.002770065746623405,0.006060457310521474
2023Q2,MK13,LA23,0.004448708206147103,0.009733056409648642
2023Q3,MK13,LA23,0.006793156544832606,0.01486233144243296
2019Q1,MK14,LA23,0.008293899469833551,0.01289332088496608
2019Q2,MK14,LA23,0.012994155667909587,0.020200126522503088
2019Q3,MK14,LA23,0.013995655947084832,0.02175701354684614
2019Q4,MK14,LA23,0.005327536849412892,0.008281947758807372
2020Q1,MK14,LA23,0.006359268642147043,0.009885831326401386
2020Q3,MK14,LA23,0.02855659468770034,0.044392790150111064
2020Q4,MK14,LA23,0.0037192668380999845,0.00578180396023038
2021Q2,MK14,LA23,0.007679734644379174,0.011938568033229213
2021Q3,MK14,LA23,0.026266208710456804,0.040832259731043874
2021Q4,MK14,LA23,0.011104825600540578,0.017263059476440606
2022Q1,MK14,LA23,0.0020076980704573388,0.00312107658848356
2022Q2,MK14,LA23,0.013702224225480012,0.021300857867814868
2022Q3,MK14,LA23,0.014916600870130813,0.023188672859018933
2022Q4,MK14,LA23,0.01184600929296322,0.018415270112205756
2023Q1,MK14,LA23,0.006584888753338199,0.010236570143802031
2023Q2,MK14,LA23,0.009235401822099587,0.014356937846549529
2023Q3,MK14,LA23,0.02243201561081212,0.034871796604085604
2019Q2,MK15,LA23,0.0233302100804026,0.015256379381998725
2019Q3,MK15,LA23,0.03705691988041958,0.02423271914293263
2019Q4,MK15,LA23,0.030520286103722007,0.019958202778321974
2020Q3,MK15,LA23,0.04160746515016826,0.027208467959209368
2020Q4,MK15,LA23,0.013797140038781464,0.00902239637331985
2021Q2,MK15,LA23,0.007316120720637322,0.00478424810294802
2021Q3,MK15,LA23,0.03181954157581222,0.020807827977925155
2021Q4,MK15,LA23,0.032065328735582155,0.02096855615584345
2022Q1,MK15,LA23,0.009894066477360608,0.006470050260547173
2022Q2,MK15,LA23,0.008130325239101479,0.005316682786794313
2022Q3,MK15,LA23,0.02479465044529366,0.016214024328704887
2022Q4,MK15,LA23,0.035545268036796286,0.023244201082429302
2023Q1,MK15,LA23,0.0047284451978052856,0.003092083336416427
2023Q2,MK15,LA23,0.010033379037554096,0.00656115125207981
2023Q3,MK15,LA23,0.01814855679987263,0.011867928613604304
2019Q2,MK16,LA23,0.03948364143072759,0.018802377023845226
2019Q3,MK16,LA23,0.06270737479791053,0.029861675884036033
2019Q4,MK16,LA23,0.016814390469005916,0.008007126434350588
2020Q1,MK16,LA23,0.007816653253111488,0.003722343132598956
2020Q3,MK16,LA23,0.022653764322795863,0.010787875747322944
2020Q4,MK16,LA23,0.014382684498067285,0.0068491316086468634
2021Q2,MK16,LA23,0.023216597366893608,0.011055900648601895
2021Q3,MK16,LA23,0.03905866983902821,0.018600002678369157
2021Q4,MK16,LA23,0.028293633828070982,0.013473619740554124
2022Q2,MK16,LA23,0.032645379366223026,0.015545950390798887
2022Q3,MK16,LA23,0.03026256258875606,0.014411236929597946
2022Q4,MK16,LA23,0.01537246292117848,0.007320470786266905
2023Q1,MK16,LA23,0.0056927062733749395,0.0027109052194640025
2023Q2,MK16,LA23,0.06345377006221713,0.03021711435576178
2023Q3,MK16,LA23,0.03818640767600108,0.018184625538404872
2019Q2,MK17,LA23,0.016370002830214378,0.008631891250091464
2019Q3,MK17,LA23,0.013737331877672909,0.007243685664832255
2019Q4,MK17,LA23,0.014568268647068809,0.007681838052679694
2020Q3,MK17,LA23,0.021280482629819332,0.011221183876096821
2021Q2,MK17,LA23,0.01108848096823561,0.005846948399413639
2021Q3,MK17,LA23,0.08172509939910495,0.043093588787531736
2021Q4,MK17,LA23,0.017761616241534346,0.009365688046174577
2022Q1,MK17,LA23,0.010157036500495284,0.00535579837125396
2022Q2,MK17,LA23,0.03633977183319288,0.019161936730902204
2022Q3,MK17,LA23,0.011783122168525978,0.0062132322272742185
2022Q4,MK17,LA23,0.01090158875426092,0.005748400263335079
2023Q1,MK17,LA23,0.014692772044199416,0.007747488608482576
2023Q2,MK17,LA23,0.014594869593151785,0.0076958647132807515
2023Q3,MK17,LA23,0.027583124313859373,0.014544562507682218
2019Q1,MK18,LA23,0.007922808450007016,0.01609111029251006
2019Q2,MK18,LA23,0.013056135285669585,0.026516823447303658
2019Q3,MK18,LA23,0.022952125422549114,0.04661543743638467
2019Q4,MK18,LA23,0.010123365088330174,0.020560409253302398
2020Q1,MK18,LA23,0.006289532201752121,0.012773949665108636
2020Q3,MK18,LA23,0.023333967246450725,0.047390952702399784
2020Q4,MK18,LA23,0.011126741165774412,0.022598251671038374
2021Q2,MK18,LA23,0.014886170788138932,0.03023359929708673
2021Q3,MK18,LA23,0.02940929636649336,0.059729858981752974
2021Q4,MK18,LA23,0.016213290064031917,0.0329289595060908
2022Q1,MK18,LA23,0.011984870679586488,0.024341100401906776
2022Q2,MK18,LA23,0.017561697929398438,0.03566755653488575
2022Q3,MK18,LA23,0.02384564098642256,0.04843015472723992
2022Q4,MK18,LA23,0.013590094405257526,0.027601286758413186
2023Q1,MK18,LA23,0.010595879215558036,0.021520078666487055
2023Q2,MK18,LA23,0.011092850300926908,0.022529419810769277
2023Q3,MK18,LA23,0.009694140133008363,0.019688659527184148
2019Q2,MK19,LA23,0.023282729701054182,0.005482182921411934
2019Q3,MK19,LA23,0.04970214726589993,0.011702934595606307
2020Q3,MK19,LA23,0.030006879563149905,0.007065460312349756
2021Q2,MK19,LA23,0.015390190478045388,0.0036237949965203975
2021Q3,MK19,LA23,0.047898129527302234,0.011278158146991835
2021Q4,MK19,LA23,0.013953117624149691,0.0032854198851134647
2022Q1,MK19,LA23,0.013436017050226536,0.0031636626869063554
2022Q2,MK19,LA23,0.018347858368798244,0.004320211465125436
2022Q3,MK19,LA23,0.02867697303959814,0.006752318729549879
2022Q4,MK19,LA23,0.015006663983490744,0.003533489331104317
2023Q2,MK19,LA23,0.0377873393862288,0.008897457870646521
2023Q3,MK19,LA23,0.010733828777944026,0.0025274017936625505
2019Q3,MK2,LA23,0.027213246178525916,0.011197540999722876
2019Q1,MK3,LA23,0.0019456944991933355,0.0027276070679116524
2019Q2,MK3,LA23,0.011734665329091194,0.016450453092444344
2019Q3,MK3,LA23,0.015537653522398543,0.02178174095883357
2019Q4,MK3,LA23,0.006702008527440106,0.0093953320196098
2020Q3,MK3,LA23,0.00555857454342112,0.007792388382880803
2021Q3,MK3,LA23,0.006090268767203335,0.008537753558841073
2021Q4,MK3,LA23,0.0037052521806904813,0.005194274867219112
2022Q2,MK3,LA23,0.005599577250561178,0.007849868770395443
2022Q3,MK3,LA23,0.007593134029284041,0.010644572441594623
2023Q2,MK3,LA23,0.004651254261650168,0.0065204450153870525
2023Q3,MK3,LA23,0.0034686742968521827,0.004862623876615779
2019Q1,MK4,LA23,0.003732689301401312,0.0042923027486717865
2019Q2,MK4,LA23,0.020093746952181864,0.02310624815239417
2019Q3,MK4,LA23,0.014555828352317913,0.016738071937140237
2019Q4,MK4,LA23,0.009691499020484691,0.011144471057036405
2020Q3,MK4,LA23,0.01207179108805113,0.013881622038346713
2020Q4,MK4,LA23,0.0046172271360560594,0.005309452549371089
2021Q2,MK4,LA23,0.004995677038443528,0.005744640539875004
2021Q3,MK4,LA23,0.024596225613099668,0.0282837488687914
2021Q4,MK4,LA23,0.015926459590421323,0.01831419139302906
2022Q1,MK4,LA23,0.005086029673388002,0.0058485390516467475
2022Q2,MK4,LA23,0.005168648575487543,0.005943544371387925
2022Q3,MK4,LA23,0.0054894412988603395,0.006312431084720867
2023Q2,MK4,LA23,0.009448546632575536,0.010865094683002988
2023Q3,MK4,LA23,0.008968363561544951,0.01031292145099129
2019Q1,MK40,LA23,0.008149605618817663,0.029535230664377424
2019Q2,MK40,LA23,0.0070618769812075596,0.025593160616486657
2019Q3,MK40,LA23,0.015770469223722033,0.057154231504477515
2019Q4,MK40,LA23,0.005697757298781595,0.02064941347598229
2020Q1,MK40,LA23,0.004391573201323531,0.015915632430248388
2020Q3,MK40,LA23,0.01078433806674654,0.0390838437173596
2020Q4,MK40,LA23,0.00173282062794653,0.006279967318690587
2021Q2,MK40,LA23,0.0021055116275282464,0.007630647971723259
2021Q3,MK40,LA23,0.0033838850481800963,0.01226363950777741
2023Q1,MK40,LA23,0.0021164443756557967,0.007670269672802531
2023Q2,MK40,LA23,0.003732695574205829,0.013527774218854078
2023Q3,MK40,LA23,0.003613672261561725,0.013096418254184472
2019Q1,MK41,LA23,0.006080785349448237,0.012181142498778412
2019Q2,MK41,LA23,0.005683075459164396,0.011384442637113244
2019Q3,MK41,LA23,0.022119657524317268,0.04431051004823475
2019Q4,MK41,LA23,0.008320939814495599,0.016668661657877275
2020Q1,MK41,LA23,0.0026849297602617892,0.005378501316762887
2020Q3,MK41,LA23,0.005176508773427604,0.010369678814763608
2021Q2,MK41,LA23,0.00242462630906594,0.004857056593799896
2021Q3,MK41,LA23,0.009751417723708728,0.019534221655824063
2023Q1,MK41,LA23,0.003923247994742985,0.007859123474297172
2023Q2,MK41,LA23,0.004877585703155277,0.009770870551372109
2023Q3,MK41,LA23,0.007582077924668889,0.015188559754968871
2019Q1,MK42,LA23,0.0028889105064643173,0.011723251562765569
2019Q2,MK42,LA23,0.006541090475414757,0.02654386453526652
2019Q3,MK42,LA23,0.015216445501888715,0.06174861357269164
2019Q4,MK42,LA23,0.006431033857151567,0.02609725276963391
2020Q1,MK42,LA23,0.004115907280515282,0.01670242686664374
2020Q3,MK42,LA23,0.01646318369297637,0.06680789990721914
2020Q4,MK42,LA23,0.006426543931977158,0.026079032571327383
2021Q2,MK42,LA23,0.007484063847857577,0.030370467691508377
2021Q3,MK42,LA23,0.02569726714621337,0.1042799790981934
2021Q4,MK42,LA23,0.00930693783434081,0.037767723599209935
2022Q1,MK42,LA23,0.005836724555097665,0.02368553477474296
2022Q2,MK42,LA23,0.013998998727415064,0.05680819234140196
2022Q3,MK42,LA23,0.009094307806438443,0.036904867065122256
2022Q4,MK42,LA23,0.009811608987377048,0.039815688349338435
2023Q1,MK42,LA23,0.0033628826869787037,0.0136466393220919
2023Q2,MK42,LA23,0.015283170778786182,0.062019385964191424
2023Q3,MK42,LA23,0.015778256297918326,0.06402845203698296
2019Q2,MK43,LA23,0.02248285088659692,0.011807266921623445
2019Q3,MK43,LA23,0.029843222794812538,0.015672696452828025
2019Q4,MK43,LA23,0.010100651779173013,0.0053045359879232935
2020Q1,MK43,LA23,0.02551982002211988,0.013402184994812659
2020Q3,MK43,LA23,0.06793757366570116,0.03567861879814329
2020Q4,MK43,LA23,0.03588535817949436,0.01884583075075881
2021Q2,MK43,LA23,0.06204646757254065,0.03258480020474529
2021Q3,MK43,LA23,0.1894760899640309,0.09950672095612867
2021Q4,MK43,LA23,0.07413101369156977,0.03893121340535531
2022Q1,MK43,LA23,0.0507494214968132,0.026651956584743737
2022Q2,MK43,LA23,0.061524679956436935,0.03231077420640506
2022Q3,MK43,LA23,0.07035886094918826,0.036950200653765884
2022Q4,MK43,LA23,0.026832687227176636,0.0140916604354914
2023Q2,MK43,LA23,0.02342647419023146,0.01230282739461129
2023Q3,MK43,LA23,0.038805441382016775,0.02037936410822484
2019Q2,MK44,LA23,0.04423767409320857,0.009519909010411966
2019Q3,MK44,LA23,0.04506922195131146,0.009698857386636787
2020Q3,MK44,LA23,0.04691744205936156,0.0100965927472884
2021Q2,MK44,LA23,0.04624111646810454,0.009951048067958877
2021Q3,MK44,LA23,0.11671034572146788,0.0251159649465538
2022Q1,MK44,LA23,0.01782536226733284,0.003836002464892053
2022Q2,MK44,LA23,0.03738975148963156,0.008046242018810235
2022Q3,MK44,LA23,0.05783272562059254,0.01244555228134575
2023Q2,MK44,LA23,0.021736157042410675,0.00467760210095545
2023Q3,MK44,LA23,0.028902587674061026,0.006219811743329354
2019Q1,MK45,LA23,0.008944553654900666,0.023641647233583984
2019Q2,MK45,LA23,0.012911218088188743,0.03412606991625417
2019Q3,MK45,LA23,0.01583396875049081,0.04185128939347321
2019Q4,MK45,LA23,0.008634350254581464,0.022821738309790264
2020Q1,MK45,LA23,0.0047541269804652255,0.012565791129693986
2020Q3,MK45,LA23,0.022566859696466626,0.05964721736800551
2020Q4,MK45,LA23,0.02093960487505672,0.05534616603205162
2021Q2,MK45,LA23,0.025387905222755747,0.06710361661782904
2021Q3,MK45,LA23,0.05159864274547637,0.1363820886525642
2021Q4,MK45,LA23,0.020213417073621637,0.05342675490330807
2022Q1,MK45,LA23,0.012903394616187749,0.03410539143722375
2022Q2,MK45,LA23,0.02536700615769015,0.0670483776039156
2022Q3,MK45,LA23,0.04652512115283063,0.12297209500133445
2022Q4,MK45,LA23,0.01308068105688164,0.03457398312462296
2023Q1,MK45,LA23,0.004933711224124447,0.013040456216528709
2023Q2,MK45,LA23,0.008867303707590134,0.023437465328752103
2023Q3,MK45,LA23,0.00841854825942113,0.02225134487947204
2019Q1,MK46,LA23,0.006520619938176423,0.0028459660545298465
2019Q2,MK46,LA23,0.028109136536498446,0.012268411464476738
2019Q3,MK46,LA23,0.02234192799710324,0.009751276607955169
2019Q4,MK46,LA23,0.011973741403673388,0.00522601560950707
2020Q1,MK46,LA23,0.027492724088199208,0.011999374329958536
2020Q3,MK46,LA23,0.02088877830710569,0.009117040181189869
2021Q2,MK46,LA23,0.041926648579669414,0.01829915249918876
2021Q3,MK46,LA23,0.034686742737027716,0.015139249535742482
2021Q4,MK46,LA23,0.01277834104392853,0.005577188241153111
2022Q2,MK46,LA23,0.015941741235469025,0.006957874379492168
2022Q3,MK46,LA23,0.034588176382086014,0.015096229623074288
2022Q4,MK46,LA23,0.008006735518314137,0.0034945906537673663
2023Q2,MK46,LA23,0.019417571923513784,0.00847492279563325
2023Q3,MK46,LA23,0.025603728885846038,0.01117491035658818
2019Q1,MK5,LA23,0.00478854744271904,0.01091498332122324
2019Q2,MK5,LA23,0.015478919419875684,0.03528254639209902
2019Q3,MK5,LA23,0.015012381554388703,0.03421912307189108
2019Q4,MK5,LA23,0.006637126020693644,0.015128621086730338
2020Q3,MK5,LA23,0.024264441526334456,0.05530820728557969
2020Q4,MK5,LA23,0.011455966070262023,0.02611265317534538
2021Q2,MK5,LA23,0.019002948776679667,0.043315195564553585
2021Q3,MK5,LA23,0.035531895593972795,0.08099116745086281
2021Q4,MK5,LA23,0.029177204517139368,0.06650632670429643
2022Q1,MK5,LA23,0.009117757461579156,0.020782955961189262
2022Q2,MK5,LA23,0.02155066803273414,0.049122449960513716
2022Q3,MK5,LA23,0.02927334785887795,0.06672547520059438
2022Q4,MK5,LA23,0.016436324396350642,0.03746484895355103
2023Q1,MK5,LA23,0.004229355436282403,0.009640364765882896
2023Q2,MK5,LA23,0.0201074077064044,0.045832691932946326
2023Q3,MK5,LA23,0.010898391784191162,0.02484172204109088
2019Q1,MK6,LA23,0.0051169228832979065,0.01862603153309276
2019Q2,MK6,LA23,0.013053394159755404,0.04751545739082772
2019Q3,MK6,LA23,0.019160022207412582,0.06974409932479084
2019Q4,MK6,LA23,0.00616601790539363,0.02244482603291754
2020Q1,MK6,LA23,0.005530288210840821,0.020130716243240133
2020Q3,MK6,LA23,0.01359997947921751,0.0495050741249508
2020Q4,MK6,LA23,0.006916296532911697,0.02517590361479234
2021Q2,MK6,LA23,0.007261433043958052,0.02643222966945193
2021Q3,MK6,LA23,0.026475124614448856,0.0963716900094183
2021Q4,MK6,LA23,0.011649985999765751,0.042406933139448065
2022Q1,MK6,LA23,0.007612985248666236,0.02771190939098853
2022Q2,MK6,LA23,0.021973969282885992,0.07998710437989955
2022Q3,MK6,LA23,0.02026965913130787,0.07378327146127553
2022Q4,MK6,LA23,0.010218511662859177,0.037196245633278224
2023Q1,MK6,LA23,0.00791003385149187,0.028793191397631836
2023Q2,MK6,LA23,0.0112949180743822,0.04111445589767235
2023Q3,MK6,LA23,0.014196758166739822,0.05167739895875876
2019Q1,MK7,LA23,0.010793357545030972,0.011663746708772429
2019Q2,MK7,LA23,0.019091756016089232,0.02063133788242423
2019Q3,MK7,LA23,0.02052757853492684,0.02218294683344833
2019Q4,MK7,LA23,0.012284846621914852,0.013275511235157756
2020Q3,MK7,LA23,0.0249230286921979,0.02693285130863603
2021Q2,MK7,LA23,0.013364122160189295,0.014441820833898191
2021Q3,MK7,LA23,0.021304300977666158,0.02302230509591053
2021Q4,MK7,LA23,0.01344942848411837,0.01453400636104431
2022Q1,MK7,LA23,0.007093471735655341,0.007665497716103205
2022Q2,MK7,LA23,0.007134284957299839,0.007709602164384877
2022Q3,MK7,LA23,0.008783339832499775,0.009491638782087156
2022Q4,MK7,LA23,0.0101690490677116,0.010989093254811295
2023Q2,MK7,LA23,0.01859684552345913,0.020096517220228274
2023Q3,MK7,LA23,0.010278910231548104,0.011107813753300652
2020Q3,MK8,LA23,0.06245048649242065,0.01465265455715943
2021Q3,MK8,LA23,0.053547213709017,0.01256369436084125
2022Q2,MK8,LA23,0.04603773515236589,0.010801757803175535
2022Q3,MK8,LA23,0.04778128760316535,0.01121084463658161
2022Q4,MK8,LA23,0.015259627750289544,0.0035803412696068155
2023Q3,MK8,LA23,0.06127671638194077,0.01437725481370879
2019Q1,MK9,LA23,0.0031097686441318717,0.0019412464457616953
2019Q2,MK9,LA23,0.01373121130392647,0.008571591069981769
2019Q3,MK9,LA23,0.0201989602277958,0.012609027949484871
2019Q4,MK9,LA23,0.012454595042776276,0.007774674301193902
2020Q3,MK9,LA23,0.012732805191504524,0.007948344604099768
2020Q4,MK9,LA23,0.020105374132803118,0.012550607631105213
2021Q2,MK9,LA23,0.00907704044366534,0.005666264766207243
2021Q3,MK9,LA23,0.044209584812168606,0.02759745473257888
2021Q4,MK9,LA23,0.01143626713785589,0.007138991826943955
2022Q1,MK9,LA23,0.007700351922522971,0.004806878746082714
2022Q2,MK9,LA23,0.015938244769378915,0.009949312810977304
2022Q3,MK9,LA23,0.018676912116039803,0.011658902449698869
2022Q4,MK9,LA23,0.015354605743799547,0.009584981147220992
2023Q1,MK9,LA23,0.005675162725806305,0.003542671732631813
2023Q2,MK9,LA23,0.021288635947710608,0.013289248686261884
2023Q3,MK9,LA23,0.02459623262432702,0.015353987587212263
2019Q1,ML1,LA23,0.0024319933375386545,0.004602986050747767
2019Q2,ML1,LA23,0.013576767166819822,0.025696480709264544
2019Q3,ML1,LA23,0.023709595226793875,0.044874685474369014
2019Q4,ML1,LA23,0.006988919986429077,0.01322779166816447
2020Q1,ML1,LA23,0.007748853440140911,0.014666102798766631
2020Q3,ML1,LA23,0.014931185334082327,0.028259961387668987
2020Q4,ML1,LA23,0.0055547380303287725,0.010513343632363087
2021Q2,ML1,LA23,0.01464502128131224,0.0277183443022952
2021Q3,ML1,LA23,0.029590532008504807,0.05600541908030128
2021Q4,ML1,LA23,0.01064640295323811,0.02015023788428284
2022Q1,ML1,LA23,0.00912833149508426,0.01727701383466743
2022Q2,ML1,LA23,0.010773421438815541,0.02039064327860507
2022Q3,ML1,LA23,0.014714585390255552,0.02785000692577213
2022Q4,ML1,LA23,0.006392105008932472,0.01209821167553402
2023Q1,ML1,LA23,0.0063716292470469066,0.012059457602945536
2023Q2,ML1,LA23,0.012314948340621886,0.023308260985999075
2023Q3,ML1,LA23,0.020952434566177,0.03965626161415632
2019Q1,ML10,LA23,0.011719089380972287,0.0061893724437775775
2019Q2,ML10,LA23,0.03257494508566158,0.017204277646189786
2019Q3,ML10,LA23,0.02454363699697274,0.012962586559480576
2019Q4,ML10,LA23,0.023109073920209867,0.012204929979900823
2020Q3,ML10,LA23,0.03175382576755646,0.01677060800554475
2020Q4,ML10,LA23,0.02748025428484756,0.014513544789136584
2021Q2,ML10,LA23,0.04187694832450913,0.02211707937052275
2021Q3,ML10,LA23,0.04434222286276142,0.02341910052569712
2021Q4,ML10,LA23,0.030310227366519674,0.016008179469265662
2022Q1,ML10,LA23,0.02809424563891584,0.014837820937568228
2022Q2,ML10,LA23,0.03339661199917727,0.01763823649633176
2022Q3,ML10,LA23,0.0407138556725216,0.021502798399045547
2022Q4,ML10,LA23,0.02137127988486033,0.011287123641396637
2023Q3,ML10,LA23,0.039776783026234566,0.02100788864742579
2019Q1,ML11,LA23,0.01591825501884362,0.02381307616288865
2019Q2,ML11,LA23,0.019358315619963432,0.02895926995124332
2019Q3,ML11,LA23,0.029554623149400886,0.04421254033115005
2019Q4,ML11,LA23,0.01669625119025288,0.024976927480905187
2020Q1,ML11,LA23,0.011028821914262242,0.016498678776057256
2020Q3,ML11,LA23,0.01963859143520865,0.029378551419416137
2020Q4,ML11,LA23,0.011488166861337695,0.017185840540760562
2021Q2,ML11,LA23,0.02080241996273148,0.03111959259092873
2021Q3,ML11,LA23,0.0252950977358164,0.03784045978768758
2021Q4,ML11,LA23,0.023916192923099357,0.035777673050841466
2022Q1,ML11,LA23,0.025469333692698447,0.03810110984679485
2022Q2,ML11,LA23,0.027726958042744915,0.041478426049557496
2022Q3,ML11,LA23,0.02728211262051401,0.04081295499712387
2022Q4,ML11,LA23,0.014671827531456318,0.02194847023381314
2023Q1,ML11,LA23,0.003855471987916268,0.005767632694880859
2023Q2,ML11,LA23,0.011632920451035823,0.017402386151586156
2023Q3,ML11,LA23,0.02251302557214243,0.033678590522130784
2019Q2,ML12,LA23,0.035886951940748715,0.006979203579890681
2020Q4,ML12,LA23,0.014211572029743297,0.002763830557402009
2021Q3,ML12,LA23,0.03743317514149435,0.007279909154322612
2021Q4,ML12,LA23,0.07235759477478204,0.014071921887325995
2022Q2,ML12,LA23,0.05052309403426973,0.00982560344866592
2022Q3,ML12,LA23,0.021358253584908768,0.0041536990972685615
2023Q2,ML12,LA23,0.021564961952212098,0.004193899217341693
2023Q3,ML12,LA23,0.017375399737929228,0.003379123762118462
2019Q1,ML2,LA23,0.005717364302033835,0.012377660351941669
2019Q2,ML2,LA23,0.011804068073649908,0.0255549126605178
2019Q3,ML2,LA23,0.01544696622566107,0.03344151103702322
2019Q4,ML2,LA23,0.009030365060019013,0.019550055875780924
2020Q1,ML2,LA23,0.0056563142477435435,0.012245491611845115
2020Q3,ML2,LA23,0.01236831351524426,0.026776461273171667
2020Q4,ML2,LA23,0.007636566938711014,0.01653258858957218
2021Q2,ML2,LA23,0.004388657294408429,0.009501110393111582
2021Q3,ML2,LA23,0.011499953306490505,0.024896527240758925
2021Q4,ML2,LA23,0.00853087676025665,0.018468701566763387
2022Q1,ML2,LA23,0.0034620523949094504,0.007495081020037791
2022Q2,ML2,LA23,0.013876597186939085,0.030041781098248576
2022Q3,ML2,LA23,0.011215576275701754,0.024280872524171312
2022Q4,ML2,LA23,0.003944274349995619,0.008539055001577256
2023Q1,ML2,LA23,0.00504578030765557,0.010923731908505343
2023Q2,ML2,LA23,0.010286600176063492,0.02226970968252703
2023Q3,ML2,LA23,0.01583337165680914,0.03427804950689036
2019Q2,ML3,LA23,0.013318053060109894,0.04187392003660791
2019Q3,ML3,LA23,0.02516786636923663,0.07913147808323509
2019Q4,ML3,LA23,0.01952946515035644,0.061403514340481115
2020Q1,ML3,LA23,0.005433600078323624,0.017084038797841556
2020Q3,ML3,LA23,0.02018330647412075,0.0634592877470267
2020Q4,ML3,LA23,0.009861568147026828,0.031006222468132564
2021Q2,ML3,LA23,0.014996268020437548,0.047150475005703324
2021Q3,ML3,LA23,0.03529098944245821,0.11096006775588528
2021Q4,ML3,LA23,0.021860233666216745,0.0687317937831651
2022Q1,ML3,LA23,0.009678406111934408,0.030430334057372686
2022Q2,ML3,LA23,0.01014669383103322,0.03190269960623823
2022Q3,ML3,LA23,0.02024295773828017,0.06364684010578515
2022Q4,ML3,LA23,0.011580876711461215,0.036411981779981006
2023Q1,ML3,LA23,0.004736158601573088,0.014891180089751632
2023Q2,ML3,LA23,0.011345767025738064,0.03567276230583048
2023Q3,ML3,LA23,0.01816328103173237,0.05710803028734311
2019Q1,ML4,LA23,0.00463057479742794,0.007863678523873801
2019Q2,ML4,LA23,0.00789945124943668,0.013414910212677536
2019Q3,ML4,LA23,0.026339707081376413,0.0447302976330272
2019Q4,ML4,LA23,0.011754296945356386,0.01996123947803973
2020Q1,ML4,LA23,0.0035197324270958147,0.005977237277780154
2020Q3,ML4,LA23,0.02011194778812082,0.03415426784220475
2020Q4,ML4,LA23,0.014657533357642144,0.0248915383769369
2021Q2,ML4,LA23,0.009946873684257179,0.016891859087132234
2021Q3,ML4,LA23,0.035856821734315036,0.0608923365546591
2021Q4,ML4,LA23,0.02189565638898182,0.03718337581066489
2022Q1,ML4,LA23,0.010729798077650971,0.01822142744688909
2022Q2,ML4,LA23,0.017414394542102144,0.029573261713223588
2022Q3,ML4,LA23,0.023491733916827084,0.039893847215883495
2022Q4,ML4,LA23,0.006673569360318864,0.011333107951408345
2023Q1,ML4,LA23,0.0058531783582902045,0.009939913502327109
2023Q2,ML4,LA23,0.014462238660132909,0.02455988738633356
2023Q3,ML4,LA23,0.011481344186313068,0.019497708956836772
2019Q1,ML5,LA23,0.0034344251124201553,0.008324027740610545
2019Q2,ML5,LA23,0.014188720820699663,0.034389250558459566
2019Q3,ML5,LA23,0.01612895264364288,0.03909179697852514
2019Q4,ML5,LA23,0.006622771314824034,0.016051633196179253
2020Q1,ML5,LA23,0.0013836382597132895,0.003353528721640245
2020Q3,ML5,LA23,0.016991317673434432,0.041181914012831035
2020Q4,ML5,LA23,0.005187136990113972,0.012572081436252193
2021Q2,ML5,LA23,0.005578792949576173,0.013521339307547408
2021Q3,ML5,LA23,0.0380741558830893,0.0922804601634864
2021Q4,ML5,LA23,0.015682824616088824,0.038010514971881834
2022Q1,ML5,LA23,0.00889159559671128,0.021550590268413064
2022Q2,ML5,LA23,0.00587513770555892,0.014239591093170585
2022Q3,ML5,LA23,0.009666316083209364,0.023428282927224608
2022Q4,ML5,LA23,0.006492139778036391,0.015735021099416227
2023Q1,ML5,LA23,0.008546685382429768,0.020714630217539786
2023Q2,ML5,LA23,0.014469463774047118,0.035069688202359284
2023Q3,ML5,LA23,0.023991246905501255,0.058147666126428625
2019Q1,ML6,LA23,0.0049724043616069325,0.010082927598558502
2019Q2,ML6,LA23,0.01163415328775852,0.0235914693858668
2019Q3,ML6,LA23,0.01588263433536663,0.03220644188038792
2019Q4,ML6,LA23,0.009394636988248502,0.019050229562713374
2020Q3,ML6,LA23,0.024775484750305502,0.050239160130530834
2020Q4,ML6,LA23,0.007401289558356165,0.01500816533125941
2021Q2,ML6,LA23,0.012281951089498687,0.024905058920918332
2021Q3,ML6,LA23,0.031661830679603355,0.06420313457312808
2021Q4,ML6,LA23,0.03162617470196464,0.06413083219889583
2022Q1,ML6,LA23,0.004936035264415445,0.010009179176841606
2022Q2,ML6,LA23,0.010123766074982577,0.02052874081338867
2022Q3,ML6,LA23,0.012326841965345827,0.02499608761007673
2022Q4,ML6,LA23,0.007472530201678319,0.015152625474975447
2023Q1,ML6,LA23,0.0038000001608683607,0.00770555323142787
2023Q2,ML6,LA23,0.0113523997524574,0.02302013602468356
2023Q3,ML6,LA23,0.015479400884250413,0.0313887743301954
2019Q3,ML7,LA23,0.012939698517955369,0.0030617886416131144
2020Q3,ML7,LA23,0.02779008574662873,0.006575684029300492
2022Q3,ML7,LA23,0.015310260331125081,0.003622710460906914
2019Q1,ML8,LA23,0.005058080513594371,0.005001589039890165
2019Q2,ML8,LA23,0.017682808475274786,0.017485316974830547
2019Q3,ML8,LA23,0.02157639566373466,0.021335418402697887
2019Q4,ML8,LA23,0.015586194033173403,0.015412118696094991
2020Q1,ML8,LA23,0.010012843868554118,0.00990101482499016
2020Q3,ML8,LA23,0.022530233126147037,0.022278602874557598
2020Q4,ML8,LA23,0.010236953628791292,0.010122621602012006
2021Q2,ML8,LA23,0.011952106204935954,0.011818618394377908
2021Q3,ML8,LA23,0.016819419226047853,0.01663157053989613
2021Q4,ML8,LA23,0.02294957063836896,0.022693256990779558
2022Q1,ML8,LA23,0.002093982157804956,0.0020705953932631913
2022Q2,ML8,LA23,0.015086060016852925,0.014917570456346396
2022Q3,ML8,LA23,0.023887687514011026,0.023620896452179328
2022Q4,ML8,LA23,0.009440980105156095,0.009335537956119728
2023Q1,ML8,LA23,0.006010601833858537,0.005943472069013692
2023Q2,ML8,LA23,0.015393306089452144,0.015221385032870316
2023Q3,ML8,LA23,0.022724217854991808,0.02247042107339576
2019Q1,ML9,LA23,0.005035816820418509,0.005140481900790318
2019Q2,ML9,LA23,0.011346790260919363,0.011582623444883842
2019Q3,ML9,LA23,0.025569004514998914,0.026100434074100128
2019Q4,ML9,LA23,0.01993212236780049,0.02034639422557493
2020Q1,ML9,LA23,0.010842904008891045,0.011068264354595613
2020Q3,ML9,LA23,0.0048163847697039,0.004916489145418806
2020Q4,ML9,LA23,0.0020149075360485725,0.002056785639784832
2021Q2,ML9,LA23,0.01794618439558093,0.01831918025685109
2021Q3,ML9,LA23,0.014179503625744846,0.014474212297554237
2021Q4,ML9,LA23,0.016372478358532134,0.01671276610615895
2022Q1,ML9,LA23,0.006607327120355574,0.006744654677881261
2022Q2,ML9,LA23,0.01552669458913796,0.015849403455451643
2022Q3,ML9,LA23,0.011764405293525343,0.012008918243357192
2022Q4,ML9,LA23,0.006772786536259165,0.006913553024087798
2023Q1,ML9,LA23,0.013657201514069729,0.013941054589965623
2023Q2,ML9,LA23,0.008636754853433355,0.008816262304383702
2023Q3,ML9,LA23,0.030015867977866758,0.030639721733149283
2019Q1,N1,LA23,0.00855630157443659,0.10263387094404776
2019Q2,N1,LA23,0.019367172812256164,0.23231157734117805
2019Q3,N1,LA23,0.017574670642698978,0.21081029729199136
2019Q4,N1,LA23,0.011047522753318212,0.1325163699118627
2020Q1,N1,LA23,0.0037620484366469383,0.045126225434323014
2020Q3,N1,LA23,0.012767018041855569,0.15314192360434833
2020Q4,N1,LA23,0.007839360983100688,0.0940340819481154
2021Q2,N1,LA23,0.007980052331340765,0.09572169166507036
2021Q3,N1,LA23,0.01774116635501153,0.2128074334730346
2021Q4,N1,LA23,0.009892769926513828,0.11866497026594505
2022Q1,N1,LA23,0.005474696316264339,0.06566964362968082
2022Q2,N1,LA23,0.010137148887642205,0.12159632542444318
2022Q3,N1,LA23,0.010425764762558937,0.1250583077074318
2022Q4,N1,LA23,0.0049308336296182784,0.059145945007453314
2023Q1,N1,LA23,0.0032344965673753523,0.03879817703676797
2023Q2,N1,LA23,0.009832800849625923,0.1179456339447084
2023Q3,N1,LA23,0.008489400701546971,0.101831386892444
2019Q1,N10,LA23,0.0037416468941829204,0.011379959889910843
2019Q2,N10,LA23,0.015894570397940396,0.048342235040173515
2019Q3,N10,LA23,0.014748617639041787,0.04485689909030787
2019Q4,N10,LA23,0.010789713981793328,0.032816167802288486
2020Q1,N10,LA23,0.003998746346262341,0.012161910067232634
2020Q3,N10,LA23,0.022551841563892592,0.06858986422254719
2020Q4,N10,LA23,0.0073644788959485565,0.0223985525134089
2021Q2,N10,LA23,0.008237048048845006,0.025052411159603657
2021Q3,N10,LA23,0.014230900406736137,0.04328229798427792
2021Q4,N10,LA23,0.003181662179140588,0.009676805162495949
2022Q1,N10,LA23,0.0035421957242387377,0.010773342970102262
2022Q2,N10,LA23,0.0038557548340794725,0.011727011286225645
2022Q3,N10,LA23,0.007660826724854894,0.02329987391058813
2022Q4,N10,LA23,0.007586466384022306,0.02307371208398965
2023Q1,N10,LA23,0.0030907799595104803,0.009400393185806058
2023Q2,N10,LA23,0.00721668534129504,0.021949048652807
2023Q3,N10,LA23,0.008566534725296303,0.026054522066462648
2019Q2,N11,LA23,0.010057866834608496,0.007251132809378177
2019Q3,N11,LA23,0.009914253224869048,0.007147595809477594
2019Q4,N11,LA23,0.012656250224789587,0.009124415023361556
2020Q3,N11,LA23,0.019457437765355447,0.01402767283429586
2021Q2,N11,LA23,0.009825798473618915,0.0070838251154047484
2021Q3,N11,LA23,0.02235397985787968,0.01611591000687172
2021Q4,N11,LA23,0.012364610296631549,0.008914159719094173
2022Q1,N11,LA23,0.010405367643091164,0.007501660536092924
2022Q2,N11,LA23,0.013036545481864994,0.00939858562645025
2022Q3,N11,LA23,0.01809491367183581,0.013045372777976504
2023Q3,N11,LA23,0.0031015324684372397,0.002236023225506581
2019Q1,N12,LA23,0.0012985868821577171,0.0027479240350709146
2019Q2,N12,LA23,0.009610280955558924,0.020336199590808183
2019Q3,N12,LA23,0.018424346310556845,0.03898753695488223
2019Q4,N12,LA23,0.009578812279074492,0.02026960910414028
2020Q3,N12,LA23,0.012433509837812459,0.026310400168870585
2021Q2,N12,LA23,0.008247219162949394,0.017451840975561014
2021Q3,N12,LA23,0.01770644363779424,0.03746839176988842
2021Q4,N12,LA23,0.0036998758231449867,0.00782926259373925
2022Q2,N12,LA23,0.006285500822366246,0.01330067246139058
2022Q3,N12,LA23,0.008727107937350938,0.01846732782165297
2022Q4,N12,LA23,0.0022217363949224704,0.00470138958207786
2023Q1,N12,LA23,0.002214766134333085,0.004686639897734482
2023Q2,N12,LA23,0.009982643209985985,0.021124150865191253
2023Q3,N12,LA23,0.00921574370543328,0.019501324075548387
2019Q1,N13,LA23,0.0051419177483872655,0.0085270528074547
2019Q2,N13,LA23,0.0129906931433678,0.021542998519118683
2019Q3,N13,LA23,0.00732798269805605,0.012152293851459745
2019Q4,N13,LA23,0.003430255924313738,0.005688533897470777
2020Q3,N13,LA23,0.024599160177853484,0.040793794867952315
2020Q4,N13,LA23,0.007323099585284551,0.012144195985545732
2021Q2,N13,LA23,0.007681179988787339,0.012738015385115205
2021Q3,N13,LA23,0.023365651012396182,0.03874821609617349
2021Q4,N13,LA23,0.004544041628426996,0.00753557034960785
2022Q1,N13,LA23,0.001835047619996199,0.003043134629061193
2022Q2,N13,LA23,0.010561736932538172,0.017514960948265768
2022Q3,N13,LA23,0.005584231847198392,0.009260560394040884
2022Q4,N13,LA23,0.0032039323671990464,0.005313212272831164
2023Q2,N13,LA23,0.00563594052351086,0.00934631100988033
2023Q3,N13,LA23,0.001346910739731107,0.0022336372471569166
2019Q1,N14,LA23,0.02199231694363246,0.034620328946505845
2019Q2,N14,LA23,0.013696105123473223,0.02156042339130865
2019Q3,N14,LA23,0.014122515226714445,0.022231678633680863
2019Q4,N14,LA23,0.0028773496055313147,0.004529526838527801
2020Q3,N14,LA23,0.0119290568789666,0.01877873414747128
2021Q2,N14,LA23,0.010132475922656438,0.01595055447700256
2021Q4,N14,LA23,0.0047335471402567214,0.007451554990749973
2022Q2,N14,LA23,0.005650117586215553,0.008894421170928767
2023Q2,N14,LA23,0.0029869834827864626,0.004702112605820183
2023Q3,N14,LA23,0.0021507438501159647,0.003385703278173597
2019Q1,N15,LA23,0.0017629712309260187,0.004081830537281704
2019Q2,N15,LA23,0.0042613907916640775,0.009866454290107143
2019Q3,N15,LA23,0.006998953629108034,0.016204769624803154
2019Q4,N15,LA23,0.0043383987990232775,0.010044751944963874
2020Q1,N15,LA23,0.002431560621664237,0.00562982436959419
2020Q3,N15,LA23,0.0037430700673542726,0.00866637948260025
2021Q2,N15,LA23,0.0037668032731908462,0.00872132928701676
2021Q3,N15,LA23,0.003504520120794289,0.008114061645840087
2022Q2,N15,LA23,0.0012751913951795945,0.0029524674517739514
2022Q3,N15,LA23,0.002424815394742263,0.005614207056760022
2022Q4,N15,LA23,0.002591509937841777,0.006000157130411778
2023Q2,N15,LA23,0.0034041848703299307,0.007881754117431864
2023Q3,N15,LA23,0.003975998991479278,0.009205682891998605
2019Q1,N16,LA23,0.0037441867143729454,0.013759937142513836
2019Q2,N16,LA23,0.01169696591783902,0.04298650897129378
2019Q3,N16,LA23,0.007503089612583665,0.027573956460953397
2019Q4,N16,LA23,0.006155968570150258,0.02262326829252273
2020Q1,N16,LA23,0.004151321351189703,0.015256162474876031
2020Q3,N16,LA23,0.013434341268569384,0.04937138703499536
2020Q4,N16,LA23,0.006763935833459014,0.024857556261047745
2021Q2,N16,LA23,0.011091359539637928,0.04076089728767664
2021Q3,N16,LA23,0.020656131420574816,0.07591156414917602
2021Q4,N16,LA23,0.010786333183727664,0.03963992127757983
2022Q1,N16,LA23,0.004117934500958811,0.0151334653458039
2022Q2,N16,LA23,0.008493657981632029,0.031214308701172973
2022Q3,N16,LA23,0.0053554514522688905,0.01968135698738669
2022Q4,N16,LA23,0.005986850500271219,0.02200175708362231
2023Q1,N16,LA23,0.002561343927347864,0.009412973798922468
2023Q2,N16,LA23,0.004697826905528922,0.017264577826299483
2023Q3,N16,LA23,0.004640496745497802,0.01705388870778671
2019Q1,N17,LA23,0.0012489448418762875,0.004020662728681221
2019Q2,N17,LA23,0.006301434197436207,0.02028587713834254
2019Q3,N17,LA23,0.005858310211566669,0.01885935129474024
2019Q4,N17,LA23,0.0023033014316707874,0.007414897687014222
2020Q3,N17,LA23,0.003806531614044536,0.012254167896752986
2020Q4,N17,LA23,0.002186490085978569,0.007038853038632289
2021Q2,N17,LA23,0.002316889369402722,0.0074586406234247345
2021Q3,N17,LA23,0.008830183098451062,0.028426546057900095
2021Q4,N17,LA23,0.002286209827350123,0.00735987558022348
2022Q3,N17,LA23,0.0011368275110369196,0.0036597292765138266
2023Q2,N17,LA23,0.0030651916989111487,0.00986761112809486
2023Q3,N17,LA23,0.002938857567105972,0.009460910273038449
2019Q3,N18,LA23,0.004118332278316591,0.0036890840404521204
2020Q3,N18,LA23,0.003503605221270569,0.0031384291582993
2021Q3,N18,LA23,0.005560713122514648,0.0049811274679824385
2019Q1,N19,LA23,0.007384298658819619,0.0071578627466185735
2019Q2,N19,LA23,0.01733619610886488,0.016804590121433906
2019Q3,N19,LA23,0.0227850430803033,0.022086350861474043
2019Q4,N19,LA23,0.011217161322908193,0.010873192548916999
2020Q3,N19,LA23,0.017198056116378757,0.01667068612435578
2020Q4,N19,LA23,0.011473525876998266,0.011121695809153244
2021Q2,N19,LA23,0.022479822319367432,0.021790489546115677
2021Q3,N19,LA23,0.05640825757972321,0.05467852590839102
2021Q4,N19,LA23,0.0198612042220616,0.019252170093944053
2022Q1,N19,LA23,0.005910556773538372,0.005729312436537765
2022Q2,N19,LA23,0.02245505856261506,0.02176648515787057
2022Q3,N19,LA23,0.04068043763607341,0.03943299188252713
2022Q4,N19,LA23,0.009867387400646356,0.009564808784810194
2023Q1,N19,LA23,0.0052344017887183255,0.005073891414122415
2023Q2,N19,LA23,0.02776151393272733,0.02691022066550133
2023Q3,N19,LA23,0.01896605408716635,0.01838446930078281
2019Q1,N1C,LA23,0.007335596428713858,0.005370041938977713
2019Q2,N1C,LA23,0.006134495230825161,0.004490772765939314
2019Q3,N1C,LA23,0.015764934709694752,0.011540760370203369
2021Q2,N1C,LA23,0.011063642297927471,0.008099167356748243
2021Q3,N1C,LA23,0.029955529061331306,0.021929020895144664
2021Q4,N1C,LA23,0.017010678432165777,0.012452710216394745
2022Q2,N1C,LA23,0.01841662165656719,0.01348193451359083
2022Q3,N1C,LA23,0.021260508499097167,0.015563809077234257
2023Q2,N1C,LA23,0.0054332520349523105,0.003977425908890335
2023Q3,N1C,LA23,0.01022234799617466,0.0074832957330379325
2019Q1,N2,LA23,0.008496633754058769,0.005862927224118965
2019Q2,N2,LA23,0.03724325138602506,0.02569893898998844
2019Q3,N2,LA23,0.020489095449474103,0.014138078559748506
2019Q4,N2,LA23,0.021829042328174092,0.015062681321430524
2020Q3,N2,LA23,0.05538995455575736,0.03822069797377499
2020Q4,N2,LA23,0.035709353797872954,0.024640504533602524
2021Q2,N2,LA23,0.05561785449798229,0.03837795563773013
2021Q3,N2,LA23,0.18326414062104698,0.12645764785832278
2021Q4,N2,LA23,0.03435850963457922,0.02370838232500035
2022Q1,N2,LA23,0.019203215867412304,0.013250783823170327
2022Q2,N2,LA23,0.044049443867479283,0.030395412010618513
2022Q3,N2,LA23,0.020140172779309032,0.013897311653555112
2023Q2,N2,LA23,0.017381797616517564,0.011993951651891115
2023Q3,N2,LA23,0.016753632028637798,0.011560498918368774
2019Q2,N20,LA23,0.017196759942618118,0.01885407322142128
2019Q3,N20,LA23,0.021791276369935244,0.023891379634182176
2019Q4,N20,LA23,0.009807152597324694,0.010752302979200677
2020Q3,N20,LA23,0.00789218822217851,0.008652786636244586
2021Q2,N20,LA23,0.006397832800289519,0.007014414836141789
2021Q3,N20,LA23,0.01582104288807151,0.0173457733925623
2022Q2,N20,LA23,0.016258468285838042,0.017825355040844818
2022Q3,N20,LA23,0.008233331231773909,0.009026806818148018
2023Q2,N20,LA23,0.0030052635009224725,0.0032948914961378898
2023Q3,N20,LA23,0.0062504416101782255,0.006852819029732708
2019Q1,N21,LA23,0.006225421194863893,0.015233531831741334
2019Q2,N21,LA23,0.009126985380194302,0.02233362498134834
2019Q3,N21,LA23,0.012373693875594408,0.030278282164362257
2020Q1,N21,LA23,0.007562031759910803,0.018504202032511418
2020Q3,N21,LA23,0.015926928102752334,0.03897300417766155
2020Q4,N21,LA23,0.00528424477943284,0.012930484305321456
2021Q2,N21,LA23,0.007922156650855883,0.01938542336965409
2021Q3,N21,LA23,0.022226749894547614,0.054388593387719696
2021Q4,N21,LA23,0.0052005071735140365,0.01272557937674726
2022Q2,N21,LA23,0.013933033471486741,0.03409396766209505
2022Q3,N21,LA23,0.011035399103230151,0.02700349072826094
2022Q4,N21,LA23,0.005466080074713118,0.013375433116346726
2023Q1,N21,LA23,0.00219289702218413,0.005365993006020708
2023Q2,N21,LA23,0.005792195796846435,0.014173434420748076
2023Q3,N21,LA23,0.010061218133878384,0.02461968144982364
2019Q1,N22,LA23,0.002847086122496884,0.004959942872332388
2019Q2,N22,LA23,0.004385799212753035,0.007640553396993078
2019Q3,N22,LA23,0.009367369872859466,0.016319007376090114
2019Q4,N22,LA23,0.003745453851470172,0.006525000064963682
2020Q1,N22,LA23,0.002574205783496636,0.00448455476175534
2020Q3,N22,LA23,0.0264091724462348,0.046007735980962604
2020Q4,N22,LA23,0.004328857490303098,0.007541354539546429
2021Q3,N22,LA23,0.016187427720347338,0.02820031192892738
2021Q4,N22,LA23,0.008294690748631265,0.014450280211683363
2022Q1,N22,LA23,0.004643323547885589,0.008089189629104192
2022Q2,N22,LA23,0.00275777228378532,0.004804348162984585
2022Q3,N22,LA23,0.008382219970677124,0.014602765918939182
2022Q4,N22,LA23,0.0022579966119615955,0.003933682972479822
2023Q2,N22,LA23,0.00856628450352368,0.014923426948659212
2023Q3,N22,LA23,0.008041731711945863,0.014009597240737795
2019Q1,N3,LA23,0.002407854880930327,0.0056644572068514365
2019Q2,N3,LA23,0.019663062245893998,0.046257179172063866
2019Q3,N3,LA23,0.007476354982774286,0.017588058648614575
2019Q4,N3,LA23,0.00442538303629373,0.010410674260953294
2020Q1,N3,LA23,0.0021844158813341427,0.005138818946182976
2020Q3,N3,LA23,0.031240706145190106,0.07349348354535265
2020Q4,N3,LA23,0.0030584711371134947,0.00719502616697395
2021Q2,N3,LA23,0.021339285024295142,0.05020047836031658
2021Q3,N3,LA23,0.022775502968054383,0.05357916830818965
2021Q4,N3,LA23,0.004322545774581373,0.010168750516772185
2022Q1,N3,LA23,0.008116828890970281,0.019094767825240444
2022Q2,N3,LA23,0.014230236710595682,0.033476505386151635
2022Q3,N3,LA23,0.008992543803692991,0.02115487937423996
2023Q1,N3,LA23,0.001847013771627552,0.004345083481861329
2023Q2,N3,LA23,0.008663132634824777,0.020379942527218697
2023Q3,N3,LA23,0.00600417780524234,0.014124774922889771
2019Q1,N4,LA23,0.00444189853097635,0.012609534066104496
2019Q2,N4,LA23,0.00935735336577405,0.026563386176309232
2019Q3,N4,LA23,0.01865846985106418,0.05296712871031365
2019Q4,N4,LA23,0.009921021120298348,0.028163510020443167
2020Q1,N4,LA23,0.0062839620020447755,0.017838730980077783
2020Q3,N4,LA23,0.022108174579444688,0.06276005148582657
2020Q4,N4,LA23,0.009096595583892536,0.025823154468919446
2021Q2,N4,LA23,0.016673547384237458,0.04733238777927167
2021Q3,N4,LA23,0.019610116047803862,0.055668634621127464
2021Q4,N4,LA23,0.0151670968543541,0.04305591925055674
2022Q1,N4,LA23,0.005114525241438245,0.014518967467204004
2022Q2,N4,LA23,0.01572477925248631,0.0446390520367461
2022Q3,N4,LA23,0.014864441577727996,0.04219675013755491
2022Q4,N4,LA23,0.004758205514096736,0.013507457251694815
2023Q1,N4,LA23,0.003219001076467758,0.009138007869717218
2023Q2,N4,LA23,0.009020365066098891,0.025606753462842326
2023Q3,N4,LA23,0.00564900483245051,0.016036232790467782
2019Q1,N5,LA23,0.003028971435555942,0.004288253815714779
2019Q2,N5,LA23,0.013792008529526854,0.019525979185161583
2019Q3,N5,LA23,0.024498510951787088,0.03468366582633329
2019Q4,N5,LA23,0.011471380270689186,0.016240559300048116
2020Q1,N5,LA23,0.01100853137302533,0.015585282882381238
2020Q3,N5,LA23,0.03948985121614105,0.05590759396796505
2020Q4,N5,LA23,0.015399595156544729,0.021801913321244367
2021Q2,N5,LA23,0.038905966029448916,0.055080960923367735
2021Q3,N5,LA23,0.049930890925165415,0.0706894528678775
2021Q4,N5,LA23,0.013541560444550184,0.019171408341926627
2022Q1,N5,LA23,0.012745019094350116,0.018043708211026216
2022Q2,N5,LA23,0.02329407220054528,0.032978486632439886
2022Q3,N5,LA23,0.027083835871398426,0.03834382891709251
2022Q4,N5,LA23,0.016854890554076376,0.02386224177736658
2023Q1,N5,LA23,0.008018322192056927,0.011351906568708731
2023Q2,N5,LA23,0.019779934205593264,0.02800336026151873
2023Q3,N5,LA23,0.027977359463313558,0.03960883125665996
2019Q2,N6,LA23,0.0250390485243888,0.01880064176686365
2019Q3,N6,LA23,0.01590145398985857,0.011939652568842695
2019Q4,N6,LA23,0.013060020590925895,0.009806154109997446
2020Q1,N6,LA23,0.018022707085462737,0.013532401570804944
2020Q3,N6,LA23,0.03982821441640708,0.02990512961094962
2020Q4,N6,LA23,0.011057979049743531,0.008302915447334724
2021Q2,N6,LA23,0.0404545083986037,0.030375384252956175
2021Q3,N6,LA23,0.1155981347290124,0.08679719270646097
2021Q4,N6,LA23,0.03787855662773317,0.028441223439869236
2022Q1,N6,LA23,0.0261040564338437,0.01960030602587234
2022Q3,N6,LA23,0.033151211844833564,0.024891682981685363
2022Q4,N6,LA23,0.004837793614015771,0.003632471281428268
2023Q2,N6,LA23,0.028133926843546174,0.02112444007468818
2023Q3,N6,LA23,0.029485504693194376,0.02213927619941205
2019Q1,N7,LA23,0.0070180343961829894,0.02539469059921913
2019Q2,N7,LA23,0.024081359716794943,0.08713817070334028
2019Q3,N7,LA23,0.017713418989072742,0.06409583784976741
2019Q4,N7,LA23,0.008578079368215443,0.031039698467402094
2020Q1,N7,LA23,0.002368371059750685,0.008569928115374426
2020Q3,N7,LA23,0.02989455784370335,0.10817317274110316
2020Q4,N7,LA23,0.008814059273687148,0.03189358950708498
2021Q2,N7,LA23,0.012220002607055882,0.044217963009217466
2021Q3,N7,LA23,0.026051162514526657,0.094265883359904
2021Q4,N7,LA23,0.012153384740430763,0.04397690689352715
2022Q1,N7,LA23,0.005445001537735919,0.019702686187785205
2022Q2,N7,LA23,0.01440140804652725,0.05211135780890073
2022Q3,N7,LA23,0.016122422884646076,0.0583388336038987
2022Q4,N7,LA23,0.0074692935143178705,0.02702756741888028
2023Q1,N7,LA23,0.0044947078608240845,0.0162640575716736
2023Q2,N7,LA23,0.016877558582155533,0.06107128493088392
2023Q3,N7,LA23,0.017500857241874782,0.06332668519268474
2019Q1,N8,LA23,0.0044130543702472266,0.016144324839944994
2019Q2,N8,LA23,0.00800980169153852,0.029302344716975345
2019Q3,N8,LA23,0.022175850693908785,0.08112615598355441
2019Q4,N8,LA23,0.010484672797374896,0.03835619262308623
2020Q1,N8,LA23,0.005078839798864483,0.018579974920706826
2020Q3,N8,LA23,0.02230477040628656,0.08159778437067139
2020Q4,N8,LA23,0.004911321251859411,0.017967139996714263
2021Q2,N8,LA23,0.015338224262436782,0.05611199277991962
2021Q3,N8,LA23,0.01715039310309771,0.0627414697756489
2021Q4,N8,LA23,0.00760766626493255,0.02783120830847174
2022Q1,N8,LA23,0.006862884655052994,0.025106565637903613
2022Q2,N8,LA23,0.008371342132827309,0.030624972048805908
2022Q3,N8,LA23,0.01010056201858259,0.03695099597988243
2022Q4,N8,LA23,0.004160847647933433,0.015221674242367247
2023Q1,N8,LA23,0.002124121736593924,0.007770697670611128
2023Q2,N8,LA23,0.009075627576730772,0.03320146715457215
2023Q3,N8,LA23,0.009271981607464064,0.03391979124256956
2019Q3,N9,LA23,0.008348375679485737,0.008590245082533688
2020Q3,N9,LA23,0.0042613887000933605,0.004384849787689067
2021Q3,N9,LA23,0.002941852071147457,0.003027083501981634
2019Q1,NE1,LA23,0.01724706169344448,0.006864170502487171
2019Q2,NE1,LA23,0.033834303421326636,0.013465738781762809
2019Q3,NE1,LA23,0.021233776766204717,0.008450846105013909
2019Q4,NE1,LA23,0.01027117324145448,0.004087831634342982
2020Q1,NE1,LA23,0.016783625368513452,0.0066797271458207
2020Q3,NE1,LA23,0.03824848445745916,0.01522254187085803
2020Q4,NE1,LA23,0.021644165891261245,0.008614177168404565
2021Q2,NE1,LA23,0.014714602904915075,0.0058562754056895976
2021Q3,NE1,LA23,0.055253382050106666,0.021990333308493613
2022Q1,NE1,LA23,0.021535164795628704,0.008570795743865215
2022Q2,NE1,LA23,0.02131825261531994,0.008484466709031906
2022Q3,NE1,LA23,0.031178128389254295,0.012408605768113071
2023Q2,NE1,LA23,0.06799470178708729,0.02706126032527251
2023Q3,NE1,LA23,0.05989919041445836,0.023839321924734955
2019Q1,NE10,LA23,0.014034874869175474,0.015689036789404514
2019Q2,NE10,LA23,0.027982238743945655,0.031280248466472794
2019Q3,NE10,LA23,0.049952996073987684,0.05584049736467752
2019Q4,NE10,LA23,0.02347855947459214,0.02624576184630695
2020Q1,NE10,LA23,0.024003560761796727,0.026832640217950128
2020Q2,NE10,LA23,0.0011930083457544133,0.0013336172927138614
2020Q3,NE10,LA23,0.06929279647910412,0.077459702586237
2020Q4,NE10,LA23,0.02429765720788755,0.027161399113584173
2021Q2,NE10,LA23,0.04080521893302352,0.045614555669887626
2021Q3,NE10,LA23,0.09966163402760342,0.1114078363595056
2021Q4,NE10,LA23,0.036071216935601065,0.040322600295080745
2022Q1,NE10,LA23,0.030141296027200087,0.03369377402071955
2022Q2,NE10,LA23,0.06531360106313756,0.07301151591872047
2022Q3,NE10,LA23,0.06684332946570941,0.07472153937168742
2022Q4,NE10,LA23,0.026472237505670643,0.02959227723764667
2023Q1,NE10,LA23,0.028060824004996973,0.031368095851164984
2023Q2,NE10,LA23,0.029795844274710288,0.0333076070399451
2023Q3,NE10,LA23,0.0421680102501851,0.04713796669496114
2019Q1,NE11,LA23,0.021883673171212027,0.030206341302001168
2019Q2,NE11,LA23,0.0647037596157281,0.0893115077703875
2019Q3,NE11,LA23,0.06998414164008163,0.096600093209618
2019Q4,NE11,LA23,0.033843012716166763,0.04671398557246323
2020Q1,NE11,LA23,0.03106278082049868,0.04287639245533807
2020Q3,NE11,LA23,0.08462455564945362,0.11680846220278356
2020Q4,NE11,LA23,0.02897680808690051,0.03999709500628715
2021Q2,NE11,LA23,0.06236200994774126,0.08607915782796051
2021Q3,NE11,LA23,0.1276735475216327,0.1762295900465648
2021Q4,NE11,LA23,0.054858416695401216,0.07572184271919061
2022Q1,NE11,LA23,0.05261142444586799,0.07262028777174975
2022Q2,NE11,LA23,0.08012580446985695,0.11059877279184673
2022Q3,NE11,LA23,0.09445900329999704,0.13038308836014012
2022Q4,NE11,LA23,0.05963971155390276,0.08232153113673621
2023Q1,NE11,LA23,0.04038085554062973,0.055738261807513116
2023Q2,NE11,LA23,0.039635053371507085,0.05470882060319433
2023Q3,NE11,LA23,0.06259416300389742,0.08639960195055785
2019Q1,NE12,LA23,0.022926372388212626,0.021088867306565912
2019Q2,NE12,LA23,0.04186894997756699,0.038513233379918674
2019Q3,NE12,LA23,0.047067148612866656,0.0432948062950201
2019Q4,NE12,LA23,0.026702421598739836,0.02456227336468323
2020Q1,NE12,LA23,0.026032259326280317,0.023945823321979063
2020Q2,NE12,LA23,0.0011067188360579334,0.0010180174291900882
2020Q3,NE12,LA23,0.18321525965244925,0.168530905540689
2020Q4,NE12,LA23,0.06778621429978816,0.06235327832839594
2021Q2,NE12,LA23,0.1518821472306497,0.1397090824028612
2021Q3,NE12,LA23,0.27325139589278563,0.2513508169430081
2021Q4,NE12,LA23,0.11899844940551813,0.10946095032855377
2022Q1,NE12,LA23,0.08835090528542999,0.08126974849877966
2022Q2,NE12,LA23,0.12554333936313175,0.11548127982137635
2022Q3,NE12,LA23,0.15775522426981256,0.14511144350312075
2022Q4,NE12,LA23,0.0959783046045628,0.08828582628952879
2023Q1,NE12,LA23,0.08765441127930007,0.08062907716070769
2023Q2,NE12,LA23,0.10948939225851666,0.1007140260010588
2023Q3,NE12,LA23,0.10060923123419273,0.09254559296979607
2019Q1,NE13,LA23,0.029669881309936755,0.015158698874410957
2019Q2,NE13,LA23,0.03886532695571567,0.01985676254727413
2019Q3,NE13,LA23,0.05233541372889768,0.026738791736196667
2019Q4,NE13,LA23,0.06731646995574063,0.034392793374796934
2020Q1,NE13,LA23,0.03825595780075978,0.01954542852383006
2020Q3,NE13,LA23,0.0672328338269485,0.034350062671625686
2020Q4,NE13,LA23,0.03283913867761841,0.016777910545342202
2021Q2,NE13,LA23,0.04243719817519703,0.021681674472896137
2021Q3,NE13,LA23,0.1122170422322654,0.057333035275953875
2021Q4,NE13,LA23,0.03368568913859058,0.017210423347999527
2022Q1,NE13,LA23,0.049232244469753966,0.02515334527403188
2022Q2,NE13,LA23,0.05154872465959907,0.026336862837839592
2022Q3,NE13,LA23,0.08072230833218554,0.04124199728581804
2022Q4,NE13,LA23,0.07057714684829491,0.03605871237948223
2023Q1,NE13,LA23,0.012392723239350327,0.006331591213892414
2023Q2,NE13,LA23,0.06262025179335994,0.03199343908589971
2023Q3,NE13,LA23,0.04657272878719797,0.023794566755085192
2019Q1,NE15,LA23,0.030813365383365543,0.02296489701077012
2019Q2,NE15,LA23,0.03461140033284578,0.025795534961962727
2019Q3,NE15,LA23,0.04858554961248513,0.036210330458247265
2019Q4,NE15,LA23,0.035445124786379185,0.02641690156611469
2020Q1,NE15,LA23,0.016167017274481017,0.012049118363430323
2020Q3,NE15,LA23,0.1723995487178016,0.12848768161964166
2020Q4,NE15,LA23,0.062450850993955476,0.0465440026906432
2021Q2,NE15,LA23,0.12194243613608605,0.09088249375770584
2021Q3,NE15,LA23,0.24834637493607106,0.18509010140397866
2021Q4,NE15,LA23,0.14456543373797473,0.10774319052154398
2022Q1,NE15,LA23,0.08361245399868017,0.062315536489046724
2022Q2,NE15,LA23,0.1312313721874968,0.09780544609044384
2022Q3,NE15,LA23,0.12837173805707974,0.09567418900519978
2022Q4,NE15,LA23,0.052011154008426284,0.038763399594762264
2023Q1,NE15,LA23,0.053361469422521186,0.03976977634170095
2023Q2,NE15,LA23,0.06356232191135508,0.0473723709922221
2023Q3,NE15,LA23,0.03927886029426067,0.029274146791024767
2019Q1,NE16,LA23,0.039028092618776135,0.04882514259767071
2019Q2,NE16,LA23,0.05778413541746798,0.07228943210726298
2019Q3,NE16,LA23,0.06318815053424882,0.07904999330747534
2019Q4,NE16,LA23,0.043202125598799934,0.054046964669472314
2020Q1,NE16,LA23,0.032495755856665566,0.040653022145322126
2020Q3,NE16,LA23,0.1763524599474007,0.22062144026581085
2020Q4,NE16,LA23,0.04984727718709929,0.06236021935632224
2021Q2,NE16,LA23,0.07208977202976577,0.09018614959147504
2021Q3,NE16,LA23,0.18372952083839209,0.229850332219938
2021Q4,NE16,LA23,0.08197164571123969,0.10254862644482793
2022Q1,NE16,LA23,0.07028733556237353,0.08793125544629384
2022Q2,NE16,LA23,0.10392204724880467,0.13000914048061096
2022Q3,NE16,LA23,0.11948615867680985,0.14948024216373024
2022Q4,NE16,LA23,0.04794560759646619,0.059981182034584274
2023Q1,NE16,LA23,0.04678336059100694,0.058527181288773725
2023Q2,NE16,LA23,0.05036263057087255,0.06300493962735122
2023Q3,NE16,LA23,0.045614409425794665,0.057064793467552215
2019Q3,NE17,LA23,0.1614535404609514,0.002805115213088625
2020Q3,NE17,LA23,0.4404984589357983,0.007653278614857955
2019Q1,NE2,LA23,0.02714098970497851,0.040837031687743205
2019Q2,NE2,LA23,0.040496277430113664,0.060931741348615676
2019Q3,NE2,LA23,0.04520839329666358,0.06802171216583018
2019Q4,NE2,LA23,0.020967137630549925,0.031547694948757886
2020Q1,NE2,LA23,0.015368436635121304,0.023123745326958368
2020Q2,NE2,LA23,0.00293577408475424,0.004417241251345115
2020Q3,NE2,LA23,0.06062022214703569,0.09121074653672026
2020Q4,NE2,LA23,0.03857548714439335,0.05804167084580415
2021Q2,NE2,LA23,0.0356008378634731,0.053565936973705146
2021Q3,NE2,LA23,0.03230091515505258,0.04860078833042804
2021Q4,NE2,LA23,0.02508675514267847,0.03774617749168873
2022Q1,NE2,LA23,0.015608799714506197,0.02348540180286809
2022Q2,NE2,LA23,0.021132825734852027,0.03179699353511069
2022Q3,NE2,LA23,0.031004963158265057,0.04665086559975847
2022Q4,NE2,LA23,0.014884587005707769,0.02239573272081384
2023Q1,NE2,LA23,0.028225026231936488,0.042468100948048544
2023Q2,NE2,LA23,0.05346689773212284,0.08044767050375898
2023Q3,NE2,LA23,0.07957637327035283,0.11973265942623272
2019Q1,NE20,LA23,0.1606054540524315,0.02760750476259716
2019Q2,NE20,LA23,0.030370992146613113,0.0052206652338138825
2019Q3,NE20,LA23,0.038653339962015684,0.006644371284821129
2020Q1,NE20,LA23,0.10218484894732204,0.01756521109835718
2020Q3,NE20,LA23,0.09375654741235498,0.016116416123491347
2021Q2,NE20,LA23,0.014090212252712968,0.0024220572344061607
2021Q3,NE20,LA23,0.07628584511889289,0.013113264707380586
2021Q4,NE20,LA23,0.0710176308896553,0.012207677470121648
2022Q1,NE20,LA23,0.02147202141224348,0.0036909639021821595
2022Q2,NE20,LA23,0.05028294916155182,0.008643459629968625
2022Q3,NE20,LA23,0.02618712572439944,0.004501473517325686
2022Q4,NE20,LA23,0.030919054672816432,0.0053148752274385066
2023Q1,NE20,LA23,0.0739312372741606,0.012708516016428448
2023Q2,NE20,LA23,0.13038335993672862,0.02241243456926149
2023Q3,NE20,LA23,0.06706131767287217,0.0115276013380931
2019Q1,NE21,LA23,0.03817073875398902,0.019151597491386996
2019Q2,NE21,LA23,0.057850828190624086,0.02902578813553698
2019Q3,NE21,LA23,0.05822290650271325,0.029212472865804657
2019Q4,NE21,LA23,0.06594835898571078,0.03308860314839561
2020Q1,NE21,LA23,0.04961308353122186,0.024892622912550386
2020Q3,NE21,LA23,0.10302548723991488,0.05169149792173405
2020Q4,NE21,LA23,0.025504512836332784,0.012796508005869095
2021Q2,NE21,LA23,0.02334510404212055,0.011713056927998823
2021Q3,NE21,LA23,0.13338416659163235,0.0669235114036165
2021Q4,NE21,LA23,0.03294117951862285,0.01652774433049862
2022Q1,NE21,LA23,0.02148082165501853,0.010777681112556198
2022Q2,NE21,LA23,0.07609246460197877,0.038178256480100654
2022Q3,NE21,LA23,0.09813298887673172,0.049236760014174916
2022Q4,NE21,LA23,0.05835418587618855,0.029278340328730237
2023Q1,NE21,LA23,0.045240226683682966,0.02269860736647274
2023Q2,NE21,LA23,0.03138974841562059,0.015749336969514208
2023Q3,NE21,LA23,0.05378981389434815,0.026988234927297933
2019Q1,NE22,LA23,0.015312585029603613,0.013393725617027487
2019Q2,NE22,LA23,0.02365587156414693,0.020691493457785464
2019Q3,NE22,LA23,0.026939159070359504,0.023563343762290457
2019Q4,NE22,LA23,0.0171302136543294,0.014983582524020444
2020Q1,NE22,LA23,0.021662010085361588,0.01894748788892935
2020Q3,NE22,LA23,0.06770995203836631,0.0592250438048634
2020Q4,NE22,LA23,0.014700233724316027,0.012858109628714974
2021Q2,NE22,LA23,0.033903745899058924,0.029655180303228727
2021Q3,NE22,LA23,0.10001884020467433,0.08748522209965508
2021Q4,NE22,LA23,0.05639608385450876,0.049328945541321036
2022Q1,NE22,LA23,0.030901918462298856,0.027029519582984548
2022Q2,NE22,LA23,0.06371553355491437,0.05573117617483835
2022Q3,NE22,LA23,0.05957356551963493,0.05210824880680874
2022Q4,NE22,LA23,0.03003331863563013,0.02626976623455206
2023Q1,NE22,LA23,0.04763990655728841,0.04167002734127296
2023Q2,NE22,LA23,0.07400217581128696,0.06472877283379655
2023Q3,NE22,LA23,0.04744201657013149,0.04149693545736095
2019Q1,NE23,LA23,0.021668874374404862,0.060523594446074615
2019Q2,NE23,LA23,0.040279090149130725,0.11250401265524074
2019Q3,NE23,LA23,0.04995388830800336,0.13952680811742169
2019Q4,NE23,LA23,0.03181109522925838,0.08885195387976731
2020Q1,NE23,LA23,0.01861404689611951,0.051991118960552495
2020Q2,NE23,LA23,0.0005606897931520019,0.0015660694258705472
2020Q3,NE23,LA23,0.06044078065850871,0.1688178736640168
2020Q4,NE23,LA23,0.01833779198049078,0.05121950802274592
2021Q2,NE23,LA23,0.03701934944819572,0.10339919157529613
2021Q3,NE23,LA23,0.08238068098555908,0.2300984739683031
2021Q4,NE23,LA23,0.04542692654825197,0.12688249660931147
2022Q1,NE23,LA23,0.04005737694145081,0.11188474281994153
2022Q2,NE23,LA23,0.04554786573170562,0.12722029330172455
2022Q3,NE23,LA23,0.056494492649449175,0.15779544901468445
2022Q4,NE23,LA23,0.04031465745179881,0.11260335611743585
2023Q1,NE23,LA23,0.0278823061260239,0.07787840563541595
2023Q2,NE23,LA23,0.03730836613981816,0.1042064475835992
2023Q3,NE23,LA23,0.07140974715573012,0.19945542632593916
2019Q1,NE24,LA23,0.01396749986779474,0.029047840359677817
2019Q2,NE24,LA23,0.02159329483861386,0.04490700463565082
2019Q3,NE24,LA23,0.028075524768173085,0.0583879269160024
2019Q4,NE24,LA23,0.02021130310921483,0.04203291295754463
2020Q1,NE24,LA23,0.016239680478763098,0.03377323433000078
2020Q3,NE24,LA23,0.0378226845183555,0.07865883746287887
2020Q4,NE24,LA23,0.020232858161219242,0.04207774042956863
2021Q2,NE24,LA23,0.02711173581387256,0.05638356049753595
2021Q3,NE24,LA23,0.04920594224809865,0.10233229774112504
2021Q4,NE24,LA23,0.03489602994934994,0.07257235129763379
2022Q1,NE24,LA23,0.017587670851935817,0.03657661428610784
2022Q2,NE24,LA23,0.026502423166405897,0.055116389086741525
2022Q3,NE24,LA23,0.039586409265510096,0.08232680921005517
2022Q4,NE24,LA23,0.019127223058244526,0.039778380324234586
2023Q1,NE24,LA23,0.014537561460885631,0.030233382389964036
2023Q2,NE24,LA23,0.034208041362067176,0.07114155961395179
2023Q3,NE24,LA23,0.03367285028052535,0.0700285368650205
2019Q1,NE25,LA23,0.039140705741678584,0.1008146709059901
2019Q2,NE25,LA23,0.039274604285218506,0.10115955323107792
2019Q3,NE25,LA23,0.06160495141138955,0.1586758027233363
2019Q4,NE25,LA23,0.04101514499637008,0.10564266194534863
2020Q1,NE25,LA23,0.02832077708152755,0.07294579306054336
2020Q3,NE25,LA23,0.10928364023639578,0.28148174686868505
2020Q4,NE25,LA23,0.02912849127268432,0.07502622157670212
2021Q2,NE25,LA23,0.06298539767463124,0.16223141658095572
2021Q3,NE25,LA23,0.10027681575386398,0.2582828793748993
2021Q4,NE25,LA23,0.0414024121466168,0.10664014550025676
2022Q1,NE25,LA23,0.04163040459329001,0.10722738538377108
2022Q2,NE25,LA23,0.052821263097117474,0.1360516668023228
2022Q3,NE25,LA23,0.0521496931273797,0.13432190480119044
2022Q4,NE25,LA23,0.03707327854425396,0.09548960104378484
2023Q1,NE25,LA23,0.02778512676542088,0.07156611915544354
2023Q2,NE25,LA23,0.05830675238136367,0.15018063526291806
2023Q3,NE25,LA23,0.05133844199356339,0.1322323661858784
2019Q3,NE26,LA23,0.11733928382262727,0.011343230283800859
2020Q3,NE26,LA23,0.084166475188428,0.008136403079477852
2020Q4,NE26,LA23,0.061882736536085815,0.005982226141602179
2021Q2,NE26,LA23,0.05827548435375896,0.005633511790680034
2019Q1,NE27,LA23,0.042453949168486466,0.026552974634419784
2019Q2,NE27,LA23,0.06826555814805166,0.04269693796249362
2019Q3,NE27,LA23,0.12174554176629675,0.07614618535355969
2019Q4,NE27,LA23,0.059996581410277014,0.03752507683128651
2020Q1,NE27,LA23,0.02904297309793365,0.01816503159498793
2020Q3,NE27,LA23,0.16313666541679664,0.10203441195928817
2021Q2,NE27,LA23,0.0705177910789776,0.044105605119660565
2021Q3,NE27,LA23,0.17685028203619532,0.11061164261446003
2021Q4,NE27,LA23,0.1038516014160484,0.06495435624140115
2022Q1,NE27,LA23,0.06119072841928306,0.03827196035710565
2022Q2,NE27,LA23,0.10384605262065323,0.06495088572743801
2022Q3,NE27,LA23,0.12172392458423635,0.07613266480957827
2022Q4,NE27,LA23,0.0980950729932532,0.061353914911757776
2023Q1,NE27,LA23,0.04287727601717768,0.026817745928858286
2023Q2,NE27,LA23,0.08911527244537415,0.05573746648139656
2023Q3,NE27,LA23,0.13015890278425038,0.08140835215018287
2019Q1,NE28,LA23,0.033572497214937165,0.034075385951917364
2019Q2,NE28,LA23,0.03270762911103818,0.03319756282636361
2019Q3,NE28,LA23,0.038460095464234345,0.039036196452740535
2019Q4,NE28,LA23,0.0242378912132224,0.024600955134897483
2020Q1,NE28,LA23,0.016813389267017673,0.017065240180541168
2020Q2,NE28,LA23,0.0017379282703915253,0.0017639610241442169
2020Q3,NE28,LA23,0.12057768707869047,0.12238384288458085
2021Q2,NE28,LA23,0.04919803740588898,0.04993498404213576
2021Q3,NE28,LA23,0.1221286226159682,0.12395801017636543
2021Q4,NE28,LA23,0.04085744915574381,0.0414694605551527
2022Q1,NE28,LA23,0.017300353961709498,0.017559499210792834
2022Q2,NE28,LA23,0.056382048888477615,0.057226606181084
2022Q3,NE28,LA23,0.09185218397671722,0.09322805508017427
2022Q4,NE28,LA23,0.03192731734017009,0.03240556261902354
2023Q1,NE28,LA23,0.040504193169644216,0.041110913081334965
2023Q2,NE28,LA23,0.07849798218398789,0.0796738181923512
2023Q3,NE28,LA23,0.11953701018800107,0.12132757749942193
2019Q1,NE29,LA23,0.02589650234697441,0.07193355982129185
2019Q2,NE29,LA23,0.039282318693111114,0.109115778793969
2019Q3,NE29,LA23,0.057348615636799466,0.15929912149159256
2019Q4,NE29,LA23,0.029576287363638525,0.08215501876887935
2020Q1,NE29,LA23,0.017685410523214245,0.049125342055483016
2020Q3,NE29,LA23,0.07317811263126192,0.20326923196194188
2020Q4,NE29,LA23,0.0253109216867266,0.0703069733081889
2021Q2,NE29,LA23,0.0381499149670996,0.10597026400299496
2021Q3,NE29,LA23,0.08304313078888019,0.2306716148888421
2021Q4,NE29,LA23,0.0289568426131128,0.08043436686690024
2022Q1,NE29,LA23,0.029253524320251724,0.08125846932839942
2022Q2,NE29,LA23,0.053959499564127315,0.14988506315705666
2022Q3,NE29,LA23,0.06289639176706469,0.17470936032595752
2022Q4,NE29,LA23,0.031400184880828554,0.08722131843370738
2023Q1,NE29,LA23,0.031038377920903037,0.08621631543187909
2023Q2,NE29,LA23,0.04818880869970366,0.13385562678976667
2023Q3,NE29,LA23,0.06191782107221576,0.17199115256669606
2019Q1,NE3,LA23,0.03907225718901693,0.17756356885114982
2019Q2,NE3,LA23,0.0519294375593227,0.2359929250275873
2019Q3,NE3,LA23,0.06675914208058392,0.30338640186371346
2019Q4,NE3,LA23,0.04187753683564762,0.19031214038290292
2020Q1,NE3,LA23,0.029453630517035014,0.13385179476393236
2020Q2,NE3,LA23,0.0006981260011124727,0.0031726281813111547
2020Q3,NE3,LA23,0.03193274149573483,0.1451180953215501
2020Q4,NE3,LA23,0.009732811957077274,0.04423068822708235
2021Q2,NE3,LA23,0.02193862549485009,0.09969991290007726
2021Q3,NE3,LA23,0.02013197786366671,0.09148961679413403
2021Q4,NE3,LA23,0.01659692744344833,0.07542460765872183
2022Q1,NE3,LA23,0.010265140987870852,0.046649853366519216
2022Q2,NE3,LA23,0.0127807492556899,0.05808201557062575
2022Q3,NE3,LA23,0.016374984469074608,0.07441598953818193
2022Q4,NE3,LA23,0.008319568191652964,0.03780821292878
2023Q1,NE3,LA23,0.0034579670000864315,0.01571470413225696
2023Q2,NE3,LA23,0.012655538416383718,0.05751299588541794
2023Q3,NE3,LA23,0.012412689845714149,0.056409372445136864
2019Q2,NE30,LA23,0.007692000918272847,0.0026669453759307943
2019Q3,NE30,LA23,0.033234548889740825,0.011522973986142236
2019Q4,NE30,LA23,0.01511123880447117,0.005239319246365805
2020Q1,NE30,LA23,0.06937231408876415,0.02405254162634586
2020Q3,NE30,LA23,0.13338967259599796,0.04624843058478177
2020Q4,NE30,LA23,0.04719342644402559,0.016362750312500625
2021Q2,NE30,LA23,0.07180111457391093,0.024894647379028887
2021Q3,NE30,LA23,0.045216937133626255,0.015677468409527356
2021Q4,NE30,LA23,0.05297817148205868,0.018368418173703254
2022Q1,NE30,LA23,0.05948590538263183,0.020624758366369098
2022Q2,NE30,LA23,0.05846804883862895,0.020271850477741483
2022Q3,NE30,LA23,0.056358097494187034,0.01954029505525957
2022Q4,NE30,LA23,0.027429367477744958,0.009510220492264843
2023Q1,NE30,LA23,0.02733990620805079,0.00947920277371921
2023Q2,NE30,LA23,0.04260149833524806,0.014770652031906466
2023Q3,NE30,LA23,0.04273433476600606,0.014816708644292409
2019Q1,NE31,LA23,0.02154488930412896,0.020352250717887745
2019Q2,NE31,LA23,0.04101602331209584,0.038745540908326895
2019Q3,NE31,LA23,0.07388336854599728,0.06979348184639146
2019Q4,NE31,LA23,0.038317095163676734,0.03619601458814927
2020Q1,NE31,LA23,0.017906977248818432,0.016915718870628874
2020Q3,NE31,LA23,0.09632667593776004,0.09099441783301736
2020Q4,NE31,LA23,0.0251061089992581,0.0237163355861659
2021Q2,NE31,LA23,0.051412966248541685,0.048566950819287344
2021Q3,NE31,LA23,0.11463043282248694,0.10828495221166624
2021Q4,NE31,LA23,0.04804477862165351,0.045385212538822925
2022Q1,NE31,LA23,0.03618325653144442,0.03418029669692836
2022Q2,NE31,LA23,0.05102644287637005,0.04820182382941448
2022Q3,NE31,LA23,0.057091185933947165,0.05393084705645532
2022Q4,NE31,LA23,0.030290956475352994,0.028614170719032783
2023Q1,NE31,LA23,0.05675242307350524,0.053610836748103366
2023Q2,NE31,LA23,0.07154164922489006,0.06758139070675574
2023Q3,NE31,LA23,0.09257127608516566,0.08744690184131199
2019Q1,NE32,LA23,0.022679272123276376,0.03779165568508081
2019Q2,NE32,LA23,0.0413854443921763,0.0689627275664629
2019Q3,NE32,LA23,0.0592392711523901,0.09871349160842667
2019Q4,NE32,LA23,0.02503085884361143,0.041710227461346096
2020Q1,NE32,LA23,0.024409866738117854,0.040675435881334134
2020Q3,NE32,LA23,0.08329750848700601,0.13880298904898264
2020Q4,NE32,LA23,0.025382922143218398,0.042296888925866576
2021Q2,NE32,LA23,0.03565306939041705,0.05941057169714335
2021Q3,NE32,LA23,0.07384768521594355,0.12305625496494076
2021Q4,NE32,LA23,0.04234474529074795,0.07056126075836372
2022Q1,NE32,LA23,0.02160329656206692,0.03599870140886946
2022Q2,NE32,LA23,0.041324525379032584,0.06886121503304082
2022Q3,NE32,LA23,0.042981617993684974,0.07162251500734469
2022Q4,NE32,LA23,0.01919165862079817,0.03198006314666675
2023Q1,NE32,LA23,0.01646657413326854,0.02743911253301025
2023Q2,NE32,LA23,0.029382489660000587,0.048961577177846966
2023Q3,NE32,LA23,0.02531879229889758,0.042190026016751314
2019Q1,NE33,LA23,0.026280827283462715,0.05640662495491604
2019Q2,NE33,LA23,0.04148286439626726,0.08903480658420067
2019Q3,NE33,LA23,0.0544690087272072,0.11690701033886212
2019Q4,NE33,LA23,0.029438707779632506,0.06318439412019568
2020Q1,NE33,LA23,0.025085817013561,0.053841770531401184
2020Q2,NE33,LA23,0.0008899414024430179,0.0019100841224675954
2020Q3,NE33,LA23,0.08440304917326116,0.1811545385697688
2020Q4,NE33,LA23,0.032191806085941015,0.06909337795670058
2021Q2,NE33,LA23,0.055909091436459835,0.11999786453491655
2021Q3,NE33,LA23,0.08904136932471005,0.19110978017543315
2021Q4,NE33,LA23,0.07183812625560564,0.1541864037025074
2022Q1,NE33,LA23,0.029649419547074438,0.0636366454710184
2022Q2,NE33,LA23,0.05577666810187724,0.1197136439018096
2022Q3,NE33,LA23,0.08314551595525836,0.17845549093967888
2022Q4,NE33,LA23,0.02078163755296048,0.044603696175746534
2023Q1,NE33,LA23,0.043039604955344285,0.09237604390222144
2023Q2,NE33,LA23,0.04156977668403708,0.08922134670971989
2023Q3,NE33,LA23,0.06483875632694325,0.1391636332916531
2019Q1,NE34,LA23,0.03808081185107495,0.04484735517690922
2019Q2,NE34,LA23,0.05371704398930142,0.06326197456774688
2019Q3,NE34,LA23,0.08285571809736783,0.0975782720306061
2019Q4,NE34,LA23,0.059209791681360535,0.06973072338555787
2020Q1,NE34,LA23,0.043233685496287824,0.05091583805097047
2020Q2,NE34,LA23,0.0059369905755452855,0.0069919287977555575
2020Q3,NE34,LA23,0.1267369201348564,0.14925668322260413
2020Q4,NE34,LA23,0.033657599160841746,0.039638186020598265
2021Q2,NE34,LA23,0.06150652002177199,0.07243555520558638
2021Q3,NE34,LA23,0.11957820023629084,0.14082593717762676
2021Q4,NE34,LA23,0.0656998756976641,0.07737402427277178
2022Q1,NE34,LA23,0.04759532057290347,0.05605248792592648
2022Q2,NE34,LA23,0.04531707165592062,0.05336941912054189
2022Q3,NE34,LA23,0.07230040650050601,0.0851473971312295
2022Q4,NE34,LA23,0.053262916763051116,0.06272715390555092
2023Q1,NE34,LA23,0.033305262247032036,0.039223242694879375
2023Q2,NE34,LA23,0.0730621762211108,0.08604452499070325
2023Q3,NE34,LA23,0.08214318591028373,0.0967391306752666
2019Q1,NE35,LA23,0.03131726814146664,0.007915447023824095
2019Q2,NE35,LA23,0.028097920372857108,0.007101756104214345
2019Q3,NE35,LA23,0.04501594475381821,0.011377790818683876
2019Q4,NE35,LA23,0.019776933355502038,0.004998624642546642
2020Q1,NE35,LA23,0.03373878750003068,0.008527486621700095
2020Q3,NE35,LA23,0.049584077374835236,0.012532387432798688
2021Q2,NE35,LA23,0.021089102203432717,0.005330275633149976
2021Q3,NE35,LA23,0.038264868928406366,0.009671454786802765
2023Q2,NE35,LA23,0.013178900986301856,0.003330970380879783
2023Q3,NE35,LA23,0.04518243314917371,0.011419870800487049
2019Q1,NE36,LA23,0.041321501992696935,0.023332337676618416
2019Q2,NE36,LA23,0.05809172803345095,0.03280170732744204
2019Q3,NE36,LA23,0.06290336119804267,0.03551861364396732
2019Q4,NE36,LA23,0.05604975783690136,0.03164870136556034
2020Q1,NE36,LA23,0.0537374798028327,0.030343065091674355
2020Q3,NE36,LA23,0.06055663844190269,0.03419352803141286
2020Q4,NE36,LA23,0.037933882784073614,0.021419506063929998
2021Q2,NE36,LA23,0.06944773034430551,0.03921391568860341
2021Q3,NE36,LA23,0.07469357188266658,0.042175999356150254
2021Q4,NE36,LA23,0.06902427794322759,0.03897481173701736
2022Q1,NE36,LA23,0.03128297828924808,0.01766404844393267
2022Q2,NE36,LA23,0.0894074864299491,0.050484265179178166
2022Q3,NE36,LA23,0.06335139867955814,0.035771599651405965
2022Q4,NE36,LA23,0.04043170134706935,0.02282990847807851
2023Q1,NE36,LA23,0.02566080575398106,0.014489468098517243
2023Q2,NE36,LA23,0.042325648871817896,0.023899332895347725
2023Q3,NE36,LA23,0.02537103472778229,0.01432584782562966
2019Q1,NE37,LA23,0.03182946984887357,0.07694187298198561
2019Q2,NE37,LA23,0.034574328224647996,0.08357706186527925
2019Q3,NE37,LA23,0.049443133623722935,0.11951965663174448
2019Q4,NE37,LA23,0.034170749995767934,0.08260148592976349
2020Q1,NE37,LA23,0.020551203611414253,0.04967874442785666
2020Q3,NE37,LA23,0.056357981322536985,0.1362350256233758
2020Q4,NE37,LA23,0.021336884550880772,0.051577983194189415
2021Q2,NE37,LA23,0.044591879843616615,0.10779264534551884
2021Q3,NE37,LA23,0.08333093319740494,0.20143716210127088
2021Q4,NE37,LA23,0.03637955789959478,0.08794087166206672
2022Q1,NE37,LA23,0.023494217013226668,0.05679293654043895
2022Q2,NE37,LA23,0.04342170337815488,0.10496395955843048
2022Q3,NE37,LA23,0.05440699927900408,0.13151888635695455
2022Q4,NE37,LA23,0.026880678930667624,0.06497908365338859
2023Q1,NE37,LA23,0.02731808558738906,0.06603643357416103
2023Q2,NE37,LA23,0.03915501440240874,0.09465002587419996
2023Q3,NE37,LA23,0.040376546668581,0.09760285483784506
2019Q1,NE38,LA23,0.02945301220101164,0.04721091979056148
2019Q2,NE38,LA23,0.04350587421536275,0.06973657987787067
2019Q3,NE38,LA23,0.06269420956306186,0.10049400987627008
2019Q4,NE38,LA23,0.052956242140532316,0.08488479490801798
2020Q1,NE38,LA23,0.029112953761457564,0.04666583219122455
2020Q2,NE38,LA23,0.0014844121484659852,0.0023793988336091336
2020Q3,NE38,LA23,0.09776226816140067,0.15670541842075902
2020Q4,NE38,LA23,0.027173371203979748,0.043556830099237775
2021Q2,NE38,LA23,0.04532213540744186,0.07264790727870649
2021Q3,NE38,LA23,0.08398581921477569,0.13462282728274505
2021Q4,NE38,LA23,0.05590603146445835,0.08961308097331022
2022Q1,NE38,LA23,0.048837200280444915,0.0782822866978773
2022Q2,NE38,LA23,0.059620557594883876,0.09556718149133606
2022Q3,NE38,LA23,0.06002998994079613,0.09622347014224218
2022Q4,NE38,LA23,0.019908371542234418,0.0319115927982688
2023Q1,NE38,LA23,0.04579183013234922,0.07340079190158691
2023Q2,NE38,LA23,0.05759649042972801,0.09232275705241227
2023Q3,NE38,LA23,0.06875382632519139,0.1102071108306306
2019Q2,NE39,LA23,0.028412721516564963,0.0026869731335931275
2019Q3,NE39,LA23,0.07554146226531007,0.0071439083883917485
2019Q4,NE39,LA23,0.028120665987696792,0.002659353626636408
2020Q1,NE39,LA23,0.03814918005095279,0.0036077438694408384
2020Q3,NE39,LA23,0.169116971166595,0.015993285180173827
2020Q4,NE39,LA23,0.1166211366674453,0.011028787258264805
2021Q2,NE39,LA23,0.1355298208034861,0.012816969577776824
2021Q3,NE39,LA23,0.3414740767084342,0.032292987822343924
2021Q4,NE39,LA23,0.0905578566174036,0.00856399932068738
2022Q1,NE39,LA23,0.11554695337409507,0.010927202422468493
2022Q2,NE39,LA23,0.20548858811645224,0.01943292602952468
2022Q3,NE39,LA23,0.2607635373994653,0.02466024308176793
2022Q4,NE39,LA23,0.1143389750086194,0.010812964671181535
2023Q1,NE39,LA23,0.035720990627692815,0.0033781115288792104
2023Q2,NE39,LA23,0.122667144840978,0.011600554433693441
2023Q3,NE39,LA23,0.07204749952466205,0.006813486538150363
2019Q1,NE4,LA23,0.018497245048652425,0.043386774915043516
2019Q2,NE4,LA23,0.04588770106337165,0.10763329091271097
2019Q3,NE4,LA23,0.037303325171216484,0.08749794731751996
2019Q4,NE4,LA23,0.01937572501385929,0.045447320278288426
2020Q1,NE4,LA23,0.01193732791627572,0.027999962049929814
2020Q3,NE4,LA23,0.021844895183092097,0.051238957361414386
2020Q4,NE4,LA23,0.01134977373483749,0.026621806494688892
2021Q2,NE4,LA23,0.01934841411701473,0.045383260374718654
2021Q3,NE4,LA23,0.022404768568405696,0.05255218538459476
2021Q4,NE4,LA23,0.008994162644583671,0.02109653135823453
2022Q1,NE4,LA23,0.009627892586149621,0.022582995870075367
2022Q2,NE4,LA23,0.011078390963032118,0.025985256391948156
2022Q3,NE4,LA23,0.014959435859320962,0.03508855912203389
2022Q4,NE4,LA23,0.010926146584346666,0.025628154965615067
2023Q1,NE4,LA23,0.024755046944038624,0.058064952210306935
2023Q2,NE4,LA23,0.05251752915968003,0.12318408556258338
2023Q3,NE4,LA23,0.05273342703947614,0.12369049139170607
2019Q1,NE40,LA23,0.043224640276537316,0.009516872310694213
2019Q2,NE40,LA23,0.03699344317834018,0.008144934759637255
2019Q3,NE40,LA23,0.04770748989906638,0.010503872021338664
2019Q4,NE40,LA23,0.017250646364447612,0.003798116020794353
2020Q1,NE40,LA23,0.02337872905480106,0.005147350626342382
2020Q3,NE40,LA23,0.17873798913250716,0.039353170061374725
2020Q4,NE40,LA23,0.07002453462087818,0.015417469071788181
2021Q2,NE40,LA23,0.12002615589954956,0.026426445479513342
2021Q3,NE40,LA23,0.3243253529229378,0.07140748774637799
2021Q4,NE40,LA23,0.11056885707314752,0.024344209403998764
2022Q1,NE40,LA23,0.12201094405562353,0.02686344102937307
2022Q2,NE40,LA23,0.12828778734073235,0.028245428610448306
2022Q3,NE40,LA23,0.2286749176139008,0.05034790290137614
2022Q4,NE40,LA23,0.09593580607469353,0.021122415608209683
2023Q1,NE40,LA23,0.06980418504233324,0.01536895417867834
2023Q2,NE40,LA23,0.07252325286700106,0.015967617837321372
2023Q3,NE40,LA23,0.08858151574456838,0.019503203937278425
2019Q2,NE41,LA23,0.062435171405631686,0.006645166610937684
2019Q3,NE41,LA23,0.04868704285417616,0.005181911161225398
2019Q4,NE41,LA23,0.06463413830557542,0.0068792093963274785
2020Q1,NE41,LA23,0.0730794755005401,0.007778072512782818
2020Q3,NE41,LA23,0.11162830951481498,0.011880943040966107
2020Q4,NE41,LA23,0.07423568237842218,0.007901131153726109
2021Q2,NE41,LA23,0.15717620314296699,0.016728744930864275
2021Q4,NE41,LA23,0.13959058184582654,0.014857053369114004
2022Q1,NE41,LA23,0.2706393627031166,0.028804976684631688
2022Q2,NE41,LA23,0.038296126048016285,0.004075974044968893
2022Q3,NE41,LA23,0.15818227975057186,0.01683582474710224
2022Q4,NE41,LA23,0.09537959487788128,0.010151542551704907
2023Q2,NE41,LA23,0.06766323728822886,0.0072016056830290845
2023Q3,NE41,LA23,0.07139951098291239,0.0075992687413064626
2019Q1,NE42,LA23,0.031258838594882016,0.01374272917744656
2019Q2,NE42,LA23,0.07445462531270057,0.032733453886166795
2019Q3,NE42,LA23,0.08354745378339884,0.036731052157467935
2019Q4,NE42,LA23,0.058043788498918066,0.025518544566278976
2020Q1,NE42,LA23,0.043476514845861285,0.019114144861534687
2020Q3,NE42,LA23,0.18460612628142015,0.08116078882081168
2020Q4,NE42,LA23,0.08363428708838216,0.03676922781106255
2021Q2,NE42,LA23,0.15292561989491452,0.06723267635583363
2021Q3,NE42,LA23,0.25990211369316385,0.11426414165355064
2021Q4,NE42,LA23,0.15835138580023694,0.06961807628650403
2022Q1,NE42,LA23,0.11705096620350353,0.05146063644081048
2022Q2,NE42,LA23,0.17498308838786913,0.07693008769498576
2022Q3,NE42,LA23,0.17490069542234518,0.07689386420549539
2022Q4,NE42,LA23,0.1295520018947977,0.05695662911570078
2023Q1,NE42,LA23,0.1074034242144174,0.04721916226122396
2023Q2,NE42,LA23,0.1161393809581955,0.05105986438044111
2023Q3,NE42,LA23,0.15486029224306594,0.0680832414863018
2020Q3,NE43,LA23,0.15060444714704385,0.006479160359700436
2021Q2,NE43,LA23,0.2570050134649404,0.01105662367234422
2021Q3,NE43,LA23,0.939598847176502,0.04042252217626971
2021Q4,NE43,LA23,0.16588135676368704,0.007136388941471596
2022Q2,NE43,LA23,0.1240034652535094,0.005334758380352375
2022Q3,NE43,LA23,0.1305041348241558,0.005614423963882721
2019Q1,NE45,LA23,0.0598372590527893,0.01174479767028678
2019Q2,NE45,LA23,0.06276649990472097,0.012319746150181636
2019Q3,NE45,LA23,0.10524270244951987,0.02065693292290245
2019Q4,NE45,LA23,0.054323935633415386,0.010662648035152688
2020Q1,NE45,LA23,0.049266648453313536,0.009670008739318118
2020Q3,NE45,LA23,0.1285333351639419,0.025228395138484957
2020Q4,NE45,LA23,0.1169044110625044,0.02294588148634704
2021Q2,NE45,LA23,0.1827497081302592,0.035869930880361826
2021Q3,NE45,LA23,0.2890249385108611,0.056729527358237275
2021Q4,NE45,LA23,0.2368607286212681,0.04649078814320827
2022Q1,NE45,LA23,0.15282481639379372,0.02999630290485648
2022Q2,NE45,LA23,0.19398006097895645,0.03807421336358045
2022Q3,NE45,LA23,0.11704328477995635,0.022973139481432595
2022Q4,NE45,LA23,0.13235917715188986,0.02597932759726111
2023Q1,NE45,LA23,0.09347158934294586,0.018346510554310882
2023Q2,NE45,LA23,0.20752595809264904,0.040732988571223
2023Q3,NE45,LA23,0.10913521855645676,0.02142095211141464
2019Q1,NE46,LA23,0.044017261733842135,0.07606159157570798
2019Q2,NE46,LA23,0.047442095271174094,0.08197968551136613
2019Q3,NE46,LA23,0.09776148252089688,0.1689313160891872
2019Q4,NE46,LA23,0.0544719749007577,0.09412727970850078
2020Q1,NE46,LA23,0.04107268816989504,0.07097338429148756
2020Q2,NE46,LA23,0.0017253458792929046,0.002981388401466852
2020Q3,NE46,LA23,0.07238632463981094,0.1250831797241677
2020Q4,NE46,LA23,0.02901953524838393,0.050145600858274304
2021Q2,NE46,LA23,0.05380020509132282,0.092966465090202
2021Q3,NE46,LA23,0.06525129661215136,0.1127538896605874
2021Q4,NE46,LA23,0.043409635376158336,0.0750116164971072
2022Q1,NE46,LA23,0.05334714227621469,0.09218357498201518
2022Q2,NE46,LA23,0.05306646760279898,0.09169857065566524
2022Q3,NE46,LA23,0.06130724840242593,0.10593859556308123
2022Q4,NE46,LA23,0.07873698662277005,0.13605708948039022
2023Q1,NE46,LA23,0.051108732466477035,0.08831561486771249
2023Q2,NE46,LA23,0.08977292398295003,0.15512712989364325
2023Q3,NE46,LA23,0.07949616391472811,0.13736894375846018
2019Q1,NE47,LA23,0.057182232889387064,0.00634981141219894
2019Q2,NE47,LA23,0.03142506277596276,0.003489601789945341
2019Q3,NE47,LA23,0.013020200984811188,0.0014458305775223144
2020Q1,NE47,LA23,0.07713152218146235,0.008565083856300866
2020Q3,NE47,LA23,0.0570767534394926,0.006338098427573316
2020Q4,NE47,LA23,0.047676711352293566,0.005294269050782315
2021Q3,NE47,LA23,0.09401018748772133,0.010439378303523495
2021Q4,NE47,LA23,0.06643707795605237,0.00737751735953615
2022Q1,NE47,LA23,0.06461462746065373,0.007175143014060081
2022Q2,NE47,LA23,0.05337650829288651,0.005927204034811436
2022Q3,NE47,LA23,0.03790944451361013,0.004209661134924324
2022Q4,NE47,LA23,0.06015193517931674,0.0066795825410722355
2023Q1,NE47,LA23,0.07642441920254027,0.00848656347788464
2023Q2,NE47,LA23,0.07446784051776968,0.008269294843316729
2023Q3,NE47,LA23,0.05473211455634487,0.006077737577962982
2021Q3,NE48,LA23,0.18188048413733515,0.007536871792344031
2022Q3,NE48,LA23,0.12728720060999868,0.005274602804991143
2019Q1,NE49,LA23,0.04682696503941245,0.010033906588829036
2019Q2,NE49,LA23,0.06377418481721778,0.01366529333464382
2019Q3,NE49,LA23,0.07035972764257221,0.015076418772534654
2019Q4,NE49,LA23,0.09745739571019216,0.020882805540003997
2020Q1,NE49,LA23,0.033024217956666706,0.007076305668484594
2020Q3,NE49,LA23,0.0645387920848436,0.0138291305146541
2020Q4,NE49,LA23,0.02671367730391379,0.005724106665593044
2021Q2,NE49,LA23,0.0642516425770106,0.013767601194182454
2021Q3,NE49,LA23,0.12083932890089442,0.025892998562427803
2021Q4,NE49,LA23,0.06484686200335303,0.013895142582328143
2022Q1,NE49,LA23,0.0586888378929509,0.012575624252589571
2022Q2,NE49,LA23,0.09016258347771088,0.01931970051147697
2022Q3,NE49,LA23,0.12220118015073457,0.02618481094482917
2022Q4,NE49,LA23,0.04690254845863053,0.01005010232065706
2023Q1,NE49,LA23,0.04102694989236027,0.00879110107815088
2023Q2,NE49,LA23,0.04288043079309665,0.009188258019808632
2023Q3,NE49,LA23,0.039759240490564056,0.008519461058160316
2019Q1,NE5,LA23,0.0323238080427443,0.1205751989931611
2019Q2,NE5,LA23,0.04842101219193287,0.1806214531645544
2019Q3,NE5,LA23,0.05175613747867305,0.1930622334892008
2019Q4,NE5,LA23,0.03643416882614541,0.13590778507760062
2020Q1,NE5,LA23,0.025547010076396013,0.09529619219271357
2020Q2,NE5,LA23,0.00042700365015102483,0.0015928213043364798
2020Q3,NE5,LA23,0.05538661826341602,0.20660475739239828
2020Q4,NE5,LA23,0.016478658158946728,0.061469164896283984
2021Q2,NE5,LA23,0.024718646254493864,0.09220620562514988
2021Q3,NE5,LA23,0.04290623000685255,0.1600500539503687
2021Q4,NE5,LA23,0.015837687495903415,0.0590781976827977
2022Q1,NE5,LA23,0.01860282202731036,0.06939278208839632
2022Q2,NE5,LA23,0.029927102262225714,0.11163493811696908
2022Q3,NE5,LA23,0.02861226828092772,0.10673030656092436
2022Q4,NE5,LA23,0.010677339661556715,0.03982891968382293
2023Q1,NE5,LA23,0.016382306132396534,0.061109749793975474
2023Q2,NE5,LA23,0.05096907845833567,0.19012632328112605
2023Q3,NE5,LA23,0.05617065356294434,0.20952938843009286
2019Q1,NE6,LA23,0.02033398826653623,0.08222580279325271
2019Q2,NE6,LA23,0.0339689026716447,0.13736214733528235
2019Q3,NE6,LA23,0.054059598063583764,0.2186041317223568
2019Q4,NE6,LA23,0.028894028224895587,0.11684056445694267
2020Q1,NE6,LA23,0.024452069275683826,0.0988783410216762
2020Q2,NE6,LA23,0.0007716104948365495,0.003120208959992773
2020Q3,NE6,LA23,0.040233171203135375,0.16269335644992555
2020Q4,NE6,LA23,0.01690605656778595,0.06836406390781986
2021Q1,NE6,LA23,0.00046985008882666776,0.0018999617900750802
2021Q2,NE6,LA23,0.027680818008092342,0.11193463145816177
2021Q3,NE6,LA23,0.060964130763991174,0.2465244165558827
2021Q4,NE6,LA23,0.029516716374430468,0.11935856694195505
2022Q1,NE6,LA23,0.02862468422085857,0.11575140149150805
2022Q2,NE6,LA23,0.040695940820268034,0.16456468649980466
2022Q3,NE6,LA23,0.029287280483577906,0.1184307828758068
2022Q4,NE6,LA23,0.033364022981219016,0.1349161580150053
2023Q1,NE6,LA23,0.02399387693318165,0.09702552037960056
2023Q2,NE6,LA23,0.039870010949152636,0.16122482292689433
2023Q3,NE6,LA23,0.030567790941432364,0.12360886201119785
2019Q1,NE61,LA23,0.031186118817826968,0.0529524513283445
2019Q2,NE61,LA23,0.05060648521073868,0.08592725053969855
2019Q3,NE61,LA23,0.05362100497106696,0.09104575251872228
2019Q4,NE61,LA23,0.05454384582038588,0.0926126895730836
2020Q1,NE61,LA23,0.030181647943215307,0.051246910622579946
2020Q3,NE61,LA23,0.09472996235640453,0.16084668150965964
2020Q4,NE61,LA23,0.04113352729905375,0.06984264746086938
2021Q2,NE61,LA23,0.05665724163953259,0.09620112870860442
2021Q3,NE61,LA23,0.07285085872278944,0.12369707090776122
2021Q4,NE61,LA23,0.043492579673189424,0.07384819899333607
2022Q1,NE61,LA23,0.05536840701484009,0.0940127527477169
2022Q2,NE61,LA23,0.07085605425494179,0.1203099938844772
2022Q3,NE61,LA23,0.06518559921158841,0.11068184821983956
2022Q4,NE61,LA23,0.033201405310800236,0.05637430579363423
2023Q1,NE61,LA23,0.041816971172788014,0.071003100567297
2023Q2,NE61,LA23,0.05926407967729815,0.10062740775672856
2023Q3,NE61,LA23,0.06522260311976755,0.1107446789830474
2019Q2,NE62,LA23,0.0207240672898162,0.006506635261908692
2019Q3,NE62,LA23,0.061329578500555385,0.01925535139841027
2019Q4,NE62,LA23,0.049194788721802,0.01544545009061606
2020Q1,NE62,LA23,0.03719034188559947,0.011676471926637304
2020Q3,NE62,LA23,0.10502140793756044,0.03297306395437247
2020Q4,NE62,LA23,0.03304446910336815,0.010374812283334095
2021Q2,NE62,LA23,0.054355540210431895,0.017065746297160796
2021Q3,NE62,LA23,0.10774663476114127,0.03382869025103693
2021Q4,NE62,LA23,0.08570416933333283,0.0269081238966486
2022Q1,NE62,LA23,0.062156312005427386,0.01951491692190405
2022Q2,NE62,LA23,0.05507979560676127,0.017293137264121225
2022Q3,NE62,LA23,0.1049470249509104,0.032949710287495465
2022Q4,NE62,LA23,0.060948452051930564,0.0191356909690559
2023Q1,NE62,LA23,0.00920115241982183,0.0028888413624495713
2023Q2,NE62,LA23,0.07276014792891923,0.02284415204580226
2023Q3,NE62,LA23,0.06613015973803771,0.020762566691655767
2019Q1,NE63,LA23,0.015351440615910872,0.030187542684700787
2019Q2,NE63,LA23,0.0333024023340135,0.06548686322762169
2019Q3,NE63,LA23,0.03133448764615625,0.06161709555396318
2019Q4,NE63,LA23,0.01972297473081875,0.03878386116666999
2020Q1,NE63,LA23,0.018000304820212133,0.03539635032914059
2020Q3,NE63,LA23,0.02846460899567007,0.055973678338013325
2020Q4,NE63,LA23,0.012029311476641678,0.02365480626569425
2021Q2,NE63,LA23,0.017592323403664466,0.03459408318465953
2021Q3,NE63,LA23,0.02243162424363717,0.044110232471611416
2021Q4,NE63,LA23,0.01246626633913739,0.02451404768107032
2022Q1,NE63,LA23,0.009224476006208921,0.01813929194976125
2022Q2,NE63,LA23,0.010859931432312023,0.021355301555611758
2022Q3,NE63,LA23,0.015304597760406028,0.030095429459928894
2022Q4,NE63,LA23,0.010059153920506728,0.019780628147207567
2023Q1,NE63,LA23,0.01670161055075647,0.03284255816888326
2023Q2,NE63,LA23,0.05132748901027765,0.1009319453569948
2023Q3,NE63,LA23,0.033952539987888386,0.06676531380879634
2020Q3,NE64,LA23,0.22913937437969736,0.006436068144658015
2022Q3,NE64,LA23,0.2221094063803382,0.006238610360629739
2019Q1,NE65,LA23,0.02064112709296291,0.010002744265534935
2019Q2,NE65,LA23,0.07190138322036935,0.034843598678135024
2019Q3,NE65,LA23,0.05766374111217563,0.027944000012274053
2019Q4,NE65,LA23,0.0656487387332726,0.031813550778809874
2020Q1,NE65,LA23,0.07928659963410427,0.0384224939002572
2020Q3,NE65,LA23,0.1090206783894255,0.05283170636337664
2020Q4,NE65,LA23,0.025898910612226298,0.012550679933479443
2021Q2,NE65,LA23,0.0805236110744622,0.03902195288501679
2021Q3,NE65,LA23,0.13596875851661944,0.06589081659245727
2021Q4,NE65,LA23,0.08134734043910047,0.03942113429315304
2022Q1,NE65,LA23,0.10032325408545444,0.04861691175988183
2022Q2,NE65,LA23,0.0693220256301019,0.03359363523240788
2022Q3,NE65,LA23,0.07188616489122734,0.03483622383596334
2022Q4,NE65,LA23,0.07750053475019106,0.037556962178322925
2023Q1,NE65,LA23,0.01892279869366221,0.009170037821502108
2023Q2,NE65,LA23,0.03983203693827428,0.0193027094535324
2023Q3,NE65,LA23,0.029577717883352214,0.014333439574924048
2019Q1,NE66,LA23,0.033904254103803405,0.04681050924206328
2019Q2,NE66,LA23,0.05046317838236015,0.06967288148617208
2019Q3,NE66,LA23,0.050206733822052464,0.06931881675955674
2019Q4,NE66,LA23,0.04772057791014569,0.06588626154288063
2020Q1,NE66,LA23,0.027765137859280118,0.03833442960844232
2020Q3,NE66,LA23,0.05087672600187206,0.07024385333548416
2020Q4,NE66,LA23,0.04509926099963689,0.06226709389831112
2021Q2,NE66,LA23,0.053516895279485374,0.0738890498347773
2021Q3,NE66,LA23,0.10075993225733662,0.13911598602703404
2021Q4,NE66,LA23,0.059606209854240914,0.08229636991050339
2022Q1,NE66,LA23,0.06290176072716783,0.08684643062331315
2022Q2,NE66,LA23,0.04757096343009688,0.06567969365969911
2022Q3,NE66,LA23,0.08247345037208388,0.11386843075937755
2022Q4,NE66,LA23,0.05231772762857955,0.07223339776723298
2023Q1,NE66,LA23,0.03148130598938313,0.04346522299108551
2023Q2,NE66,LA23,0.04474478413038576,0.061777679127133014
2023Q3,NE66,LA23,0.04944352716043837,0.06826508195749592
2021Q3,NE68,LA23,0.2794216328095168,0.009968183730651921
2022Q3,NE68,LA23,0.13744492884940804,0.0049032578109343035
2019Q1,NE7,LA23,0.027376247805649342,0.02070407407090188
2019Q2,NE7,LA23,0.022029756112559203,0.0166606360943375
2019Q3,NE7,LA23,0.047282569847054375,0.03575880213116685
2019Q4,NE7,LA23,0.0490784686821645,0.03711700223111968
2020Q1,NE7,LA23,0.037319322729620207,0.02822381020055286
2020Q3,NE7,LA23,0.22908871776027664,0.17325492576590154
2020Q4,NE7,LA23,0.12877861385006795,0.09739252723120344
2021Q2,NE7,LA23,0.1962158818457201,0.14839389899089067
2021Q3,NE7,LA23,0.1617056565593813,0.12229454945240402
2021Q4,NE7,LA23,0.12680269491878998,0.0958981817605713
2022Q1,NE7,LA23,0.1146042540422462,0.08667276032040729
2022Q2,NE7,LA23,0.1511424061899295,0.11430578782110842
2022Q3,NE7,LA23,0.07195325805549231,0.054416719011296036
2022Q4,NE7,LA23,0.07375259859185683,0.05577752199672123
2023Q1,NE7,LA23,0.04843286288852603,0.03662874429792929
2023Q2,NE7,LA23,0.08704903777136791,0.06583333620494264
2023Q3,NE7,LA23,0.0418789076720161,0.03167212733481159
2020Q3,NE70,LA23,0.06869876036834084,0.0038156131953585594
2021Q2,NE70,LA23,0.044339879804181255,0.002462691168724686
2021Q3,NE70,LA23,0.09803303861934408,0.005444874896308093
2022Q4,NE70,LA23,0.12438233861395467,0.0069083472531430755
2023Q3,NE70,LA23,0.1114921272337544,0.006192409143495331
2019Q1,NE71,LA23,0.07572233346916701,0.054683803981709966
2019Q2,NE71,LA23,0.06877685698838297,0.049668043676470285
2019Q3,NE71,LA23,0.08453723762753274,0.061049594218614237
2019Q4,NE71,LA23,0.10389610635513807,0.07502983669541374
2020Q1,NE71,LA23,0.06203282055083451,0.04479775574818589
2020Q2,NE71,LA23,0.016786503404120585,0.01212257757565029
2020Q3,NE71,LA23,0.16766369411727605,0.12108037568192186
2020Q4,NE71,LA23,0.07790293194912254,0.056258549692488384
2021Q1,NE71,LA23,0.009028158279683713,0.006519794294018962
2021Q2,NE71,LA23,0.1010766465849807,0.07299372953465934
2021Q3,NE71,LA23,0.12521751371470338,0.09042735031191383
2021Q4,NE71,LA23,0.09706026051418652,0.07009324748995836
2022Q1,NE71,LA23,0.0878622998918947,0.06345082836924151
2022Q2,NE71,LA23,0.11191966752059432,0.0808241489663863
2022Q3,NE71,LA23,0.07297956508723945,0.05270308043961747
2022Q4,NE71,LA23,0.05442305247617973,0.039302269189915216
2023Q2,NE71,LA23,0.005668554854826585,0.0040936158242815615
2019Q1,NE8,LA23,0.027386795113800586,0.06461316133739918
2019Q2,NE8,LA23,0.04598501220265913,0.10849159239722198
2019Q3,NE8,LA23,0.051002547458891004,0.12032937092077145
2019Q4,NE8,LA23,0.03092033193821483,0.07294976969112614
2020Q1,NE8,LA23,0.019782927384934985,0.046673496242893166
2020Q2,NE8,LA23,0.0007466880429381362,0.0017616473481687851
2020Q3,NE8,LA23,0.04026448999723959,0.09499526971115893
2020Q4,NE8,LA23,0.01672060235400389,0.0394486091953613
2021Q2,NE8,LA23,0.023861777857452703,0.05629665304370879
2021Q3,NE8,LA23,0.035421299427085086,0.08356881939461677
2021Q4,NE8,LA23,0.013921495201209284,0.03284472724011022
2022Q1,NE8,LA23,0.013590611113394671,0.03206407850552462
2022Q2,NE8,LA23,0.02165042896345188,0.05107945832385805
2022Q3,NE8,LA23,0.021343295470066862,0.05035484392930244
2022Q4,NE8,LA23,0.012367286947664957,0.029177912330921638
2023Q1,NE8,LA23,0.031567512651975035,0.07447665123016277
2023Q2,NE8,LA23,0.05635878151465301,0.13296623528433574
2023Q3,NE8,LA23,0.0630914467939128,0.14885048848416732
2019Q1,NE9,LA23,0.04384175966127017,0.07815850503319169
2019Q2,NE9,LA23,0.05000984926213259,0.08915461161830351
2019Q3,NE9,LA23,0.0675794852945461,0.1204767231594568
2019Q4,NE9,LA23,0.0377452934699164,0.06729008444097402
2020Q1,NE9,LA23,0.026693833828217318,0.04758819357930537
2020Q3,NE9,LA23,0.13315465071484675,0.2373802629843557
2020Q4,NE9,LA23,0.04533636095640763,0.0808229921283986
2021Q2,NE9,LA23,0.0918594561062652,0.16376162402920705
2021Q3,NE9,LA23,0.1307441133606247,0.2330828990694877
2021Q4,NE9,LA23,0.07124497347573651,0.12701133944019333
2022Q1,NE9,LA23,0.07129141107703177,0.12709412565868927
2022Q2,NE9,LA23,0.10024762806075364,0.1787155625797923
2022Q3,NE9,LA23,0.09874426648449844,0.17603545817175126
2022Q4,NE9,LA23,0.043371300119763735,0.07731979749209758
2023Q1,NE9,LA23,0.04464896278666691,0.07959753918753618
2023Q2,NE9,LA23,0.07184075370545456,0.12807346131766512
2023Q3,NE9,LA23,0.07132921006778037,0.12716151147147373
2019Q1,NG1,LA23,0.005090949366930651,0.01095192983445592
2019Q2,NG1,LA23,0.009347007774198758,0.020107796390608505
2019Q3,NG1,LA23,0.010332603257154521,0.022228063514969254
2019Q4,NG1,LA23,0.0050100851646461995,0.010777970322053129
2020Q3,NG1,LA23,0.004644919097389102,0.009992405026019724
2021Q2,NG1,LA23,0.004742991309469747,0.010203383354029429
2021Q3,NG1,LA23,0.0036618443189933274,0.007877560579726394
2021Q4,NG1,LA23,0.0034755138379189273,0.007476716216982797
2022Q1,NG1,LA23,0.003326893097061967,0.0071569951181277855
2023Q1,NG1,LA23,0.002994865892420194,0.006442719963087383
2023Q2,NG1,LA23,0.0043337969358981715,0.00932310194775178
2019Q1,NG10,LA23,0.006173933127661522,0.021032037640419363
2019Q2,NG10,LA23,0.015346263865454018,0.052278376293377234
2019Q3,NG10,LA23,0.01597864152552716,0.05443262553362714
2019Q4,NG10,LA23,0.0075056510763538906,0.025568650111621925
2020Q1,NG10,LA23,0.004848879605391812,0.016518128114725732
2020Q3,NG10,LA23,0.003088982871187934,0.010522887545761745
2021Q2,NG10,LA23,0.0010120801718606336,0.003447738715264868
2022Q2,NG10,LA23,0.0014192893608575535,0.004834932067284827
2023Q1,NG10,LA23,0.0032096429482987173,0.01093392654327209
2023Q2,NG10,LA23,0.0039555917733005794,0.013475065788038771
2023Q3,NG10,LA23,0.001208574629889065,0.004117114095907043
2019Q1,NG11,LA23,0.0070524695798278095,0.008009006296080626
2019Q2,NG11,LA23,0.011537308230216724,0.013102130141748821
2019Q3,NG11,LA23,0.025380575562651383,0.028822979975815524
2019Q4,NG11,LA23,0.006920423991103658,0.007859051171922938
2020Q1,NG11,LA23,0.009608258426574952,0.01091144050488586
2020Q3,NG11,LA23,0.036231679667859,0.04114583512808915
2020Q4,NG11,LA23,0.012734377255863532,0.014461559382063597
2021Q2,NG11,LA23,0.013692949282782918,0.015550143928504359
2021Q3,NG11,LA23,0.031645291975032755,0.03593738899552052
2021Q4,NG11,LA23,0.02057453633602653,0.023365090652145624
2022Q1,NG11,LA23,0.014699462644470529,0.01669317216274201
2022Q2,NG11,LA23,0.031088905089854187,0.035305538547104866
2022Q3,NG11,LA23,0.01978678316858009,0.02247049337576999
2022Q4,NG11,LA23,0.014658142689271887,0.016646247921865278
2023Q1,NG11,LA23,0.00745732874024096,0.008468777093823508
2023Q2,NG11,LA23,0.014207697877206618,0.016134708624172104
2023Q3,NG11,LA23,0.025951032879415317,0.029470809248936487
2019Q1,NG12,LA23,0.009167776662179095,0.015512980508148987
2019Q2,NG12,LA23,0.03045585169209764,0.051534963281521226
2019Q3,NG12,LA23,0.028787845066532005,0.04871249549861688
2019Q4,NG12,LA23,0.02334247876374019,0.03949828092645885
2020Q1,NG12,LA23,0.0093636030413826,0.015844342289255388
2020Q3,NG12,LA23,0.047563462951094634,0.08048309866713277
2020Q4,NG12,LA23,0.01691430588271144,0.02862103944458485
2021Q2,NG12,LA23,0.01812648099761964,0.030672185499179563
2021Q3,NG12,LA23,0.0488631040485971,0.08268224768178091
2021Q4,NG12,LA23,0.033261001549114926,0.05628161414986848
2022Q1,NG12,LA23,0.01015327515878605,0.01718056246744161
2022Q2,NG12,LA23,0.01790937564463404,0.030304817135705493
2022Q3,NG12,LA23,0.027400524342120168,0.04636498201204416
2022Q4,NG12,LA23,0.010069782960452285,0.01703928362819179
2023Q1,NG12,LA23,0.006498504589553507,0.010996251189860293
2023Q2,NG12,LA23,0.007990724672670256,0.013521267005173176
2023Q3,NG12,LA23,0.008021104894274817,0.013572673993252307
2019Q3,NG13,LA23,0.0450064108083289,0.010567064296417652
2020Q3,NG13,LA23,0.026424109986528218,0.006204122128120956
2020Q4,NG13,LA23,0.01806064267434148,0.004240461946347264
2021Q3,NG13,LA23,0.06011047740607312,0.014113351147761076
2022Q1,NG13,LA23,0.026458291836804475,0.006212147691660736
2022Q2,NG13,LA23,0.02521234799700524,0.00591961228551705
2022Q3,NG13,LA23,0.062176477707905325,0.014598427776485243
2019Q1,NG14,LA23,0.02816245767489245,0.008937513385971187
2019Q2,NG14,LA23,0.014848438404564571,0.004712234938212698
2019Q3,NG14,LA23,0.02689482470341613,0.008535222975742945
2020Q3,NG14,LA23,0.09001105408029259,0.02856551122117448
2020Q4,NG14,LA23,0.028411473281977927,0.00901653988100704
2021Q2,NG14,LA23,0.032514193366511616,0.010318561036181405
2021Q4,NG14,LA23,0.09238273977998138,0.029318178936932206
2022Q1,NG14,LA23,0.010308972740174643,0.003271610131635105
2022Q2,NG14,LA23,0.017482809369550302,0.005548267291460211
2022Q3,NG14,LA23,0.033464690267481986,0.010620206541478357
2022Q4,NG14,LA23,0.01884590212087,0.005980852396491766
2023Q1,NG14,LA23,0.017168179403049804,0.005448417712645473
2023Q3,NG14,LA23,0.01522617662647466,0.0048321122746897704
2019Q1,NG15,LA23,0.008760634740634255,0.017916817544248616
2019Q2,NG15,LA23,0.01793373387053979,0.0366771868886649
2019Q3,NG15,LA23,0.017542799507244872,0.03587766723440467
2019Q4,NG15,LA23,0.015092901740233554,0.03086725730485817
2020Q1,NG15,LA23,0.006708459128358678,0.013719809324814937
2020Q3,NG15,LA23,0.009683385492701594,0.01980398181408459
2020Q4,NG15,LA23,0.005863060916252389,0.01199084264979913
2021Q2,NG15,LA23,0.008567995805420475,0.017522841907057086
2021Q3,NG15,LA23,0.010862446077820852,0.022215338297104373
2021Q4,NG15,LA23,0.009373126858927295,0.01916945617782236
2022Q1,NG15,LA23,0.0018445116178828895,0.0037723040731934407
2022Q2,NG15,LA23,0.012835607555355595,0.026250750710128976
2022Q3,NG15,LA23,0.012798804998637385,0.026175483938553203
2022Q4,NG15,LA23,0.0029338460848937673,0.006000157130411778
2023Q1,NG15,LA23,0.007920433431349846,0.01619847931824495
2023Q2,NG15,LA23,0.00733876919918388,0.015008888355001731
2023Q3,NG15,LA23,0.004759019567786395,0.009732911804900176
2019Q1,NG16,LA23,0.0063285733167083285,0.014793788791660788
2019Q2,NG16,LA23,0.01548018335577921,0.036186759884247535
2019Q3,NG16,LA23,0.019608958073049926,0.045838259215762206
2019Q4,NG16,LA23,0.016963737527793846,0.03965474326429744
2020Q3,NG16,LA23,0.02563562432683665,0.059926304532541996
2020Q4,NG16,LA23,0.013226597605186937,0.030918736595311545
2021Q2,NG16,LA23,0.014496023860327657,0.03388617063855156
2021Q3,NG16,LA23,0.03541081271808072,0.08277696379202516
2021Q4,NG16,LA23,0.028722957315223695,0.06714331062128254
2022Q1,NG16,LA23,0.01015841024449668,0.023746485676220747
2022Q2,NG16,LA23,0.02848470405165592,0.06658636543257153
2022Q3,NG16,LA23,0.024247798293306016,0.05668209700074092
2022Q4,NG16,LA23,0.016581103343242757,0.03876029059267027
2023Q1,NG16,LA23,0.016015642332656458,0.03743845858695627
2023Q2,NG16,LA23,0.023258628148925736,0.05436979477041931
2023Q3,NG16,LA23,0.025392793433383364,0.059358658592444616
2019Q1,NG17,LA23,0.007583357180595916,0.021664394205454632
2019Q2,NG17,LA23,0.016458488827059737,0.047019173894097564
2019Q3,NG17,LA23,0.014341098353951712,0.040970140358704776
2019Q4,NG17,LA23,0.0095087315710931,0.027164869627547317
2020Q1,NG17,LA23,0.0037320263026066774,0.0106617804066619
2020Q3,NG17,LA23,0.007132814106569535,0.020377267339372104
2020Q4,NG17,LA23,0.004391769974874944,0.012546558698148207
2021Q2,NG17,LA23,0.007958784433719572,0.02273692762481583
2021Q3,NG17,LA23,0.014646370264911503,0.04184225159669418
2021Q4,NG17,LA23,0.00874286908580424,0.024976927480905187
2022Q1,NG17,LA23,0.008888899505820657,0.025394112180225272
2022Q2,NG17,LA23,0.0102948662169423,0.029410725975949487
2022Q3,NG17,LA23,0.012783001858650056,0.0365189169914705
2022Q4,NG17,LA23,0.003646609895751322,0.010417759893628054
2023Q3,NG17,LA23,0.0019825717473840308,0.005663878787857579
2019Q1,NG18,LA23,0.008322552234002582,0.04163047794256792
2019Q2,NG18,LA23,0.009179433283870572,0.0459167072918042
2019Q3,NG18,LA23,0.017072807822574743,0.08540038313866814
2019Q4,NG18,LA23,0.009662352144166943,0.04833232961490369
2020Q1,NG18,LA23,0.005782422155757056,0.02892442020686337
2020Q3,NG18,LA23,0.01500826826394405,0.07507329042232733
2020Q4,NG18,LA23,0.005924132317575243,0.02963327268383636
2021Q2,NG18,LA23,0.016286752944974104,0.0814684354231699
2021Q3,NG18,LA23,0.025240207376349213,0.12625476739622707
2021Q4,NG18,LA23,0.016198061232110334,0.0810247880548808
2022Q1,NG18,LA23,0.008845856466812217,0.04424811309927232
2022Q2,NG18,LA23,0.017404809118658174,0.0870610963724087
2022Q3,NG18,LA23,0.014388712708455173,0.07197419375561037
2022Q4,NG18,LA23,0.011198673000891902,0.056017204367301135
2023Q1,NG18,LA23,0.008769956827919182,0.043868453332178765
2023Q2,NG18,LA23,0.008220504728654111,0.041120023180488234
2023Q3,NG18,LA23,0.011966949063821349,0.059860220162493726
2019Q1,NG19,LA23,0.005880593814163163,0.010754544352801878
2019Q2,NG19,LA23,0.01138718654268937,0.020825108245366663
2019Q3,NG19,LA23,0.012392522019080721,0.022663685319718564
2019Q4,NG19,LA23,0.004803779060516884,0.008785244585838068
2020Q1,NG19,LA23,0.00148078336813237,0.0027080854268689445
2020Q3,NG19,LA23,0.02134640847521793,0.03903872703583867
2020Q4,NG19,LA23,0.009960012632498195,0.01821506483795665
2021Q2,NG19,LA23,0.015964627736898475,0.0291964217387251
2021Q3,NG19,LA23,0.0349256130087256,0.06387264042051248
2021Q4,NG19,LA23,0.00980851451831629,0.017938002139898664
2022Q1,NG19,LA23,0.011381730712898894,0.02081513051772261
2022Q2,NG19,LA23,0.018084019935505874,0.033072407416567584
2022Q3,NG19,LA23,0.01817056204718233,0.03323067731376198
2022Q4,NG19,LA23,0.011086720554228387,0.02027561020120156
2023Q2,NG19,LA23,0.009828993647529816,0.017975454769750973
2023Q3,NG19,LA23,0.031077473931508563,0.05683508882461635
2019Q1,NG2,LA23,0.013711942265940963,0.059317446239132224
2019Q2,NG2,LA23,0.025981704452892555,0.112396065210512
2019Q3,NG2,LA23,0.024023158789576542,0.10392345609085417
2019Q4,NG2,LA23,0.02616558709276184,0.11319153593181522
2020Q1,NG2,LA23,0.018040922683369084,0.07804448418902743
2020Q3,NG2,LA23,0.034337417182004726,0.1485426249746864
2020Q4,NG2,LA23,0.018884857424103483,0.08169532027351069
2021Q2,NG2,LA23,0.02759598410857108,0.11937939002573393
2021Q3,NG2,LA23,0.04768687565468219,0.2062919773214696
2021Q4,NG2,LA23,0.030543855812769,0.13213179358332133
2022Q1,NG2,LA23,0.012260870570480907,0.05304015410828822
2022Q2,NG2,LA23,0.03282181441287304,0.1419861733769317
2022Q3,NG2,LA23,0.03481136373888288,0.15059290340079035
2022Q4,NG2,LA23,0.022877460636477127,0.09896720063960764
2023Q1,NG2,LA23,0.009631408989183354,0.0416651830821994
2023Q2,NG2,LA23,0.027744734835242292,0.12002288115640095
2023Q3,NG2,LA23,0.01964361983864501,0.0849777034589064
2019Q2,NG20,LA23,0.005811524875759193,0.003429663121706805
2019Q3,NG20,LA23,0.009615387516057948,0.005674507236869721
2019Q4,NG20,LA23,0.008056867268465816,0.004754748734261261
2020Q1,NG20,LA23,0.0029603431131647387,0.0017470422685738705
2020Q3,NG20,LA23,0.023606417720800188,0.01393129376944427
2020Q4,NG20,LA23,0.009504510947858051,0.005609073588189534
2021Q2,NG20,LA23,0.008697746084215714,0.005132962453870164
2021Q3,NG20,LA23,0.047716986909161235,0.02816011180885425
2021Q4,NG20,LA23,0.021362913061268148,0.012607292692503295
2022Q1,NG20,LA23,0.02117411660646589,0.0124958747338114
2022Q2,NG20,LA23,0.016969628134107847,0.010014601854909023
2022Q3,NG20,LA23,0.022260706974824875,0.01313712449087723
2022Q4,NG20,LA23,0.01300465755217057,0.0076746801176307
2023Q1,NG20,LA23,0.0066320114804384244,0.0039138721219401885
2023Q2,NG20,LA23,0.013115656635915438,0.007740186068685119
2023Q3,NG20,LA23,0.02403240427066874,0.014182689124649803
2019Q1,NG21,LA23,0.006611091576601935,0.004111329905968464
2019Q2,NG21,LA23,0.018995596189992272,0.011813051111562023
2019Q3,NG21,LA23,0.011023291519131232,0.006855205008082372
2019Q4,NG21,LA23,0.009016350928671663,0.005607121424085263
2020Q1,NG21,LA23,0.007740824036195009,0.004813892076383242
2020Q3,NG21,LA23,0.018998619041072792,0.011814930973292065
2021Q2,NG21,LA23,0.02337012675751816,0.014533500244424685
2021Q3,NG21,LA23,0.0436176483488584,0.027125103321719586
2021Q4,NG21,LA23,0.018709122918361385,0.01163489806145376
2022Q2,NG21,LA23,0.0057732967732853045,0.0035903189972508655
2022Q3,NG21,LA23,0.007364130286160886,0.00457963238387075
2022Q4,NG21,LA23,0.003615911209818279,0.0022486761409972245
2023Q3,NG21,LA23,0.008809401893159088,0.005478423197951857
2019Q1,NG22,LA23,0.007043412980211752,0.0074895860395961375
2019Q2,NG22,LA23,0.025564066289758682,0.02718345133772501
2019Q3,NG22,LA23,0.01775686385713766,0.018881692728378002
2019Q4,NG22,LA23,0.015905832052371578,0.016913405194653446
2020Q1,NG22,LA23,0.006515634672582382,0.006928375010805409
2020Q3,NG22,LA23,0.045424903887295164,0.04830239643197154
2020Q4,NG22,LA23,0.031240368904961912,0.03321932584100752
2021Q2,NG22,LA23,0.0262820950102645,0.02794696440961757
2021Q3,NG22,LA23,0.06501709267093785,0.06913567484562645
2021Q4,NG22,LA23,0.037536651243041286,0.03991445339253969
2022Q1,NG22,LA23,0.01901062631711936,0.02021487620684647
2022Q2,NG22,LA23,0.033624958604596286,0.035754970105332545
2022Q3,NG22,LA23,0.040067906468256254,0.04260605387808368
2022Q4,NG22,LA23,0.013936760677643548,0.0148196007392617
2023Q1,NG22,LA23,0.009855216169518292,0.010479506121222395
2023Q2,NG22,LA23,0.019530041222038292,0.02076719404360663
2023Q3,NG22,LA23,0.013230699102479496,0.01406881288523401
2019Q2,NG23,LA23,0.04191158082745749,0.010756641121654613
2019Q3,NG23,LA23,0.036924944191597316,0.009476816795369544
2020Q1,NG23,LA23,0.0351247855506648,0.009014804624025465
2020Q3,NG23,LA23,0.049348010818802655,0.01266520689426333
2020Q4,NG23,LA23,0.02583974194401459,0.006631790671704718
2021Q2,NG23,LA23,0.04045511444660911,0.010382837846873877
2021Q3,NG23,LA23,0.0846860545997,0.02173474441558261
2021Q4,NG23,LA23,0.04849807676251261,0.01244707063120463
2022Q1,NG23,LA23,0.04232063095995108,0.010861624169039841
2022Q2,NG23,LA23,0.05223699780828043,0.01340666774201506
2022Q3,NG23,LA23,0.029446256955159837,0.007557405666625989
2022Q4,NG23,LA23,0.048751056803131916,0.012511998163265193
2023Q2,NG23,LA23,0.043517919570899934,0.011168909259526905
2023Q3,NG23,LA23,0.1010720056716624,0.025940212012801462
2019Q1,NG24,LA23,0.011838920371105831,0.04545057388512888
2019Q2,NG24,LA23,0.016372535805939198,0.06285549061981316
2019Q3,NG24,LA23,0.023106458750065437,0.08870756603842551
2019Q4,NG24,LA23,0.013276085729907341,0.05096796806279192
2020Q1,NG24,LA23,0.005943905744925533,0.0228191354243179
2020Q3,NG24,LA23,0.017545621323814025,0.06735906090599157
2020Q4,NG24,LA23,0.008949353553708945,0.03435729290904892
2021Q2,NG24,LA23,0.011097059793874143,0.0426025110617463
2021Q3,NG24,LA23,0.02173185744999723,0.083430360347962
2021Q4,NG24,LA23,0.017768117347256314,0.0682132411551714
2022Q1,NG24,LA23,0.011573559869133441,0.04443183343219647
2022Q2,NG24,LA23,0.011885815165279805,0.045630606796967184
2022Q3,NG24,LA23,0.014981606077538132,0.0575155987708903
2022Q4,NG24,LA23,0.00651310307999378,0.02500433008073921
2023Q1,NG24,LA23,0.005231575704747975,0.02008444272373149
2023Q2,NG24,LA23,0.013009802398652006,0.049945684793522134
2023Q3,NG24,LA23,0.009995634794807327,0.03837405130952159
2019Q1,NG25,LA23,0.0064589176364644426,0.003183690444568689
2019Q2,NG25,LA23,0.024734223618957232,0.012191843250164786
2020Q1,NG25,LA23,0.0271124043388718,0.013364081643592264
2020Q3,NG25,LA23,0.053051633485128,0.02614988889807499
2020Q4,NG25,LA23,0.06452947615166686,0.031807477379374366
2021Q2,NG25,LA23,0.07984001381793729,0.039354254596988214
2021Q3,NG25,LA23,0.05086619497615328,0.025072655824388685
2021Q4,NG25,LA23,0.031238759845682168,0.015398019733119703
2022Q1,NG25,LA23,0.018144464238080048,0.00894365908778093
2022Q3,NG25,LA23,0.01848315660113949,0.009110605269883195
2022Q4,NG25,LA23,0.020350145079710547,0.010030869889111279
2023Q1,NG25,LA23,0.0110529003643374,0.005448128503148544
2023Q2,NG25,LA23,0.020895074542147025,0.010299473209384092
2023Q3,NG25,LA23,0.02306819163124431,0.011370632883634884
2019Q1,NG3,LA23,0.008080126414968948,0.027469841042058955
2019Q2,NG3,LA23,0.021960555615733467,0.07465885321322807
2019Q3,NG3,LA23,0.01905970239836356,0.06479688167032333
2019Q4,NG3,LA23,0.02043093981244388,0.06945864955132193
2020Q1,NG3,LA23,0.008728335750904091,0.029673545106283717
2020Q3,NG3,LA23,0.020512989473457626,0.06973759211110993
2020Q4,NG3,LA23,0.005342011405498764,0.018161127266779396
2021Q2,NG3,LA23,0.012919057278404462,0.043920655646374464
2021Q3,NG3,LA23,0.020849865220077018,0.07088286171894878
2021Q4,NG3,LA23,0.01483944044080925,0.05044934313242399
2022Q1,NG3,LA23,0.008192694806815948,0.02785253750887025
2022Q2,NG3,LA23,0.01614366425150588,0.05488328623221675
2022Q3,NG3,LA23,0.01633983482516859,0.055550203332135034
2022Q4,NG3,LA23,0.008135953361615156,0.027659634774418608
2023Q1,NG3,LA23,0.011167452267841313,0.03796575980223207
2023Q2,NG3,LA23,0.019073568748540062,0.06484402281832276
2023Q3,NG3,LA23,0.01762659809369511,0.059924786182683126
2019Q1,NG31,LA23,0.005389972237410471,0.02229935365596225
2019Q2,NG31,LA23,0.020528688754320464,0.08493114072990084
2019Q3,NG31,LA23,0.018494040556847304,0.0765134091122853
2019Q4,NG31,LA23,0.012807165290620854,0.052985710420491335
2020Q1,NG31,LA23,0.005876037570299918,0.02431029959048384
2020Q3,NG31,LA23,0.019861063260952518,0.08216904542948039
2020Q4,NG31,LA23,0.008387401337850318,0.034700295372406716
2021Q2,NG31,LA23,0.011008602973203909,0.045544711576379265
2021Q3,NG31,LA23,0.039274071906990435,0.16248440258839436
2021Q4,NG31,LA23,0.017971257744203762,0.07435055588950176
2022Q1,NG31,LA23,0.007872168240225226,0.032568676775291495
2022Q2,NG31,LA23,0.01787129392497794,0.07393698630889327
2022Q3,NG31,LA23,0.013299714290806241,0.05502348053585309
2022Q4,NG31,LA23,0.0075138713483077985,0.031086333498781895
2023Q1,NG31,LA23,0.0075722767825477785,0.031327968033466075
2023Q2,NG31,LA23,0.011709957517464484,0.04844635045906795
2023Q3,NG31,LA23,0.016561610607390198,0.06851857408155419
2019Q3,NG32,LA23,0.051141835077405495,0.004575221939042582
2020Q3,NG32,LA23,0.08733608501982759,0.007813211466659692
2021Q2,NG32,LA23,0.03725056212254771,0.0033324887307386608
2022Q2,NG32,LA23,0.13473031521640486,0.01205316729638733
2022Q3,NG32,LA23,0.0549597530107746,0.004916778354915735
2023Q2,NG32,LA23,0.04608899364653681,0.004123187495342552
2023Q3,NG32,LA23,0.07562936586977435,0.006765911575905542
2021Q3,NG33,LA23,0.08245256113983372,0.005242645155580488
2019Q1,NG34,LA23,0.007023989978189714,0.018793266924691958
2019Q2,NG34,LA23,0.0156199100327523,0.04179236295847393
2019Q3,NG34,LA23,0.016558122862760722,0.044302629089443435
2019Q4,NG34,LA23,0.013203483019526605,0.03532701235225185
2020Q1,NG34,LA23,0.005992331485398115,0.016032979183627328
2020Q3,NG34,LA23,0.020924694381599704,0.055985752834510114
2020Q4,NG34,LA23,0.008236891981764066,0.02203848668973229
2021Q2,NG34,LA23,0.011220451477589684,0.030021247223966614
2021Q3,NG34,LA23,0.027468998425704928,0.07349558031420539
2021Q4,NG34,LA23,0.018018393749249243,0.048209704788205784
2022Q1,NG34,LA23,0.01120172451278091,0.029971141678623664
2022Q2,NG34,LA23,0.013122521999949276,0.03511039443905204
2022Q3,NG34,LA23,0.02335090373430704,0.06247727690020425
2022Q4,NG34,LA23,0.01660430523340747,0.044426193847006364
2023Q1,NG34,LA23,0.005877321438895744,0.01572526027889487
2023Q2,NG34,LA23,0.014537934644615915,0.03889744819658885
2023Q3,NG34,LA23,0.027129318847571745,0.072586739470106
2019Q1,NG4,LA23,0.006452999522221204,0.01590934212369018
2019Q2,NG4,LA23,0.014500516548260772,0.03574983663676205
2019Q3,NG4,LA23,0.024842254837909816,0.061246545886022886
2019Q4,NG4,LA23,0.014029237809845788,0.03458793748284979
2020Q1,NG4,LA23,0.004793904807326934,0.011818979906249071
2020Q3,NG4,LA23,0.007679204040616184,0.018932448995089043
2020Q4,NG4,LA23,0.002780720516351612,0.006855638822327766
2021Q2,NG4,LA23,0.0044988790382880575,0.011091618021472628
2021Q3,NG4,LA23,0.009011306973722832,0.02221663973984056
2021Q4,NG4,LA23,0.0043033584814111,0.010609578092466215
2022Q1,NG4,LA23,0.00215635683614906,0.005316321274923151
2022Q2,NG4,LA23,0.0041816236934110644,0.010309450937028142
2022Q3,NG4,LA23,0.006163897729856866,0.015196585318508654
2022Q4,NG4,LA23,0.0026285740263144656,0.00648053410481085
2023Q1,NG4,LA23,0.004475271111441508,0.011033414610215668
2023Q2,NG4,LA23,0.0013812836701521944,0.003405441826339001
2023Q3,NG4,LA23,0.0019496041848842407,0.004806589536585785
2019Q1,NG5,LA23,0.006057722739267868,0.032823759551582884
2019Q2,NG5,LA23,0.01597109748718413,0.08653936243994878
2019Q3,NG5,LA23,0.016720408403379787,0.09059950226496083
2019Q4,NG5,LA23,0.01043919339209053,0.056564750247361975
2020Q1,NG5,LA23,0.0077356828089251315,0.04191578311128838
2020Q3,NG5,LA23,0.024573488370896127,0.13315140166474454
2020Q4,NG5,LA23,0.00880957725350578,0.047734678189499904
2021Q2,NG5,LA23,0.01418920397034945,0.07688417568734827
2021Q3,NG5,LA23,0.037062688613257705,0.2008241102701556
2021Q4,NG5,LA23,0.020421421213242832,0.1106534333867663
2022Q1,NG5,LA23,0.012909871170043608,0.06995211325545701
2022Q2,NG5,LA23,0.019794924964889125,0.10725876461418787
2022Q3,NG5,LA23,0.02289271279766274,0.12404412230407602
2022Q4,NG5,LA23,0.012817426578691041,0.06945120240677599
2023Q1,NG5,LA23,0.012559027399773244,0.06805106692976845
2023Q2,NG5,LA23,0.012316800686894608,0.06673856193033041
2023Q3,NG5,LA23,0.012047980141659495,0.0652819582990475
2019Q1,NG6,LA23,0.005397559034557628,0.010185596969968295
2019Q2,NG6,LA23,0.009530355522668071,0.017984492566530005
2019Q3,NG6,LA23,0.01122481549287791,0.021182065066951285
2019Q4,NG6,LA23,0.007587387528336558,0.014317966866838347
2020Q3,NG6,LA23,0.02399320834742555,0.04527697588459725
2020Q4,NG6,LA23,0.010219748812526424,0.01928542918609089
2021Q2,NG6,LA23,0.009281234466109465,0.01751438252927191
2021Q3,NG6,LA23,0.02924777756606858,0.05519274039393079
2021Q4,NG6,LA23,0.01315900946045582,0.02483203352294376
2022Q1,NG6,LA23,0.010856612885445087,0.02048723925057936
2022Q2,NG6,LA23,0.01383920726376018,0.0261156175726889
2022Q3,NG6,LA23,0.012615288003423649,0.02380599053021389
2022Q4,NG6,LA23,0.007633633162797683,0.014405235832536672
2023Q1,NG6,LA23,0.009769553116653826,0.018435876288861945
2023Q3,NG6,LA23,0.009759361452389816,0.01841664385731617
2019Q1,NG7,LA23,0.008653621431083239,0.03738408720153362
2019Q2,NG7,LA23,0.016795073635407838,0.07255557714681189
2019Q3,NG7,LA23,0.016622202713795196,0.07180876592336698
2019Q4,NG7,LA23,0.008337101451459049,0.03601670470005329
2020Q1,NG7,LA23,0.005746698724813878,0.02482603242588248
2020Q2,NG7,LA23,0.0010379954069528452,0.004484193249884179
2020Q3,NG7,LA23,0.01696366002260932,0.07328387896245336
2020Q4,NG7,LA23,0.011504761507694848,0.049701158163868664
2021Q2,NG7,LA23,0.011564393523737624,0.04995877152325817
2021Q3,NG7,LA23,0.03011421831098967,0.13009496339882462
2021Q4,NG7,LA23,0.019345275379023332,0.08357257911807685
2022Q1,NG7,LA23,0.008682525301896001,0.03750895340183271
2022Q2,NG7,LA23,0.019912038946599132,0.08602102671907777
2022Q3,NG7,LA23,0.018060484095402847,0.0780222150577639
2022Q4,NG7,LA23,0.011973616769390705,0.05172663687561092
2023Q1,NG7,LA23,0.00823402157865314,0.03557139437715687
2023Q2,NG7,LA23,0.014462161384995648,0.06247727690020425
2023Q3,NG7,LA23,0.009063145933062105,0.03915325399662256
2019Q1,NG8,LA23,0.005990998951782683,0.006895549732903968
2019Q2,NG8,LA23,0.013718408269663834,0.015789681694335804
2019Q3,NG8,LA23,0.02202355313985696,0.02534877859158165
2019Q4,NG8,LA23,0.006768746464360106,0.007790725428273463
2020Q1,NG8,LA23,0.006659694717180202,0.007665208506606277
2020Q3,NG8,LA23,0.04468973264702408,0.051437210471559226
2020Q4,NG8,LA23,0.02553745673072651,0.02939322880138528
2021Q2,NG8,LA23,0.041764557728141895,0.04807037811306025
2021Q3,NG8,LA23,0.09249956392923174,0.1064656075688601
2021Q4,NG8,LA23,0.06429272647001279,0.07399996167684958
2022Q1,NG8,LA23,0.02674041811234816,0.030777819267932882
2022Q2,NG8,LA23,0.06582020474445206,0.07575806620868097
2022Q3,NG8,LA23,0.0741585174271515,0.08535533875952145
2022Q4,NG8,LA23,0.029802347439992237,0.03430205389513547
2023Q1,NG8,LA23,0.007324432959494576,0.00843031223073195
2023Q2,NG8,LA23,0.022941133134705388,0.02640489937199213
2023Q3,NG8,LA23,0.050450692717370814,0.0580679889100247
2019Q1,NG9,LA23,0.011592305506442972,0.04975806013238944
2019Q2,NG9,LA23,0.01907730783170589,0.08188619854148384
2019Q3,NG9,LA23,0.021610337944061375,0.09275881267140697
2019Q4,NG9,LA23,0.014554753260155043,0.062473878688615335
2020Q1,NG9,LA23,0.011626769417878095,0.04990599079006863
2020Q2,NG9,LA23,0.0003428535940129386,0.0014716425251232279
2020Q3,NG9,LA23,0.02222359680213493,0.09539112521008053
2020Q4,NG9,LA23,0.011133948959981044,0.04779064022715567
2021Q2,NG9,LA23,0.007885497906045643,0.03384719965884038
2021Q3,NG9,LA23,0.017667791125416478,0.07583608047047757
2021Q4,NG9,LA23,0.009067141790294816,0.03891921121123276
2022Q1,NG9,LA23,0.007682723435930295,0.03297682367783255
2022Q2,NG9,LA23,0.01217810777818258,0.05227251980106442
2022Q3,NG9,LA23,0.015549658668270416,0.066744346120269
2022Q4,NG9,LA23,0.006491141278100126,0.027862153724643145
2023Q1,NG9,LA23,0.011558835422365951,0.049614395314789964
2023Q2,NG9,LA23,0.0109776148631925,0.04711960189190615
2023Q3,NG9,LA23,0.01494839311662003,0.06416351287204881
2023Q3,NG90,LA23,0.042022587896614914,0.004336624104076156
2019Q1,NN1,LA23,0.0026572788771565864,0.011098125235153529
2019Q2,NN1,LA23,0.011228066195236185,0.04689401848430153
2019Q3,NN1,LA23,0.01106125051756197,0.04619731280619956
2019Q4,NN1,LA23,0.004993252339448771,0.02085431840455649
2020Q1,NN1,LA23,0.004830678031744483,0.020175326808141433
2020Q3,NN1,LA23,0.01913114069805069,0.07990120915931162
2020Q4,NN1,LA23,0.016217007917858378,0.06773033359767419
2021Q2,NN1,LA23,0.01114185385870468,0.04653395266062492
2021Q3,NN1,LA23,0.031180942029459757,0.1302272044412954
2021Q4,NN1,LA23,0.014379230965747647,0.060054858153926936
2022Q1,NN1,LA23,0.01459048581367816,0.06093716402668309
2022Q2,NN1,LA23,0.017967533830587832,0.0750414050752909
2022Q3,NN1,LA23,0.019681722455289243,0.08220071386939412
2022Q4,NN1,LA23,0.018038113689230188,0.0753361818550358
2023Q1,NN1,LA23,0.008220000053995686,0.0343308302400799
2023Q2,NN1,LA23,0.013734508106890964,0.057362173132769465
2023Q3,NN1,LA23,0.008442403645847139,0.03525969884184163
2019Q1,NN10,LA23,0.0023939951602744425,0.0077117712356118435
2019Q2,NN10,LA23,0.013907280360426856,0.04479949100516746
2019Q3,NN10,LA23,0.014395663453361525,0.046372718366087
2019Q4,NN10,LA23,0.008192239767003272,0.02638964357102913
2020Q1,NN10,LA23,0.002216835927196943,0.007141088595796691
2020Q3,NN10,LA23,0.009313485109507582,0.030001508675801206
2020Q4,NN10,LA23,0.006438446406433572,0.02074015295564377
2021Q2,NN10,LA23,0.006334188882343239,0.020404308427334962
2021Q3,NN10,LA23,0.008840095348347371,0.02847657930086881
2021Q4,NN10,LA23,0.0053745483134558045,0.017313020417035096
2022Q1,NN10,LA23,0.0044412358556034535,0.01430654309170965
2022Q2,NN10,LA23,0.005955988821864857,0.01918601342152154
2022Q3,NN10,LA23,0.005965438212099955,0.019216452721073318
2022Q4,NN10,LA23,0.004451470824599188,0.014339512974359557
2023Q1,NN10,LA23,0.004875952696632849,0.01570689547583988
2023Q2,NN10,LA23,0.008547298921704015,0.027533394829009104
2023Q3,NN10,LA23,0.007769127046523864,0.025026671514376972
2019Q1,NN11,LA23,0.008080493510352999,0.019461991583966044
2019Q2,NN11,LA23,0.009875928585529752,0.02378632428442272
2019Q3,NN11,LA23,0.012680978809736659,0.030542330435058437
2019Q4,NN11,LA23,0.008018143050536882,0.01931181955268566
2020Q1,NN11,LA23,0.004050348310173188,0.009755325540912177
2020Q3,NN11,LA23,0.01926683243381877,0.046404459108374964
2020Q4,NN11,LA23,0.007191736787523943,0.017321407492446032
2021Q2,NN11,LA23,0.01101859006961288,0.026538441857199103
2021Q3,NN11,LA23,0.027656166353699076,0.0666102975184424
2021Q4,NN11,LA23,0.01374375845772413,0.033102051390002815
2022Q1,NN11,LA23,0.011103605236776695,0.026743202181024838
2022Q2,NN11,LA23,0.017318418088915044,0.04171167350883074
2022Q3,NN11,LA23,0.0201889708183308,0.04862544344004124
2022Q4,NN11,LA23,0.01197780251183935,0.028848719621042206
2023Q1,NN11,LA23,0.009178576066739,0.022106740131007538
2023Q2,NN11,LA23,0.017692280691972297,0.04261212727751919
2023Q3,NN11,LA23,0.016858429597936538,0.04060378422846996
2019Q1,NN12,LA23,0.009625611264119212,0.01358373625650984
2019Q2,NN12,LA23,0.017868611067506653,0.025216320641988168
2019Q3,NN12,LA23,0.025068785936789944,0.03537726250234327
2019Q4,NN12,LA23,0.01304730052540178,0.018412450319610696
2020Q1,NN12,LA23,0.005949850623833868,0.008396474719591256
2020Q3,NN12,LA23,0.017655322269202852,0.02491532585805931
2020Q4,NN12,LA23,0.008028788785922105,0.011330288158813288
2021Q2,NN12,LA23,0.015534833010447696,0.02192287519333492
2021Q3,NN12,LA23,0.03773234082219762,0.053248168038954415
2021Q4,NN12,LA23,0.010037638291733713,0.0141651919500856
2022Q1,NN12,LA23,0.008698166194002613,0.012274918678157642
2022Q2,NN12,LA23,0.017946794758645638,0.025326654065066585
2022Q3,NN12,LA23,0.03226824352450315,0.04553719212945912
2022Q4,NN12,LA23,0.011792313949746822,0.016641403662791716
2023Q1,NN12,LA23,0.004243130362220557,0.005987938029166528
2023Q2,NN12,LA23,0.0212477757785629,0.02998502373447625
2023Q3,NN12,LA23,0.02474242282240243,0.03491669637848383
2019Q1,NN13,LA23,0.009378015561287015,0.013472029088321014
2019Q2,NN13,LA23,0.013866280488879236,0.01991966561285619
2019Q3,NN13,LA23,0.02007348001851749,0.02883664512454542
2019Q4,NN13,LA23,0.007451266683134986,0.010704149597962
2020Q1,NN13,LA23,0.005816383871134245,0.008355551575775805
2020Q3,NN13,LA23,0.04194068563309737,0.060250074564354016
2020Q4,NN13,LA23,0.0047215463927778095,0.006782758029101657
2021Q2,NN13,LA23,0.018328524592846656,0.02632992180991329
2021Q3,NN13,LA23,0.02304141415455393,0.033100243830647004
2021Q4,NN13,LA23,0.010153607228710945,0.014586208675239997
2022Q1,NN13,LA23,0.0064015755854196455,0.009196211280974179
2022Q2,NN13,LA23,0.01840698970702666,0.026442641211341367
2022Q3,NN13,LA23,0.01596651830133434,0.022936771387193768
2022Q4,NN13,LA23,0.010008705969105915,0.014378050139825347
2023Q1,NN13,LA23,0.005436439581881602,0.007809740952696546
2023Q2,NN13,LA23,0.010281949782372915,0.014770579729532234
2023Q3,NN13,LA23,0.01105069651360154,0.015874926193555627
2019Q1,NN14,LA23,0.008267528707068365,0.0063164077153036405
2019Q2,NN14,LA23,0.021664159883953826,0.0165514595092468
2019Q3,NN14,LA23,0.022211063518277476,0.016969294929934972
2019Q4,NN14,LA23,0.01532115658052029,0.011705392876330205
2020Q1,NN14,LA23,0.005418879062358886,0.004140033948538666
2020Q3,NN14,LA23,0.038988106153553775,0.029786987531454118
2020Q4,NN14,LA23,0.016740607629355794,0.01278985618743973
2021Q2,NN14,LA23,0.06403731467847014,0.04892463066461429
2021Q3,NN14,LA23,0.05787260631309955,0.04421478170475125
2021Q4,NN14,LA23,0.03354272890507089,0.025626708918130424
2022Q1,NN14,LA23,0.018231603780726108,0.013928980093468836
2022Q2,NN14,LA23,0.04874776664854063,0.037243386781277664
2022Q3,NN14,LA23,0.09384379934005642,0.07169684184805546
2022Q4,NN14,LA23,0.035155805985369645,0.02685910288691913
2023Q1,NN14,LA23,0.022909479995403017,0.017502886451768982
2023Q2,NN14,LA23,0.02391811452293744,0.01827348515633631
2023Q3,NN14,LA23,0.04893514667898894,0.03738654548225751
2019Q1,NN15,LA23,0.003929154183098118,0.007968806176007497
2019Q2,NN15,LA23,0.01908556832207587,0.038707871371351885
2019Q3,NN15,LA23,0.016553034782964972,0.033571583008267035
2019Q4,NN15,LA23,0.006809416887040832,0.013810331897353714
2020Q1,NN15,LA23,0.0064830776646838005,0.013148475963631692
2020Q3,NN15,LA23,0.015226787049719803,0.030881790082078857
2020Q4,NN15,LA23,0.008711054072857825,0.017667085143650424
2021Q2,NN15,LA23,0.013231568865575609,0.02683524310342249
2021Q3,NN15,LA23,0.016218638682275768,0.03289338673796853
2021Q4,NN15,LA23,0.012111555827691531,0.024563719412167874
2022Q1,NN15,LA23,0.004946531147007332,0.010032171331847462
2022Q2,NN15,LA23,0.012943481990344324,0.026250967617251673
2022Q3,NN15,LA23,0.008701357298935921,0.017647418897859254
2022Q4,NN15,LA23,0.003563849615532846,0.007227923747249623
2023Q1,NN15,LA23,0.005571188767079421,0.011299053533144957
2023Q2,NN15,LA23,0.01815553362327204,0.03682164703238093
2023Q3,NN15,LA23,0.012999167140587029,0.02636390392580245
2019Q1,NN16,LA23,0.004530767024949949,0.017277086137041663
2019Q2,NN16,LA23,0.009501952605849684,0.03623361182275004
2019Q3,NN16,LA23,0.012882697817728236,0.049125342055483016
2019Q4,NN16,LA23,0.008342469416016665,0.031812177033699464
2020Q1,NN16,LA23,0.0031027248362159128,0.011831560519365479
2020Q3,NN16,LA23,0.008646750326378391,0.03297248553537861
2020Q4,NN16,LA23,0.006402413163012435,0.02441419810225558
2021Q2,NN16,LA23,0.0063204651262113755,0.0241017072408238
2021Q3,NN16,LA23,0.015380558164820929,0.05865038453446547
2021Q4,NN16,LA23,0.0072207369298557655,0.027534696271745283
2022Q1,NN16,LA23,0.0035298709197546076,0.01346038840606962
2022Q2,NN16,LA23,0.008387899193012345,0.03198541352235993
2022Q3,NN16,LA23,0.0054967186063543715,0.02096053059230367
2022Q4,NN16,LA23,0.0016195639656260976,0.006175851899796146
2023Q1,NN16,LA23,0.0038025443851030624,0.014500168849903615
2023Q2,NN16,LA23,0.004616052140528654,0.017602302216338326
2023Q3,NN16,LA23,0.0051391202782498,0.019596907814283426
2019Q1,NN17,LA23,0.0036385767305819757,0.00870918248814574
2019Q2,NN17,LA23,0.00799299748060135,0.01913178664084736
2019Q3,NN17,LA23,0.016764488170289568,0.04012695007040827
2019Q4,NN17,LA23,0.0026681486367155817,0.006386396413560459
2020Q1,NN17,LA23,0.001366712914990507,0.0032713209221381765
2020Q3,NN17,LA23,0.005152216192561406,0.012332182158549584
2020Q4,NN17,LA23,0.002595108260354723,0.006211569272666878
2021Q2,NN17,LA23,0.0029420651515378584,0.007042034343098506
2021Q3,NN17,LA23,0.01470781858182579,0.035204170618431264
2021Q4,NN17,LA23,0.006729108982952597,0.01610658300059576
2022Q1,NN17,LA23,0.002093461639087238,0.005010843743791893
2022Q2,NN17,LA23,0.006084734579094105,0.01456422875347339
2022Q3,NN17,LA23,0.008412722885702313,0.02013642813080448
2022Q4,NN17,LA23,0.001890471014957805,0.004524971788951169
2023Q1,NN17,LA23,0.004235677276291277,0.010138383519594635
2023Q2,NN17,LA23,0.003838788316404876,0.009188402624557095
2023Q3,NN17,LA23,0.0056147146220325,0.013439203810419572
2019Q1,NN18,LA23,0.003212069012084377,0.00740831817095909
2019Q2,NN18,LA23,0.013891086386576544,0.03203841116267217
2019Q3,NN18,LA23,0.021503586181434182,0.0495958859069865
2019Q4,NN18,LA23,0.008888951060524767,0.02050148281830311
2020Q1,NN18,LA23,0.003238464512003128,0.007469196770062644
2020Q3,NN18,LA23,0.018145056628232927,0.041849771043614335
2020Q4,NN18,LA23,0.008261227200224194,0.01905370007667653
2021Q2,NN18,LA23,0.006830164764011593,0.01575309669297429
2021Q3,NN18,LA23,0.01682048530036237,0.03879477882517905
2022Q1,NN18,LA23,0.002518857979182531,0.005809495769561332
2022Q3,NN18,LA23,0.013737196233249763,0.03168347880756605
2022Q4,NN18,LA23,0.00409007989299221,0.009433363068455963
2023Q1,NN18,LA23,0.0059039711237508855,0.013616923046282444
2023Q2,NN18,LA23,0.010893472974188346,0.025124713533835902
2023Q3,NN18,LA23,0.008618506906369101,0.01987773023580149
2019Q1,NN2,LA23,0.005415471281819654,0.012003784774786702
2019Q2,NN2,LA23,0.02156318003940601,0.04779635211472002
2019Q3,NN2,LA23,0.014397503802235163,0.031913111148127685
2019Q4,NN2,LA23,0.010793985238933535,0.02392565095956826
2020Q1,NN2,LA23,0.0035536114963997455,0.007876837555984072
2020Q3,NN2,LA23,0.017533429029563938,0.03886411680206778
2020Q4,NN2,LA23,0.00546488906375191,0.012113322871748563
2021Q2,NN2,LA23,0.011317030871464032,0.0250850195303824
2021Q3,NN2,LA23,0.034602428765958614,0.07669879239981678
2021Q4,NN2,LA23,0.022328747921881262,0.049493288837950934
2022Q1,NN2,LA23,0.017510432635991502,0.03881314362823405
2022Q2,NN2,LA23,0.023184963999729285,0.05139115385917328
2022Q3,NN2,LA23,0.02448613582895545,0.054275295567297765
2022Q4,NN2,LA23,0.0125920096453162,0.027911102431998375
2023Q1,NN2,LA23,0.00487083187262965,0.010796552032230814
2023Q2,NN2,LA23,0.010676295894239428,0.023664783993338302
2023Q3,NN2,LA23,0.01739809280696531,0.038564134251378175
2019Q2,NN29,LA23,0.020326086638794788,0.015417469071788181
2019Q3,NN29,LA23,0.02154163306068373,0.01633946894799784
2019Q4,NN29,LA23,0.02352547497821453,0.017844225960519437
2020Q1,NN29,LA23,0.005314869969045007,0.0040313634800675955
2020Q3,NN29,LA23,0.022302016828516867,0.016916224987248502
2020Q4,NN29,LA23,0.008987722790704585,0.006817246261610441
2021Q2,NN29,LA23,0.01210217920870784,0.009179581734900764
2021Q3,NN29,LA23,0.04639217946382599,0.035188770212719794
2021Q4,NN29,LA23,0.022821807813347517,0.017310489833936963
2022Q2,NN29,LA23,0.01975062759323773,0.014980979638548081
2022Q3,NN29,LA23,0.027997698274620092,0.021236436452373938
2022Q4,NN29,LA23,0.013283981634882492,0.010075986570632205
2023Q1,NN29,LA23,0.010619540481758291,0.008054990606092337
2023Q2,NN29,LA23,0.027729748071363358,0.021033194478407083
2023Q3,NN29,LA23,0.011421198685027271,0.008663053573385565
2019Q1,NN3,LA23,0.005102046787288344,0.018203930272324885
2019Q2,NN3,LA23,0.010377596601456887,0.03702691347282629
2019Q3,NN3,LA23,0.011577649071889679,0.041308660074860185
2019Q4,NN3,LA23,0.008668646500325372,0.030929437346697914
2020Q1,NN3,LA23,0.005108916388562858,0.018228440777189617
2020Q3,NN3,LA23,0.01533856325873589,0.05472747461574625
2020Q4,NN3,LA23,0.00732230597207336,0.02612573990508141
2021Q2,NN3,LA23,0.007919474939503011,0.028256418571331612
2021Q3,NN3,LA23,0.02314844880681539,0.08259288194722984
2021Q4,NN3,LA23,0.012945895319840068,0.04619051638302173
2022Q1,NN3,LA23,0.009884565925914341,0.035267796707755636
2022Q2,NN3,LA23,0.008000106631158736,0.028544109718401725
2022Q3,NN3,LA23,0.011340212145242246,0.040461493155980896
2022Q4,NN3,LA23,0.005385159469902604,0.019214066742723652
2023Q1,NN3,LA23,0.003562708965412525,0.012711625018520434
2023Q2,NN3,LA23,0.00927043573055912,0.03307660095427305
2023Q3,NN3,LA23,0.007056417953421745,0.025177060452780058
2019Q1,NN4,LA23,0.0047859801285792146,0.014314134841004038
2019Q2,NN4,LA23,0.015943500578252157,0.047684572644156965
2019Q3,NN4,LA23,0.01664818862502593,0.04979218685302706
2019Q4,NN4,LA23,0.013287878234712114,0.039742012229995766
2020Q1,NN4,LA23,0.00541567873037555,0.016197467085005697
2020Q3,NN4,LA23,0.014189032825435469,0.04243722783425137
2020Q4,NN4,LA23,0.0045750572054882675,0.01368329662582765
2021Q2,NN4,LA23,0.004718436444095993,0.014112122007399128
2021Q3,NN4,LA23,0.011981606584371779,0.03583515343835611
2022Q1,NN4,LA23,0.0023653102079068985,0.007074281202006092
2022Q2,NN4,LA23,0.006929247121747964,0.020724318735686902
2022Q3,NN4,LA23,0.007396613640042209,0.022122140536719005
2022Q4,NN4,LA23,0.005364597912439599,0.016044692168252953
2023Q1,NN4,LA23,0.004622076699518283,0.013823924743709377
2023Q2,NN4,LA23,0.009886060147097765,0.029567694430407705
2023Q3,NN4,LA23,0.012840890859588715,0.038405141330441456
2019Q1,NN5,LA23,0.005458828529608996,0.02143881079785001
2019Q2,NN5,LA23,0.01155347961492192,0.04537472869455925
2019Q3,NN5,LA23,0.013236769986356409,0.05198562398011085
2019Q4,NN5,LA23,0.007968870481422556,0.03129666110542352
2020Q1,NN5,LA23,0.005616049035898238,0.022056273073793424
2020Q3,NN5,LA23,0.017307105798770917,0.06797131741099029
2020Q4,NN5,LA23,0.008208199120972925,0.03223659197044277
2021Q2,NN5,LA23,0.008204296223158719,0.03222126386710553
2021Q3,NN5,LA23,0.022723315420644603,0.08924274821249263
2021Q4,NN5,LA23,0.005619804654549645,0.02207102275813681
2022Q1,NN5,LA23,0.003980955770490124,0.01563466540398186
2022Q2,NN5,LA23,0.008198405056646709,0.03219812710735121
2022Q3,NN5,LA23,0.008229444140206855,0.03232002891030679
2022Q4,NN5,LA23,0.007372150543442089,0.028953124249433575
2023Q1,NN5,LA23,0.0044325505034263175,0.017408242643898963
2023Q2,NN5,LA23,0.00789957563532505,0.031024514968813317
2023Q3,NN5,LA23,0.012878715931693707,0.050579415103667806
2019Q1,NN6,LA23,0.018647587650001827,0.006628320157741571
2019Q2,NN6,LA23,0.020887739084847427,0.007424586205161345
2019Q3,NN6,LA23,0.05268657987827132,0.01872754406651484
2019Q4,NN6,LA23,0.013223463600097834,0.004700305046464378
2020Q1,NN6,LA23,0.011484106938028944,0.004082047444404402
2020Q3,NN6,LA23,0.06298928306313735,0.022389659321378333
2020Q4,NN6,LA23,0.037054948400471036,0.013171251211514851
2021Q2,NN6,LA23,0.03755737045114467,0.013349838075868509
2021Q3,NN6,LA23,0.05636666884215279,0.02003563862112472
2021Q4,NN6,LA23,0.10427128921059163,0.03706342617181358
2022Q1,NN6,LA23,0.03999015090703801,0.014214574471686229
2022Q2,NN6,LA23,0.03595328126425714,0.012779661552672985
2022Q4,NN6,LA23,0.006191792397775354,0.0022008842716297067
2023Q1,NN6,LA23,0.011014433855030805,0.0039151012623021356
2023Q2,NN6,LA23,0.041075341854545616,0.014600307638215284
2023Q3,NN6,LA23,0.023795888096378115,0.00845829324955983
2019Q2,NN7,LA23,0.030242933897476787,0.00880874285746355
2019Q3,NN7,LA23,0.02856064711713008,0.008318749667291589
2020Q3,NN7,LA23,0.06315538410539308,0.018395025447420717
2020Q4,NN7,LA23,0.019929277242637617,0.005804723812862004
2021Q2,NN7,LA23,0.0565717025370951,0.016477421878032972
2021Q3,NN7,LA23,0.09937159036460558,0.02894358033603492
2021Q4,NN7,LA23,0.0327577999697348,0.009541238210810479
2022Q1,NN7,LA23,0.007298597597130578,0.002125834407176631
2022Q2,NN7,LA23,0.04634021157862524,0.013497334919302302
2022Q3,NN7,LA23,0.08402373334007017,0.024473269142003328
2022Q4,NN7,LA23,0.01771601637004337,0.005160075844207258
2023Q2,NN7,LA23,0.04273211974561071,0.012446419909836541
2023Q3,NN7,LA23,0.03306511456823992,0.009630748550110006
2019Q1,NN8,LA23,0.005984326429184411,0.023902875711685104
2019Q2,NN8,LA23,0.0061449602926690935,0.02454448698062209
2019Q3,NN8,LA23,0.009260757639287484,0.03698975005247092
2019Q4,NN8,LA23,0.00659380830697676,0.026337296652084983
2020Q1,NN8,LA23,0.0040562494249915355,0.016201660622711167
2020Q3,NN8,LA23,0.019364888315944243,0.07734814002279662
2020Q4,NN8,LA23,0.010719875718384838,0.04281782753220994
2021Q2,NN8,LA23,0.015767551411469242,0.06297948919162147
2021Q3,NN8,LA23,0.018828862852172727,0.07520712211703122
2021Q4,NN8,LA23,0.013603610170043388,0.05433617416640131
2022Q1,NN8,LA23,0.009509039594612698,0.03798144941744047
2022Q2,NN8,LA23,0.016017390106963448,0.06397740656077501
2022Q3,NN8,LA23,0.013214787160391485,0.05278311916789257
2022Q4,NN8,LA23,0.01274655230049084,0.05091287365362695
2023Q1,NN8,LA23,0.003940254180771356,0.015738347008630905
2023Q2,NN8,LA23,0.012334758322531288,0.049268066942217484
2023Q3,NN8,LA23,0.007670710471325506,0.03063870949991003
2019Q2,NN9,LA23,0.006800664611826415,0.005196082426574918
2019Q3,NN9,LA23,0.019801851696384216,0.015129705622343824
2019Q4,NN9,LA23,0.01239063566837346,0.009467128277222424
2020Q1,NN9,LA23,0.012720325862729668,0.009719029749047585
2020Q3,NN9,LA23,0.033626601858290486,0.025692576381056004
2020Q4,NN9,LA23,0.013119568954000864,0.01002407346593345
2021Q2,NN9,LA23,0.010331491400522978,0.007893828613928651
2021Q3,NN9,LA23,0.04409218367368222,0.03368885745927175
2021Q4,NN9,LA23,0.022075332442482925,0.01686677016327364
2022Q1,NN9,LA23,0.0036941578092071297,0.002822540085278597
2022Q2,NN9,LA23,0.01808772764914876,0.013820020415500836
2022Q3,NN9,LA23,0.028321182585448707,0.021638943769724875
2022Q4,NN9,LA23,0.008331490752498163,0.006365717934530036
2023Q2,NN9,LA23,0.01044400622287933,0.007979796136890795
2023Q3,NN9,LA23,0.01523492331813366,0.011640320739521178
2019Q2,NP10,LA23,0.002650060899485252,0.004015529260110731
2019Q3,NP10,LA23,0.007430648990479317,0.01125935952969145
2020Q3,NP10,LA23,0.003966788734864551,0.006010713277049685
2021Q2,NP10,LA23,0.0044544003220992326,0.006749571239329054
2021Q3,NP10,LA23,0.0076289096955346174,0.01155977589462645
2021Q4,NP10,LA23,0.004917819808861465,0.007451771897872672
2022Q1,NP10,LA23,0.003733456641550372,0.00565715466705398
2022Q2,NP10,LA23,0.0021774321910441588,0.0032993742433402896
2022Q3,NP10,LA23,0.005057914497198976,0.00766405166861856
2023Q3,NP10,LA23,0.01129174639882221,0.0171099230478167
2020Q3,NP11,LA23,0.012732405026243942,0.006517552920417761
2021Q3,NP11,LA23,0.0047405231409072155,0.002426612283982793
2023Q3,NP11,LA23,0.007054286014728833,0.00361099747628129
2019Q1,NP12,LA23,0.002855983463383806,0.009122245952134587
2019Q2,NP12,LA23,0.00358279150537803,0.011443730583983687
2019Q3,NP12,LA23,0.006828346614542346,0.02181030039665531
2020Q3,NP12,LA23,0.0021298092392909107,0.0068027857867639895
2021Q2,NP12,LA23,0.0021380941447154108,0.0068292484557329934
2021Q3,NP12,LA23,0.008512083869420081,0.02718829559679857
2021Q4,NP12,LA23,0.0031195838012753824,0.009964207100069148
2022Q1,NP12,LA23,0.0008566728027056,0.0027362833528195227
2022Q2,NP12,LA23,0.0026555159157352183,0.008481936125933776
2022Q3,NP12,LA23,0.0013098526021550945,0.004183776884949178
2022Q4,NP12,LA23,0.0013952595643590374,0.00445657374292746
2023Q2,NP12,LA23,0.004401231506821383,0.01405789522672494
2023Q3,NP12,LA23,0.002022852468441816,0.006461157068516607
2020Q3,NP13,LA23,0.009037334312871084,0.005955763472633175
2021Q3,NP13,LA23,0.003975755658162533,0.0026200934374282963
2021Q3,NP15,LA23,0.09808925487380896,0.010017204740381385
2019Q2,NP16,LA23,0.005021904239357008,0.0076310817859686535
2019Q3,NP16,LA23,0.007652094705353906,0.011627812428779
2019Q4,NP16,LA23,0.0054816332505814025,0.008329667325800658
2020Q1,NP16,LA23,0.003451393426535277,0.00524459731968476
2020Q3,NP16,LA23,0.010371880465092841,0.015760688442268668
2020Q4,NP16,LA23,0.003350093171422802,0.0050906655649442965
2021Q2,NP16,LA23,0.009371724822789305,0.014240892535906768
2021Q3,NP16,LA23,0.022473668574678047,0.03415007430449928
2021Q4,NP16,LA23,0.014196452802312545,0.021572353283056973
2022Q1,NP16,LA23,0.01740313640637555,0.02644509949206527
2022Q2,NP16,LA23,0.014233851581325415,0.021629182949203518
2022Q3,NP16,LA23,0.014237610491684215,0.02163489483676787
2022Q4,NP16,LA23,0.0069560777341067075,0.010570173298509638
2023Q1,NP16,LA23,0.0074226108488919685,0.011279098077856854
2023Q2,NP16,LA23,0.012243960567206663,0.018605425356436573
2023Q3,NP16,LA23,0.01155684126984675,0.01756130677014864
2019Q3,NP18,LA23,0.019174639895269636,0.005525347438828587
2020Q3,NP18,LA23,0.009761201463565487,0.0028127792647572435
2021Q2,NP18,LA23,0.015423516283201053,0.004444426944056442
2021Q3,NP18,LA23,0.036280014477580766,0.010454417197363805
2022Q2,NP18,LA23,0.026580286277223086,0.007659352014293463
2022Q3,NP18,LA23,0.01700024275666185,0.0048987750637319045
2019Q1,NP19,LA23,0.0012184059829446607,0.003937587300688365
2019Q2,NP19,LA23,0.002971805397217924,0.009604141276392536
2019Q3,NP19,LA23,0.006238547373083652,0.02016144475228884
2019Q4,NP19,LA23,0.0030529280577790197,0.009866309685358678
2020Q1,NP19,LA23,0.0014291101244682158,0.004618531061207701
2020Q3,NP19,LA23,0.006150824827010827,0.019877947142924183
2021Q2,NP19,LA23,0.0025979834073350306,0.008396040905345863
2021Q3,NP19,LA23,0.008859440213517018,0.028631523288848524
2022Q1,NP19,LA23,0.0017500211677909884,0.005655636317195103
2022Q2,NP19,LA23,0.005253732592267622,0.0169787665409594
2022Q3,NP19,LA23,0.0075063070761600785,0.024258531090533542
2022Q4,NP19,LA23,0.002327119631435085,0.007520676060516006
2023Q1,NP19,LA23,0.0016713147365019815,0.005401276564646045
2023Q2,NP19,LA23,0.00396778405217074,0.012822898372463868
2023Q3,NP19,LA23,0.003755357228666158,0.01213638732912865
2019Q1,NP20,LA23,0.0019807606300809503,0.007796509618212042
2019Q2,NP20,LA23,0.007882832888496078,0.031027768575653775
2019Q3,NP20,LA23,0.00576871368049403,0.022706343720515592
2020Q1,NP20,LA23,0.001780759501099559,0.007009281367571298
2020Q3,NP20,LA23,0.003508249046831187,0.013808885849869069
2020Q4,NP20,LA23,0.00046332002905011326,0.0018236827852600558
2021Q2,NP20,LA23,0.004640841773753911,0.018266905640281172
2021Q3,NP20,LA23,0.01134980690439218,0.044674190990622975
2021Q4,NP20,LA23,0.009067152578976077,0.035689391851903896
2022Q1,NP20,LA23,0.001820032316470813,0.0071638638436798486
2022Q2,NP20,LA23,0.0042979485817355775,0.01691723722048775
2022Q3,NP20,LA23,0.009425549164901492,0.037100083475549335
2022Q4,NP20,LA23,0.00230594615417698,0.009076478549245572
2023Q1,NP20,LA23,0.0017379414783538186,0.006840744533235922
2023Q2,NP20,LA23,0.0021839946942846713,0.008596463086717663
2023Q3,NP20,LA23,0.002064504673709364,0.008126136142336874
2019Q3,NP23,LA23,0.0032820881520509645,0.007329147071174775
2021Q3,NP23,LA23,0.009555089541471787,0.02133722596205369
2022Q3,NP23,LA23,0.003961604212810707,0.008846556999187016
2023Q2,NP23,LA23,0.0038193354954629056,0.008528860366810507
2019Q1,NP25,LA23,0.003255979427421817,0.0036284946508454937
2019Q2,NP25,LA23,0.013171453770620959,0.014678394202386112
2019Q3,NP25,LA23,0.010459294599463957,0.011655938052355343
2019Q4,NP25,LA23,0.005578277477140589,0.006216485834114671
2020Q1,NP25,LA23,0.0025107730967778605,0.002798029580413864
2020Q3,NP25,LA23,0.02094518980797928,0.02334152007814591
2020Q4,NP25,LA23,0.002603940107991923,0.002901855789811376
2021Q3,NP25,LA23,0.048731796745833535,0.05430718091433418
2021Q4,NP25,LA23,0.017189183809926,0.019155791029092463
2022Q1,NP25,LA23,0.0041099238575050285,0.004580138500490376
2022Q2,NP25,LA23,0.01883362048557477,0.020988367006383086
2022Q3,NP25,LA23,0.011664756346230864,0.012999316165590559
2022Q4,NP25,LA23,0.00909409943932029,0.010134551493760328
2023Q1,NP25,LA23,0.005494517998395914,0.006123143468980835
2023Q2,NP25,LA23,0.015768970804719992,0.017573092057148496
2023Q3,NP25,LA23,0.009073727265558995,0.010111848548251402
2019Q2,NP26,LA23,0.0032204335015252428,0.003662042952489258
2019Q3,NP26,LA23,0.004290223500600491,0.0048785303989468745
2019Q4,NP26,LA23,0.010597692618476541,0.01205092592278613
2021Q2,NP26,LA23,0.0031310988834746803,0.003560458116692947
2021Q3,NP26,LA23,0.00966683225672548,0.010992419164025982
2021Q4,NP26,LA23,0.007290722166654633,0.00829047943896678
2022Q2,NP26,LA23,0.0058921426231384865,0.006700116415354194
2022Q3,NP26,LA23,0.004227784643002161,0.004807529467450804
2023Q1,NP26,LA23,0.006336844629291965,0.0072057992207345545
2023Q2,NP26,LA23,0.006464456428884479,0.007350910085818682
2023Q3,NP26,LA23,0.008765728906538591,0.009967749916406528
2019Q2,NP4,LA23,0.002224646877053972,0.0028885521529526423
2020Q3,NP4,LA23,0.006068484309813068,0.007879512743830665
2021Q2,NP4,LA23,0.003241221015060464,0.004208504296936609
2021Q3,NP4,LA23,0.014364789506642113,0.01865169887594521
2022Q3,NP4,LA23,0.007062729009314923,0.0091704716357475
2023Q2,NP4,LA23,0.0013345876624453093,0.0017328710032243492
2023Q3,NP4,LA23,0.008403107847831262,0.010910862085892002
2019Q1,NP44,LA23,0.001021160240906064,0.0047572070149851575
2019Q2,NP44,LA23,0.0019117654336860746,0.008906206457928624
2019Q3,NP44,LA23,0.0061050625898840935,0.028441223439869236
2019Q4,NP44,LA23,0.003287978912345316,0.01531747488822498
2020Q1,NP44,LA23,0.00104026547916607,0.004846211237665058
2020Q3,NP44,LA23,0.004616762977420008,0.02150778726286757
2020Q4,NP44,LA23,0.00038989585342638064,0.0018163802454625984
2021Q2,NP44,LA23,0.006580194810917261,0.030654688324615362
2021Q3,NP44,LA23,0.011837347992305078,0.055145816153054056
2021Q4,NP44,LA23,0.002937954185718249,0.01368683944216503
2022Q1,NP44,LA23,0.0012001069485728965,0.005590853389883007
2022Q2,NP44,LA23,0.004010594585282672,0.018683873432478564
2022Q3,NP44,LA23,0.00476851847677528,0.02221475987811052
2022Q4,NP44,LA23,0.0014376109787052071,0.006697296622759137
2023Q1,NP44,LA23,0.0023323600371354387,0.010865600799622614
2023Q2,NP44,LA23,0.004269966430775136,0.01989219071064793
2023Q3,NP44,LA23,0.004804400938885056,0.02238192296733548
2019Q1,NP7,LA23,0.003135721306265416,0.006017220490730588
2019Q2,NP7,LA23,0.007242983819673734,0.013898757701039757
2019Q3,NP7,LA23,0.013660242389995645,0.026213008870779743
2019Q4,NP7,LA23,0.006327169176244788,0.012141376192950677
2020Q1,NP7,LA23,0.002803961743384157,0.005380598085615622
2020Q3,NP7,LA23,0.012566434313852213,0.024114070946817508
2021Q2,NP7,LA23,0.006199024454682135,0.01189547581818679
2021Q3,NP7,LA23,0.02096916365828292,0.04023829572672594
2021Q4,NP7,LA23,0.008242407147944645,0.0158165781775502
2022Q1,NP7,LA23,0.0018127146587413234,0.0034784672243135736
2022Q2,NP7,LA23,0.016359005643934662,0.03139173872753891
2022Q3,NP7,LA23,0.008767646024329058,0.016824473274347777
2022Q4,NP7,LA23,0.002791339431792423,0.005356376790247818
2023Q2,NP7,LA23,0.005078125506794052,0.009744552487151571
2023Q3,NP7,LA23,0.005068894263988157,0.009726838405464669
2019Q1,NR1,LA23,0.002261432692244252,0.008967012754657945
2019Q2,NR1,LA23,0.007548259385760724,0.029930290837182443
2019Q3,NR1,LA23,0.00901217970783632,0.03573501465004444
2019Q4,NR1,LA23,0.006287523560582246,0.024931232380390404
2020Q1,NR1,LA23,0.0021553639299315406,0.008546429843748945
2020Q3,NR1,LA23,0.0116586472952147,0.046228764338990584
2020Q4,NR1,LA23,0.004085953984492822,0.016201588320336937
2021Q2,NR1,LA23,0.005496648465552293,0.021795261502815
2021Q3,NR1,LA23,0.010432647758880252,0.041367441905111
2021Q4,NR1,LA23,0.004815087833314964,0.01909274335876194
2022Q1,NR1,LA23,0.0015869104891375256,0.006292403327058532
2022Q2,NR1,LA23,0.007542971446776594,0.029909323148655086
2022Q3,NR1,LA23,0.004981767316949225,0.019753659361618943
2022Q4,NR1,LA23,0.0017948176625756445,0.007116794998054655
2023Q1,NR1,LA23,0.0014645038187910866,0.005807037488837436
2023Q2,NR1,LA23,0.003747544123780837,0.014859728556960597
2023Q3,NR1,LA23,0.005730594179919164,0.02272290096421477
2019Q2,NR10,LA23,0.011107712147939888,0.005210470599047137
2019Q3,NR10,LA23,0.030833553891769082,0.014463583848542096
2020Q3,NR10,LA23,0.01424959245632269,0.006684282195397332
2021Q4,NR10,LA23,0.011396252176260757,0.00534582064360991
2022Q2,NR10,LA23,0.013867492707280256,0.006505044609675582
2022Q3,NR10,LA23,0.022880206957283572,0.010732781338157969
2022Q4,NR10,LA23,0.006483981501802362,0.003041543976828084
2023Q3,NR10,LA23,0.009400825249635768,0.0044097941067991935
2019Q2,NR11,LA23,0.01462847001209128,0.009112629736361698
2020Q3,NR11,LA23,0.02767576299419312,0.017240284228557445
2021Q2,NR11,LA23,0.011795049058108877,0.007347584176603999
2021Q3,NR11,LA23,0.06349233019498021,0.03955178468339072
2022Q2,NR11,LA23,0.01134238882049904,0.00706560491709822
2022Q3,NR11,LA23,0.009007938728435787,0.005611387264164966
2022Q4,NR11,LA23,0.008997260589497298,0.005604735445735599
2023Q2,NR11,LA23,0.0048165370616238675,0.0030004039258899337
2023Q3,NR11,LA23,0.0061653485029735935,0.003840629816842918
2019Q2,NR12,LA23,0.010850041702638459,0.00755292291942359
2019Q3,NR12,LA23,0.008074147706250114,0.005620569665692462
2023Q2,NR12,LA23,0.008512146096685259,0.005925468777829862
2023Q3,NR12,LA23,0.005272079748659578,0.003669996213654806
2019Q2,NR13,LA23,0.011495556747962222,0.0055775497530242725
2019Q3,NR13,LA23,0.008995777581657663,0.004364677425278269
2020Q3,NR13,LA23,0.014123789544153787,0.006852746727358475
2020Q4,NR13,LA23,0.00575403713553013,0.0027918115762298906
2021Q2,NR13,LA23,0.014791539794181253,0.007176733666293191
2021Q3,NR13,LA23,0.04044769356493078,0.019624888833111302
2021Q4,NR13,LA23,0.07120667523384824,0.03454889420076438
2022Q2,NR13,LA23,0.034713922895368905,0.016842910379777
2022Q3,NR13,LA23,0.024893180934297703,0.01207796701074899
2022Q4,NR13,LA23,0.004918343450603992,0.0023863398615354297
2023Q2,NR13,LA23,0.012380724452752036,0.006007025855963841
2023Q3,NR13,LA23,0.023484959585768458,0.011394709574254223
2019Q2,NR14,LA23,0.013724332472757428,0.006398470910057246
2019Q3,NR14,LA23,0.02216711700332281,0.010334612163260964
2020Q3,NR14,LA23,0.0213192716133779,0.009939335083333252
2021Q2,NR14,LA23,0.02775325033893937,0.01293894368310663
2021Q3,NR14,LA23,0.032199979965039684,0.01501206965946795
2021Q4,NR14,LA23,0.02407294689120154,0.011223136040201092
2022Q1,NR14,LA23,0.006525013158321235,0.0030420500934477093
2022Q2,NR14,LA23,0.06063156864961999,0.028267263927466445
2022Q4,NR14,LA23,0.01903534641533168,0.008874538018014898
2023Q2,NR14,LA23,0.02759878646325158,0.01286693051837131
2020Q3,NR16,LA23,0.07780873599898927,0.0063473531314750435
2019Q2,NR17,LA23,0.0037113428956342775,0.002846689078272169
2019Q3,NR17,LA23,0.010879800001808713,0.008345067731512126
2019Q4,NR17,LA23,0.0041800210648177995,0.0032061764829549185
2020Q3,NR17,LA23,0.010444773905513065,0.00801139227443029
2020Q4,NR17,LA23,0.004275415736421524,0.0032793464856779564
2021Q2,NR17,LA23,0.018783418218494462,0.014407332601389409
2021Q3,NR17,LA23,0.018893235207050142,0.014491564867369982
2021Q4,NR17,LA23,0.008974734475018892,0.006883836748278343
2022Q1,NR17,LA23,0.008130321957008838,0.006236152079905842
2022Q2,NR17,LA23,0.010365969611579552,0.00795094748957213
2022Q3,NR17,LA23,0.02697312618648191,0.020689035177061568
2023Q2,NR17,LA23,0.015180195568245044,0.011643574346361629
2023Q3,NR17,LA23,0.0180644704316154,0.013855882393120031
2019Q2,NR18,LA23,0.009475859603421876,0.015135706719405097
2019Q3,NR18,LA23,0.009980797593362454,0.015942239703965855
2019Q4,NR18,LA23,0.0074292651310611905,0.011866699473242356
2020Q1,NR18,LA23,0.006098908562315907,0.009741732694556509
2020Q3,NR18,LA23,0.013557551080689642,0.0216553564086756
2020Q4,NR18,LA23,0.0038750086568223453,0.00618951704852604
2021Q2,NR18,LA23,0.00924174581731944,0.0147617588398759
2021Q3,NR18,LA23,0.01596876012131311,0.025506759279279118
2021Q4,NR18,LA23,0.010174624977757396,0.016251838470428354
2022Q2,NR18,LA23,0.014302713715418629,0.022845598093286904
2022Q3,NR18,LA23,0.02766689006791229,0.04419207875924232
2022Q4,NR18,LA23,0.008517043242783474,0.013604197828417569
2023Q1,NR18,LA23,0.002942536886963453,0.0047000881393416795
2023Q2,NR18,LA23,0.010643667331120396,0.01700103567222293
2023Q3,NR18,LA23,0.012194557999999295,0.0194782596181683
2019Q2,NR19,LA23,0.012334956403683536,0.011095088535435777
2019Q3,NR19,LA23,0.011675742714456741,0.01050213676435709
2020Q3,NR19,LA23,0.011657576357455736,0.0104857964277806
2020Q4,NR19,LA23,0.00726220216642898,0.00653223030238691
2021Q2,NR19,LA23,0.005440180864916509,0.004893352385664486
2021Q3,NR19,LA23,0.02232500587624598,0.02008097220976834
2021Q4,NR19,LA23,0.005659382880587947,0.005090520960195833
2022Q2,NR19,LA23,0.008914054539750605,0.008018044092859658
2022Q3,NR19,LA23,0.013026403319270524,0.011717033558581596
2022Q4,NR19,LA23,0.010115686711467635,0.009098892285257572
2023Q2,NR19,LA23,0.008775073870481842,0.007893033287812096
2023Q3,NR19,LA23,0.011012027627035004,0.009905136060321396
2019Q1,NR2,LA23,0.003658775897274903,0.015692651908116126
2019Q2,NR2,LA23,0.009947449741408309,0.0426650526154572
2019Q3,NR2,LA23,0.013686500842665957,0.0587020084296673
2019Q4,NR2,LA23,0.00829049670699587,0.035558307647420816
2020Q1,NR2,LA23,0.0030550935516583328,0.013103431584485
2020Q3,NR2,LA23,0.012084064819946123,0.05182908933989802
2020Q4,NR2,LA23,0.0032499825968587788,0.013939319332984049
2021Q2,NR2,LA23,0.00559455124875467,0.023995278145953917
2021Q3,NR2,LA23,0.010269258570478156,0.04404530493955086
2021Q4,NR2,LA23,0.004430914797574291,0.019004389857450128
2022Q1,NR2,LA23,0.00358716542551541,0.015385511422377525
2022Q2,NR2,LA23,0.005222389199546968,0.022399058630028525
2022Q3,NR2,LA23,0.006973153974859026,0.02990816631066737
2022Q4,NR2,LA23,0.0050913224815785,0.021836907670372774
2023Q1,NR2,LA23,0.002024647857863017,0.00868380435479022
2023Q2,NR2,LA23,0.0062310213456829655,0.026725126587466768
2023Q3,NR2,LA23,0.004138606515957152,0.01775066668826291
2019Q1,NR20,LA23,0.002446631570117481,0.00415174693316429
2019Q2,NR20,LA23,0.01125483756426043,0.019098599851074757
2019Q3,NR20,LA23,0.025546980194102425,0.043351274449295485
2019Q4,NR20,LA23,0.003862535121135801,0.006554427131276209
2020Q1,NR20,LA23,0.003389118601760382,0.005751075451181674
2020Q3,NR20,LA23,0.00356500406589338,0.006049539652012404
2021Q3,NR20,LA23,0.010789559156234188,0.018309057924458576
2021Q4,NR20,LA23,0.0025551965319902713,0.0043359733827080665
2022Q1,NR20,LA23,0.0028368774436625683,0.004813964378757475
2022Q2,NR20,LA23,0.006579726937678799,0.011165294140815293
2022Q4,NR20,LA23,0.0024723667494625217,0.004195417567200571
2023Q2,NR20,LA23,0.007361582137979306,0.01249204270797709
2023Q3,NR20,LA23,0.007030177792042665,0.011929674841198643
2019Q2,NR21,LA23,0.020398264120638783,0.02696076002508968
2019Q3,NR21,LA23,0.0112406011073033,0.01485690876436554
2019Q4,NR21,LA23,0.008912154539303198,0.011779358205169795
2020Q3,NR21,LA23,0.02077872567074899,0.02746362303787498
2020Q4,NR21,LA23,0.007602447791245909,0.010048294761301254
2021Q2,NR21,LA23,0.012400256664569462,0.016389646795715022
2021Q3,NR21,LA23,0.014456335431275716,0.01910720383360839
2021Q4,NR21,LA23,0.027618992185548398,0.03650452881899829
2022Q1,NR21,LA23,0.006867344655317674,0.009076695456368272
2022Q3,NR21,LA23,0.010103866238677851,0.013354465427819377
2022Q4,NR21,LA23,0.011375061853553605,0.015034628000228412
2023Q2,NR21,LA23,0.012843353509413838,0.016975296026996253
2023Q3,NR21,LA23,0.007880067110700873,0.010415229310529923
2019Q2,NR26,LA23,0.018321581297726,0.010241125193378666
2019Q3,NR26,LA23,0.014753450009220587,0.008246664200182033
2019Q4,NR26,LA23,0.015455564079693937,0.008639121487514691
2020Q3,NR26,LA23,0.013732228456827977,0.007675836955618417
2021Q3,NR26,LA23,0.013111087748203614,0.0073286409545551484
2022Q3,NR26,LA23,0.011467302632585462,0.006409822382811709
2023Q2,NR26,LA23,0.018928752161175132,0.010580512538024849
2023Q3,NR26,LA23,0.02091673873986064,0.011691727727600307
2019Q2,NR27,LA23,0.007035884648670488,0.0050719392500181435
2019Q3,NR27,LA23,0.009304450686441932,0.0067072743504031865
2020Q3,NR27,LA23,0.0030009503868654013,0.0021632870370289366
2021Q2,NR27,LA23,0.01096640750162775,0.00790532469143158
2021Q3,NR27,LA23,0.021635728938887343,0.015596489750387231
2021Q4,NR27,LA23,0.0043143676768387425,0.003110086627600257
2022Q2,NR27,LA23,0.009354299360983113,0.006743208630396616
2022Q3,NR27,LA23,0.007247415543252678,0.005224424957273961
2022Q4,NR27,LA23,0.006985935674985361,0.0050359326676504826
2023Q2,NR27,LA23,0.005822967100931073,0.004197586638427538
2023Q3,NR27,LA23,0.01576652393259715,0.011365571717438627
2019Q2,NR28,LA23,0.012247626038624471,0.014002800817559963
2019Q3,NR28,LA23,0.015117821501984876,0.01728431637446489
2019Q4,NR28,LA23,0.005650400882558257,0.006460144835277354
2020Q1,NR28,LA23,0.012196338669815027,0.013944163592057609
2020Q3,NR28,LA23,0.01238662682363452,0.014161721436122453
2020Q4,NR28,LA23,0.008315889548340168,0.009507617606792484
2021Q2,NR28,LA23,0.009672823053326823,0.011059009650693884
2021Q4,NR28,LA23,0.0032736645299500924,0.003742804704506681
2022Q1,NR28,LA23,0.004216188506196589,0.004820399290064145
2022Q2,NR28,LA23,0.013456958164078157,0.015385439120003291
2022Q3,NR28,LA23,0.008997296945284346,0.010286675689144984
2023Q2,NR28,LA23,0.009227489328103538,0.010549856331350376
2023Q3,NR28,LA23,0.007950301041450676,0.009089637581355843
2021Q3,NR29,LA23,0.009098351701468476,0.0020575809659013865
2019Q1,NR3,LA23,0.0021825680743253247,0.0076947801776672655
2019Q2,NR3,LA23,0.005888001617245205,0.02075851775869876
2019Q3,NR3,LA23,0.012444585821204808,0.04387416521974312
2019Q4,NR3,LA23,0.0046372983371812705,0.016349085163770732
2020Q1,NR3,LA23,0.0011280857135486314,0.003977136699393407
2020Q3,NR3,LA23,0.006495347198839233,0.02289975257158686
2020Q4,NR3,LA23,0.0035834927416989416,0.012633827663846534
2021Q2,NR3,LA23,0.006038387068868673,0.021288711068943846
2021Q3,NR3,LA23,0.018652369294056826,0.06576009389984537
2021Q4,NR3,LA23,0.010247190434521136,0.03612711042550594
2022Q1,NR3,LA23,0.004596507847166396,0.016205275741422782
2022Q2,NR3,LA23,0.008744381828286836,0.03082886474414085
2022Q3,NR3,LA23,0.010608562593672523,0.037401150561852434
2022Q4,NR3,LA23,0.0030524165579758635,0.010761485380728172
2023Q1,NR3,LA23,0.00615889230734399,0.02171355981993256
2023Q2,NR3,LA23,0.008051046038230076,0.028384466076096924
2023Q3,NR3,LA23,0.009328758405950918,0.032889120897888834
2019Q2,NR30,LA23,0.0035268969288327233,0.006641406887477607
2019Q3,NR30,LA23,0.005398698719468014,0.010166147631299822
2019Q4,NR30,LA23,0.005240929825976314,0.009869057175579505
2020Q3,NR30,LA23,0.003249947055687034,0.006119889862140384
2021Q3,NR30,LA23,0.011384740043886758,0.021438304681230383
2021Q4,NR30,LA23,0.002631772515600302,0.00495582163700115
2022Q2,NR30,LA23,0.001810176316297452,0.003408695433179453
2023Q2,NR30,LA23,0.002712480769219079,0.005107801227637341
2023Q3,NR30,LA23,0.0021482525166368104,0.004045317838294419
2019Q1,NR31,LA23,0.0010913813972951267,0.0031082067658702193
2019Q2,NR31,LA23,0.005207576769377412,0.01483095221201616
2019Q3,NR31,LA23,0.009445149574302241,0.026899375309366497
2019Q4,NR31,LA23,0.002321429085781628,0.006611329099796991
2020Q3,NR31,LA23,0.005206764370747218,0.01482863853604073
2020Q4,NR31,LA23,0.0007283915343412147,0.0020744274190975013
2021Q2,NR31,LA23,0.00573210702245412,0.01632479156602869
2021Q3,NR31,LA23,0.006941235446213106,0.019768336743588088
2021Q4,NR31,LA23,0.004474513942912577,0.012743221156059928
2022Q1,NR31,LA23,0.001600298364197779,0.004557580159729914
2022Q2,NR31,LA23,0.004868197241613537,0.013864414073279438
2022Q3,NR31,LA23,0.012472527682265951,0.03552121652943968
2022Q4,NR31,LA23,0.002618106910545889,0.0074562546450750705
2023Q1,NR31,LA23,0.0014344928812664599,0.004085373353619085
2023Q2,NR31,LA23,0.006783452399754961,0.019318977487734645
2023Q3,NR31,LA23,0.004436178882550261,0.012634044570969229
2019Q2,NR32,LA23,0.005196693902862153,0.01070906615940979
2019Q3,NR32,LA23,0.009904330544056034,0.020410309524396243
2019Q4,NR32,LA23,0.00124750125517447,0.002570783218201901
2020Q3,NR32,LA23,0.007908209244960492,0.01629681054720081
2020Q4,NR32,LA23,0.0030559149461255822,0.00629746449325479
2021Q2,NR32,LA23,0.005861213921227673,0.012078473127368615
2021Q3,NR32,LA23,0.014923772327975069,0.030754104089184706
2021Q4,NR32,LA23,0.001744382590976609,0.0035947294420790327
2022Q1,NR32,LA23,0.0032664632370554385,0.006731351041022527
2022Q2,NR32,LA23,0.002431252094648299,0.005010193022423802
2022Q3,NR32,LA23,0.006779086582286827,0.013969975539658524
2022Q4,NR32,LA23,0.0008458069737453862,0.0017429933356168641
2023Q1,NR32,LA23,0.0015369919981276865,0.0031673501079922
2023Q2,NR32,LA23,0.006415600447637049,0.013220922942612408
2023Q3,NR32,LA23,0.009588244966154505,0.019758937434937892
2019Q1,NR33,LA23,0.003550195692997967,0.0079262200775847
2019Q2,NR33,LA23,0.005941507974451846,0.013265099693268313
2019Q3,NR33,LA23,0.010978351757161784,0.02451043256235871
2019Q4,NR33,LA23,0.0053073200787338674,0.01184920229867815
2020Q1,NR33,LA23,0.0014203567848794798,0.003171109831452277
2020Q3,NR33,LA23,0.014214675771392522,0.031735898028884435
2021Q2,NR33,LA23,0.0024239235877393304,0.00541168810653549
2021Q3,NR33,LA23,0.015042264581844088,0.0335835852023896
2021Q4,NR33,LA23,0.0068546245504445,0.01530373743712085
2022Q1,NR33,LA23,0.002522988121927213,0.005632861069311945
2022Q2,NR33,LA23,0.004231470817453829,0.009447245124308556
2022Q3,NR33,LA23,0.011948011869176685,0.026675310251620756
2022Q4,NR33,LA23,0.0028347548007852524,0.00632891602604582
2023Q1,NR33,LA23,0.001972061068771197,0.004402853078872898
2023Q2,NR33,LA23,0.008020017269400083,0.017905610676242616
2023Q3,NR33,LA23,0.01060349985025602,0.02367353258062041
2019Q2,NR34,LA23,0.0050208793208696275,0.00959908011019628
2019Q3,NR34,LA23,0.011936761172641202,0.02282108758842217
2019Q4,NR34,LA23,0.010076929719286528,0.019265401428428558
2021Q2,NR34,LA23,0.0064082459658392505,0.012251492708906393
2021Q3,NR34,LA23,0.009821920497887314,0.018777866518980488
2021Q4,NR34,LA23,0.003951186924714092,0.007554007455037074
2022Q2,NR34,LA23,0.010107108772923869,0.019323098723065892
2022Q3,NR34,LA23,0.0072860858067288516,0.013929775419585393
2022Q4,NR34,LA23,0.003264481090194302,0.006241140943727868
2023Q2,NR34,LA23,0.004433408870741287,0.0084759350288725
2023Q3,NR34,LA23,0.008161353998937573,0.0156031415688166
2020Q3,NR35,LA23,0.011637772179369545,0.0023356558971986217
2021Q3,NR35,LA23,0.04126034075356592,0.008280790920819656
2022Q2,NR35,LA23,0.044922722872667915,0.009015816857264715
2022Q3,NR35,LA23,0.039747617704371616,0.007977193251418437
2022Q4,NR35,LA23,0.017269684403245347,0.003465958913571395
2023Q2,NR35,LA23,0.0228619682547917,0.00458830866877862
2023Q3,NR35,LA23,0.03057364951010325,0.006136013291594176
2019Q1,NR4,LA23,0.007559075315099852,0.010161375674600494
2019Q2,NR4,LA23,0.008295566124048637,0.0111514120849627
2019Q3,NR4,LA23,0.013971972353803104,0.018781987754311724
2019Q4,NR4,LA23,0.006406604084299764,0.008612152701926062
2020Q3,NR4,LA23,0.009461430052681798,0.012718638348820964
2020Q4,NR4,LA23,0.005650642766854705,0.00759594283209178
2021Q2,NR4,LA23,0.006772025727182845,0.00910337503245997
2021Q3,NR4,LA23,0.01595801800635798,0.021451752922837575
2021Q4,NR4,LA23,0.02316581737949884,0.031140921791327245
2022Q1,NR4,LA23,0.002840811732728254,0.0038187944998247774
2022Q2,NR4,LA23,0.018073365046827328,0.02429533299901776
2022Q3,NR4,LA23,0.01245359540670428,0.016740891729735294
2022Q4,NR4,LA23,0.009099074208097852,0.012231537253618292
2023Q1,NR4,LA23,0.004229833505977535,0.005686003314372648
2023Q2,NR4,LA23,0.014307650374591053,0.019233226871895204
2023Q3,NR4,LA23,0.010009239801395986,0.013455038030376437
2019Q1,NR5,LA23,0.00232880291975454,0.003942431559761926
2019Q2,NR5,LA23,0.014641087903573168,0.02478590460818358
2019Q3,NR5,LA23,0.0162079165190135,0.027438389509267923
2019Q4,NR5,LA23,0.005040621677247424,0.008533270811638675
2020Q1,NR5,LA23,0.003419723252420746,0.005789251104776303
2020Q3,NR5,LA23,0.006812240763467794,0.011532445597166659
2020Q4,NR5,LA23,0.005484882464954189,0.009285360108402543
2021Q2,NR5,LA23,0.012208800664590258,0.020668284395656912
2021Q3,NR5,LA23,0.029877071837906524,0.05057890898704818
2021Q4,NR5,LA23,0.006145251653525808,0.010403299418781604
2022Q1,NR5,LA23,0.008835972080973784,0.014958421297787619
2022Q2,NR5,LA23,0.013879626109300538,0.023496825577996785
2022Q3,NR5,LA23,0.02234133773241291,0.0378216611703872
2022Q4,NR5,LA23,0.009682467832978022,0.01639145435507083
2023Q1,NR5,LA23,0.002261706813478119,0.00382884452984306
2023Q2,NR5,LA23,0.008403584442563547,0.014226432061060315
2023Q3,NR5,LA23,0.0037228302328432524,0.0063023810547025855
2019Q2,NR6,LA23,0.005802339646903576,0.0074815604760563575
2019Q3,NR6,LA23,0.007567781502436376,0.009757928426384534
2019Q4,NR6,LA23,0.003272269245377721,0.004219277350697213
2020Q3,NR6,LA23,0.014515157443647531,0.01871590338426345
2021Q3,NR6,LA23,0.02839235808414436,0.03660922265688659
2021Q4,NR6,LA23,0.013071189294053287,0.016854044945408767
2022Q1,NR6,LA23,0.009115206653156844,0.011753184745697722
2022Q2,NR6,LA23,0.011949592038483252,0.015407852856015291
2022Q3,NR6,LA23,0.022531028320609464,0.0290516000831379
2022Q4,NR6,LA23,0.010301345376638148,0.013282596867832515
2023Q1,NR6,LA23,0.005319316011293121,0.006858747824419752
2023Q2,NR6,LA23,0.014201926653245859,0.018312022321802096
2023Q3,NR6,LA23,0.01640721496776733,0.021155530095608048
2019Q1,NR7,LA23,0.0062453566742936535,0.015452463420916588
2019Q2,NR7,LA23,0.011632283638386809,0.02878097229638658
2019Q3,NR7,LA23,0.01318251839213601,0.03261661324940748
2019Q4,NR7,LA23,0.004780538248258103,0.011828162307776566
2020Q1,NR7,LA23,0.004641499285801201,0.011484147611179515
2020Q3,NR7,LA23,0.009979391491802159,0.0246913331026878
2020Q4,NR7,LA23,0.002810264392710773,0.0069532470275413035
2021Q2,NR7,LA23,0.010251303544274096,0.025364106694918887
2021Q3,NR7,LA23,0.031160595214687087,0.07709855222694689
2021Q4,NR7,LA23,0.011137552735823685,0.027556893100634583
2022Q1,NR7,LA23,0.005833850438623603,0.014434301386978038
2022Q2,NR7,LA23,0.01199227123370135,0.029671665244553683
2022Q3,NR7,LA23,0.011203098005430836,0.02771906732603752
2022Q4,NR7,LA23,0.003721381629037752,0.009207562753728644
2023Q1,NR7,LA23,0.002367081352647431,0.005856709219934992
2023Q2,NR7,LA23,0.008651098923815924,0.02140482868196085
2023Q3,NR7,LA23,0.007410911120816566,0.01833631591954413
2019Q2,NR8,LA23,0.012629859323049707,0.009941431852185987
2019Q3,NR8,LA23,0.008778476964352482,0.006909865603001953
2020Q3,NR8,LA23,0.0055176294904382105,0.00434313131775706
2021Q3,NR8,LA23,0.011943887240368248,0.00940147772141954
2023Q1,NR8,LA23,0.0038831641397105883,0.0030565828706683924
2023Q3,NR8,LA23,0.008659249358123166,0.006816017121248492
2019Q2,NR9,LA23,0.009460171897013514,0.0062545891853350655
2019Q3,NR9,LA23,0.03746361926099116,0.024769058154987467
2019Q4,NR9,LA23,0.016307002201271244,0.010781368533642042
2020Q3,NR9,LA23,0.011282960433986916,0.007459725159038219
2021Q2,NR9,LA23,0.007877206689868684,0.00520801231832324
2021Q3,NR9,LA23,0.021896537100586373,0.014476887485400831
2022Q2,NR9,LA23,0.0213370586895499,0.01410698853882864
2022Q3,NR9,LA23,0.015293029600190284,0.010110980919760615
2022Q4,NR9,LA23,0.014505210508496237,0.00959011461579148
2023Q2,NR9,LA23,0.0145434860057329,0.009615420446772771
2023Q3,NR9,LA23,0.012942914069859205,0.008557202897509551
2019Q1,NW1,LA23,0.005413870579311097,0.044332056155755965
2019Q2,NW1,LA23,0.015798187669856738,0.1293651432333243
2019Q3,NW1,LA23,0.017444101522545198,0.14284288420920965
2019Q4,NW1,LA23,0.010491111477311587,0.08590758429390738
2020Q1,NW1,LA23,0.004021773298923089,0.03293271922955087
2020Q3,NW1,LA23,0.012622345997101358,0.10335942526946837
2020Q4,NW1,LA23,0.00404743220656607,0.0331428299290698
2021Q2,NW1,LA23,0.00925196106484915,0.07576066909415333
2021Q3,NW1,LA23,0.01904477234606551,0.15595014781952893
2021Q4,NW1,LA23,0.010960247430817034,0.0897491540416153
2022Q1,NW1,LA23,0.006255007715853846,0.05121979723224285
2022Q2,NW1,LA23,0.008106749096438211,0.06638297885385619
2022Q3,NW1,LA23,0.00933408546264246,0.07643315347688749
2022Q4,NW1,LA23,0.0044871743185217975,0.03674370507295857
2023Q1,NW1,LA23,0.003059370010429656,0.025051977345358262
2023Q2,NW1,LA23,0.010147974357964893,0.08309776942649365
2023Q3,NW1,LA23,0.007398241846924097,0.06058129174071195
2019Q1,NW10,LA23,0.0033588387818886322,0.014430035546898331
2019Q2,NW10,LA23,0.010826208609771891,0.04651088820324484
2019Q3,NW10,LA23,0.019718054326089487,0.08471148611698326
2019Q4,NW10,LA23,0.002532167834712979,0.010878542924610187
2020Q1,NW10,LA23,0.0018184236394825344,0.007812199233420441
2020Q3,NW10,LA23,0.01671379881346071,0.07180478929278421
2020Q4,NW10,LA23,0.003435211598628923,0.014758143721164288
2021Q2,NW10,LA23,0.00813734018081721,0.034959137872158166
2021Q3,NW10,LA23,0.014173721057225485,0.06089226425228486
2021Q4,NW10,LA23,0.009552206356083032,0.04103759847386347
2022Q1,NW10,LA23,0.005169722751494646,0.022209843316662727
2022Q2,NW10,LA23,0.011335035348715472,0.0486968781857827
2022Q3,NW10,LA23,0.017423234625904564,0.0748526235761705
2022Q4,NW10,LA23,0.006638275415390156,0.028518948492168912
2023Q1,NW10,LA23,0.004484706718048175,0.01926691977828743
2023Q2,NW10,LA23,0.01077120941076192,0.04627460404425384
2023Q3,NW10,LA23,0.007578125558814919,0.03255667458116895
2019Q1,NW11,LA23,0.0019120470168147747,0.004663430835605929
2019Q2,NW11,LA23,0.012252290800348028,0.029883005084434557
2019Q3,NW11,LA23,0.015647012456242337,0.03816263916726649
2019Q4,NW11,LA23,0.006489943924032537,0.015828797278795454
2020Q1,NW11,LA23,0.0019171755325112813,0.004675939146348108
2020Q3,NW11,LA23,0.021866479055333125,0.05333174958356689
2020Q4,NW11,LA23,0.008341604891865907,0.020344948178090287
2021Q2,NW11,LA23,0.008660225046236132,0.021122054096338515
2021Q3,NW11,LA23,0.01885992378400559,0.045998842788932036
2021Q4,NW11,LA23,0.005109809954283725,0.012462687944038795
2022Q1,NW11,LA23,0.003278425892441167,0.007995991868718822
2022Q2,NW11,LA23,0.011884608833967872,0.028986238736831944
2022Q3,NW11,LA23,0.008359599163702781,0.020388835719249262
2022Q4,NW11,LA23,0.007848081601025236,0.01914125825187178
2023Q2,NW11,LA23,0.006546446530492311,0.015966605604082126
2023Q3,NW11,LA23,0.022336731335643404,0.054478682146013084
2019Q1,NW2,LA23,0.0030195928449107978,0.010287687922384235
2019Q2,NW2,LA23,0.009933076158722182,0.03384177698077296
2019Q3,NW2,LA23,0.013501190065025865,0.04599826436993818
2019Q4,NW2,LA23,0.007151252879789869,0.02436416485928686
2020Q1,NW2,LA23,0.003226909061444519,0.01099400981625909
2020Q3,NW2,LA23,0.0258334808356841,0.08801411396716399
2020Q4,NW2,LA23,0.005045154408990446,0.017188732635729852
2021Q2,NW2,LA23,0.0103911072674792,0.035402279123827624
2021Q3,NW2,LA23,0.03240471943416747,0.11040218263630923
2021Q4,NW2,LA23,0.0056277789773922044,0.01917372201790206
2022Q1,NW2,LA23,0.0037764912151525523,0.012866424401751684
2022Q2,NW2,LA23,0.009019857668612746,0.030730461212810763
2022Q3,NW2,LA23,0.010580873017120363,0.03604880695421241
2022Q4,NW2,LA23,0.008937219799108977,0.030448915767550374
2023Q1,NW2,LA23,0.00213723091932588,0.00728149980655572
2023Q2,NW2,LA23,0.009848167551663995,0.03355249518146973
2023Q3,NW2,LA23,0.006366129453965161,0.021689266222190518
2019Q1,NW3,LA23,0.004722889382883221,0.02397105685058612
2019Q2,NW3,LA23,0.015965847369360242,0.08103476578252485
2019Q3,NW3,LA23,0.022599921515985825,0.11470605376485815
2019Q4,NW3,LA23,0.016934958589209327,0.08595349630154485
2020Q1,NW3,LA23,0.007703173484248012,0.03909750886608949
2020Q3,NW3,LA23,0.02875056543540578,0.1459236883752458
2020Q4,NW3,LA23,0.007758488181685525,0.03937825898523332
2021Q2,NW3,LA23,0.04046786511523184,0.20539492176437005
2021Q3,NW3,LA23,0.05097381138362371,0.2587179227606548
2021Q4,NW3,LA23,0.013986755018009169,0.0709898692328125
2022Q1,NW3,LA23,0.008821917869660741,0.04477570352404505
2022Q2,NW3,LA23,0.023149920267818157,0.11749757613159112
2022Q3,NW3,LA23,0.01544584932646518,0.078395512215925
2022Q4,NW3,LA23,0.015594755979134331,0.07915128893377472
2023Q1,NW3,LA23,0.0044206172827218546,0.022436872771751992
2023Q2,NW3,LA23,0.01774620283069052,0.09007097190932306
2023Q3,NW3,LA23,0.018438227730720638,0.09358334894715156
2019Q1,NW4,LA23,0.002431822008045256,0.00552505822933166
2019Q2,NW4,LA23,0.01076454209586176,0.02445685650305261
2019Q3,NW4,LA23,0.015242867580840829,0.03463153581451184
2019Q4,NW4,LA23,0.007758529283650352,0.017627246535448452
2020Q1,NW4,LA23,0.0012890413297984866,0.002928679970651541
2020Q3,NW4,LA23,0.012321505189240294,0.02799425016236547
2020Q4,NW4,LA23,0.00515330120721839,0.01170821266892526
2021Q2,NW4,LA23,0.005526144939502967,0.01255530728543031
2021Q3,NW4,LA23,0.020162584544719444,0.045809049056572376
2021Q4,NW4,LA23,0.005484965373987753,0.012461748013173776
2022Q1,NW4,LA23,0.002464822942696938,0.005600035791410502
2022Q2,NW4,LA23,0.007317678803679523,0.016625641745209085
2022Q3,NW4,LA23,0.006353045890312325,0.01443401217748111
2023Q1,NW4,LA23,0.002669861536680339,0.006065879988588893
2023Q2,NW4,LA23,0.002981445096154417,0.006773792534696858
2023Q3,NW4,LA23,0.007671110221463109,0.017428631913432458
2019Q1,NW5,LA23,0.00500173458849576,0.011539025113221794
2019Q2,NW5,LA23,0.016921322485527142,0.03903757019785095
2019Q3,NW5,LA23,0.030516836527149243,0.07040248474454971
2019Q4,NW5,LA23,0.012690748976298316,0.02927761730498792
2020Q1,NW5,LA23,0.006803304265833819,0.015695254793588492
2020Q3,NW5,LA23,0.024384999632009317,0.056256308318887185
2020Q4,NW5,LA23,0.004405578120568605,0.010163689350575926
2021Q2,NW5,LA23,0.01077588387095286,0.02486001454177164
2021Q3,NW5,LA23,0.03609341613376717,0.08326768000593944
2021Q4,NW5,LA23,0.010449944050405998,0.024108069849756237
2022Q1,NW5,LA23,0.008733306768614285,0.02014777960355894
2022Q2,NW5,LA23,0.016359076295083808,0.03774046560412438
2022Q3,NW5,LA23,0.013441820880087307,0.031010343703463793
2022Q4,NW5,LA23,0.008809119117258792,0.020322679046826757
2023Q1,NW5,LA23,0.007049357489979339,0.016262900733685887
2023Q2,NW5,LA23,0.02573263542850116,0.05936531041087398
2023Q3,NW5,LA23,0.016735066682305032,0.038607877187788686
2019Q1,NW6,LA23,0.004214069188084165,0.01311499996436216
2019Q2,NW6,LA23,0.012456375083944848,0.03876665320160271
2019Q3,NW6,LA23,0.022518858897938282,0.07008305285519162
2019Q4,NW6,LA23,0.010827977028912441,0.03369876288454158
2020Q1,NW6,LA23,0.0021991377154547205,0.0068441427448248365
2020Q3,NW6,LA23,0.015518115623980531,0.04829538310167101
2020Q4,NW6,LA23,0.013334636252284695,0.041499972157078714
2021Q2,NW6,LA23,0.02171377841630541,0.06757748637854721
2021Q3,NW6,LA23,0.03560063845367735,0.11079608597112653
2021Q4,NW6,LA23,0.00855347482213155,0.026620071237707314
2022Q1,NW6,LA23,0.006345764511948299,0.019749248916790776
2022Q2,NW6,LA23,0.01759379868255878,0.05475531102982567
2022Q3,NW6,LA23,0.0167920636037468,0.0522601560950707
2022Q4,NW6,LA23,0.006668386796487911,0.02075331198775404
2023Q1,NW6,LA23,0.0019997842320793034,0.006223716071537896
2023Q2,NW6,LA23,0.010509513265934904,0.032707641938565866
2023Q3,NW6,LA23,0.019044402516839292,0.0592698712768874
2020Q3,NW7,LA23,0.01924615820117736,0.007365370560665131
2021Q2,NW7,LA23,0.055835377964118124,0.02136780986635393
2021Q3,NW7,LA23,0.06226751586631686,0.0238293441970909
2021Q4,NW7,LA23,0.007087537707830325,0.0027123512669486468
2022Q1,NW7,LA23,0.007924499696572884,0.0030326507847975174
2022Q2,NW7,LA23,0.02922489891436375,0.01118416506048991
2022Q3,NW7,LA23,0.037152043637537616,0.014217828078526678
2022Q4,NW7,LA23,0.013841424202992622,0.005297016541003141
2023Q2,NW7,LA23,0.007693815590872056,0.00294436958585994
2023Q3,NW7,LA23,0.013576354751478895,0.005195576309955293
2019Q1,NW8,LA23,0.0027204365237990763,0.013120494944803813
2019Q2,NW8,LA23,0.02128352891472292,0.10264912674501077
2019Q3,NW8,LA23,0.02530996745896541,0.12206838762580555
2019Q4,NW8,LA23,0.005286971779856242,0.025498733715739342
2020Q1,NW8,LA23,0.00890799906523018,0.04296272149017137
2020Q3,NW8,LA23,0.030680096294360738,0.14796818261141115
2021Q2,NW8,LA23,0.008417481874453313,0.04059698780529213
2021Q3,NW8,LA23,0.022866751103010032,0.11028490818530452
2021Q4,NW8,LA23,0.0062775256729058,0.030276113093135295
2022Q2,NW8,LA23,0.004747822627988904,0.02289845112885068
2022Q3,NW8,LA23,0.01001617514284072,0.04830738529579357
2022Q4,NW8,LA23,0.002977508308256341,0.014360336058138443
2023Q1,NW8,LA23,0.0007757427430910689,0.003741358657022037
2023Q2,NW8,LA23,0.006027259964384129,0.029069097257702105
2023Q3,NW8,LA23,0.003297139024165681,0.01590189497914426
2019Q1,NW9,LA23,0.0030477117301705905,0.015242208116649203
2019Q2,NW9,LA23,0.004934265126167407,0.024677234139712508
2019Q3,NW9,LA23,0.015290849665254538,0.07647255827084408
2019Q4,NW9,LA23,0.0034341332186803987,0.017174778277503033
2020Q1,NW9,LA23,0.0008666689884838935,0.004334382730474956
2020Q3,NW9,LA23,0.007041678302925359,0.035216823533921915
2020Q4,NW9,LA23,0.0009428719016469447,0.00471548854505315
2021Q2,NW9,LA23,0.004694061862611327,0.02347593019184366
2021Q3,NW9,LA23,0.01000818499358981,0.05005290921450856
2021Q4,NW9,LA23,0.002176185185469132,0.010883531788432212
2022Q1,NW9,LA23,0.0015256629916543295,0.007630141855103635
2022Q2,NW9,LA23,0.0025590213348659755,0.01279817096047644
2022Q3,NW9,LA23,0.004957757771564857,0.024794725497839915
2022Q4,NW9,LA23,0.0007712960766765231,0.0038574039676648
2023Q1,NW9,LA23,0.0011491156427177265,0.005746954215850435
2023Q2,NW9,LA23,0.002929424453467861,0.014650630090680931
2023Q3,NW9,LA23,0.0051152813803344655,0.02558253216747452
2019Q1,OL1,LA23,0.03578014983988484,0.09403191287688843
2019Q2,OL1,LA23,0.048162233054386175,0.12657260863335204
2019Q3,OL1,LA23,0.0481146375924939,0.12644752552593025
2019Q4,OL1,LA23,0.04120537221174042,0.10828965186599132
2020Q1,OL1,LA23,0.027028032193586547,0.07103093698137643
2020Q2,OL1,LA23,0.001729696118282986,0.004545722570355825
2020Q3,OL1,LA23,0.060400374386447984,0.15873501836783255
2020Q4,OL1,LA23,0.02519244305055016,0.06620692257260068
2021Q2,OL1,LA23,0.028690434381355937,0.07539980794436017
2021Q3,OL1,LA23,0.06792780302341976,0.17851745407439593
2021Q4,OL1,LA23,0.039785981997898484,0.10455942777460103
2022Q1,OL1,LA23,0.033012184856658064,0.08675757100538171
2022Q2,OL1,LA23,0.03054203540810407,0.08026590233493909
2022Q3,OL1,LA23,0.04115439279504308,0.10815567556653896
2022Q4,OL1,LA23,0.05071131393656385,0.133271712815467
2023Q1,OL1,LA23,0.029436500124474355,0.07736050372879033
2023Q2,OL1,LA23,0.04942686923750899,0.1298961318696859
2023Q3,OL1,LA23,0.027188481172636128,0.07145260442789891
2019Q1,OL10,LA23,0.030511021897234317,0.05009853201264911
2019Q2,OL10,LA23,0.058335905391582385,0.09578647459238247
2019Q3,OL10,LA23,0.06392592840899175,0.10496518869879244
2019Q4,OL10,LA23,0.0610844394227577,0.10029951648958532
2020Q1,OL10,LA23,0.029808949986549118,0.0489457429578901
2020Q2,OL10,LA23,0.0017823044817419698,0.0029265108994245732
2020Q3,OL10,LA23,0.09455614929407258,0.15525944323848825
2020Q4,OL10,LA23,0.05642704830877988,0.0926521666694144
2021Q1,OL10,LA23,0.002442324292909832,0.004010251186791778
2021Q2,OL10,LA23,0.06205194594694077,0.10188814425621633
2021Q3,OL10,LA23,0.12979712969795965,0.21312447938404305
2021Q4,OL10,LA23,0.061162422949716015,0.10042756399435064
2022Q1,OL10,LA23,0.05812383951590125,0.09543826635807996
2022Q2,OL10,LA23,0.0651065576155454,0.10690375995670756
2022Q3,OL10,LA23,0.08307922864674509,0.13641455241859446
2022Q4,OL10,LA23,0.028643644476992355,0.04703233292620783
2023Q1,OL10,LA23,0.030268925098128237,0.0497010135591202
2023Q2,OL10,LA23,0.04293048201070684,0.07049105515298422
2023Q3,OL10,LA23,0.05437838450768675,0.08928829870825895
2019Q1,OL11,LA23,0.03653833529022279,0.0754611203577091
2019Q2,OL11,LA23,0.07243296252690724,0.14959281696040985
2019Q3,OL11,LA23,0.05468248626816797,0.11293348875818032
2019Q4,OL11,LA23,0.052221537901197934,0.10785099336152426
2020Q1,OL11,LA23,0.03399826688186502,0.07021522159528817
2020Q2,OL11,LA23,0.0031504480196832287,0.006506490657160228
2020Q3,OL11,LA23,0.07503062052291233,0.15495765312844284
2020Q4,OL11,LA23,0.04117126882875818,0.08502932735410823
2021Q2,OL11,LA23,0.05788600773154315,0.11954958981467663
2021Q3,OL11,LA23,0.07272199574004765,0.1501897453620713
2021Q4,OL11,LA23,0.06758924059492244,0.13958927736875834
2022Q1,OL11,LA23,0.044882138805315386,0.09269323441797833
2022Q2,OL11,LA23,0.0441834318203522,0.09125022363305106
2022Q3,OL11,LA23,0.05972628388003376,0.12335023641856913
2022Q4,OL11,LA23,0.03332711187591605,0.06882911277888171
2023Q1,OL11,LA23,0.031531997166978645,0.06512173623774882
2023Q2,OL11,LA23,0.04792615986667173,0.0989799258574725
2023Q3,OL11,LA23,0.05589858931139206,0.115445056331886
2019Q1,OL12,LA23,0.055713036329371336,0.035955392286704344
2019Q2,OL12,LA23,0.06953396794856669,0.044874974683865934
2019Q3,OL12,LA23,0.06294329988798204,0.0406215706125311
2019Q4,OL12,LA23,0.07807725642167479,0.05038853683569466
2020Q1,OL12,LA23,0.03757435895891924,0.024249276386631817
2020Q2,OL12,LA23,0.002815273300034532,0.0018168863620822238
2020Q3,OL12,LA23,0.0969472841881882,0.06256664263475531
2020Q4,OL12,LA23,0.022321535579298026,0.014405597344407831
2021Q2,OL12,LA23,0.048939530669771365,0.031583990740622465
2021Q3,OL12,LA23,0.07327082341128513,0.04728662037638265
2021Q4,OL12,LA23,0.04508739341208553,0.02909794590502077
2022Q1,OL12,LA23,0.048096147431176114,0.031039698467402094
2022Q2,OL12,LA23,0.056167889670059014,0.036248939926087284
2022Q3,OL12,LA23,0.06873595801119768,0.04435996487220961
2022Q4,OL12,LA23,0.03447553053443138,0.02224939271536777
2023Q1,OL12,LA23,0.036349839990023634,0.023459011436273318
2023Q2,OL12,LA23,0.06149404303696344,0.03968626709946271
2023Q3,OL12,LA23,0.0798185828931793,0.05151233263838653
2019Q1,OL13,LA23,0.08235263225880407,0.014830373793022303
2019Q2,OL13,LA23,0.06651975694373387,0.011979129665173505
2019Q3,OL13,LA23,0.02826630964389216,0.005090304053073136
2020Q3,OL13,LA23,0.03448302680830314,0.006209834015685304
2021Q3,OL13,LA23,0.02583808015471897,0.004653019293716485
2022Q1,OL13,LA23,0.031404378705958566,0.005655419410072407
2022Q2,OL13,LA23,0.041458565688080734,0.007466015465596424
2022Q3,OL13,LA23,0.049272823384472565,0.008873236575278717
2022Q4,OL13,LA23,0.04080854856788045,0.007348957921714411
2023Q2,OL13,LA23,0.01959285698936036,0.0035283558625338273
2023Q3,OL13,LA23,0.07267022776791444,0.013086729736037351
2019Q1,OL14,LA23,0.025075080512376856,0.012463627874903816
2019Q2,OL14,LA23,0.08105915214861778,0.04029064264567009
2019Q3,OL14,LA23,0.0814796836296383,0.04049966880957552
2019Q4,OL14,LA23,0.08701845125427296,0.04325272631321693
2020Q1,OL14,LA23,0.07287951664507346,0.036224935537842166
2020Q2,OL14,LA23,0.004967682673238401,0.002469198382405589
2020Q3,OL14,LA23,0.10414663592745448,0.05176633087906443
2020Q4,OL14,LA23,0.0570382368534515,0.028350990076827388
2021Q2,OL14,LA23,0.11203971071926913,0.05568960230965481
2021Q3,OL14,LA23,0.16538087800453735,0.08220295524299533
2021Q4,OL14,LA23,0.1312161499010117,0.06522129660706663
2022Q1,OL14,LA23,0.08143648132944352,0.040478195004428535
2022Q2,OL14,LA23,0.1101920487089188,0.05477121755215676
2022Q3,OL14,LA23,0.10669949912078217,0.053035237546840426
2022Q4,OL14,LA23,0.08348400852655352,0.04149592322412169
2023Q1,OL14,LA23,0.07181560545441827,0.0356961159727075
2023Q2,OL14,LA23,0.10322891433846848,0.05131017520003316
2023Q3,OL14,LA23,0.05961321031489233,0.02963088670548668
2019Q1,OL15,LA23,0.0539715818707743,0.010430340506744466
2019Q2,OL15,LA23,0.07482617716150422,0.014460619451198574
2019Q3,OL15,LA23,0.09169108058290147,0.01771986587683997
2019Q4,OL15,LA23,0.09172325551733156,0.01772608388102394
2020Q1,OL15,LA23,0.1158828900028932,0.022395081999445756
2020Q3,OL15,LA23,0.47537717366187393,0.09186956577072453
2020Q4,OL15,LA23,0.12210948806940712,0.023598410413793097
2021Q2,OL15,LA23,0.2223774334407981,0.042975808219907416
2021Q3,OL15,LA23,0.2784688197125138,0.0538158139790518
2021Q4,OL15,LA23,0.22123148199708406,0.042754346047634034
2022Q1,OL15,LA23,0.17867489343325002,0.03453002328108976
2022Q2,OL15,LA23,0.16441765620926924,0.031774724403847154
2022Q3,OL15,LA23,0.1359136573213547,0.026266151115840446
2022Q4,OL15,LA23,0.1196432419326253,0.023121793162854103
2023Q1,OL15,LA23,0.180982135533604,0.03497591202298005
2023Q2,OL15,LA23,0.2409925036443351,0.04657328515220727
2023Q3,OL15,LA23,0.12199575341746816,0.02357643049202649
2019Q1,OL16,LA23,0.03745264672122639,0.1123346804947888
2019Q2,OL16,LA23,0.03567964237541691,0.10701676856763256
2019Q3,OL16,LA23,0.03729369319705585,0.11185791863910136
2019Q4,OL16,LA23,0.039746432373705634,0.11921461291485863
2020Q2,OL16,LA23,0.0016212102387876516,0.004862623876615779
2020Q3,OL16,LA23,0.04853267640833546,0.14556788839164891
2020Q4,OL16,LA23,0.023122097013909118,0.06935193124695511
2021Q2,OL16,LA23,0.03056215367254501,0.0916674806347454
2021Q3,OL16,LA23,0.05153020625017395,0.15455861632505505
2021Q4,OL16,LA23,0.0388934010786157,0.11665604879790195
2022Q1,OL16,LA23,0.03281664690094206,0.09842956018481662
2022Q2,OL16,LA23,0.03726435646079325,0.1117699266496607
2022Q3,OL16,LA23,0.043607985747064405,0.13079687484787128
2022Q4,OL16,LA23,0.015482492694811629,0.04643786280527026
2023Q1,OL16,LA23,0.032844513184524284,0.0985131417294291
2023Q2,OL16,LA23,0.030498032293367925,0.0914751563192876
2023Q3,OL16,LA23,0.030790941646142617,0.09235370246858368
2019Q1,OL2,LA23,0.038109456870472465,0.03752681208826808
2019Q2,OL2,LA23,0.05359866984862149,0.05277921483968403
2019Q3,OL2,LA23,0.06489531831689244,0.06390315202243847
2019Q4,OL2,LA23,0.059962116360234324,0.05904537240489625
2020Q1,OL2,LA23,0.0353906044845482,0.03484952747282207
2020Q2,OL2,LA23,0.0052912220013195035,0.005210325994298672
2020Q3,OL2,LA23,0.1216006711248388,0.11974155261826325
2020Q4,OL2,LA23,0.07008330484183911,0.0690118208785666
2021Q2,OL2,LA23,0.09156656342005637,0.09016662795043233
2021Q3,OL2,LA23,0.13909042022621268,0.1369639058580111
2021Q4,OL2,LA23,0.09816651168799702,0.09666567146304664
2022Q1,OL2,LA23,0.09694824495686047,0.09546603046978512
2022Q2,OL2,LA23,0.07371886769896878,0.07259180063630226
2022Q3,OL2,LA23,0.0763369076317921,0.07516981409192737
2022Q4,OL2,LA23,0.0673695922022492,0.06633959742931685
2023Q1,OL2,LA23,0.07142514575984299,0.07033314676766098
2023Q2,OL2,LA23,0.04034238295295761,0.03972559959104505
2023Q3,OL2,LA23,0.08037146165436268,0.07914268495124109
2020Q3,OL3,LA23,0.5182350589021786,0.012221993340219634
2020Q4,OL3,LA23,0.5365130843468946,0.012653060095392313
2021Q2,OL3,LA23,0.37061593726706976,0.008740561718562537
2021Q3,OL3,LA23,0.4153575513798146,0.009795742568108
2022Q1,OL3,LA23,0.09285555764333404,0.0021898943107464047
2019Q1,OL4,LA23,0.05518348669747004,0.044336032786338735
2019Q2,OL4,LA23,0.04193195533970457,0.033689363575891376
2019Q3,OL4,LA23,0.04013445114729967,0.03224519595297641
2019Q4,OL4,LA23,0.04916066875510042,0.039497124088471135
2020Q1,OL4,LA23,0.03190115480911339,0.02563032403684204
2020Q2,OL4,LA23,0.0023436668510464108,0.0018829707321305013
2020Q3,OL4,LA23,0.1245093375353538,0.10003445598564988
2020Q4,OL4,LA23,0.06771472049060104,0.054403993793431166
2021Q2,OL4,LA23,0.09840719006850436,0.07906322464195985
2021Q3,OL4,LA23,0.15022253871605254,0.12069319646790813
2021Q4,OL4,LA23,0.14675036968353236,0.1179035539629052
2022Q1,OL4,LA23,0.09440163726966873,0.07584504596488237
2022Q2,OL4,LA23,0.0910885744458284,0.07318323405752207
2022Q3,OL4,LA23,0.09937028658733467,0.07983700465099339
2022Q4,OL4,LA23,0.07169471550478444,0.057601638596226676
2023Q1,OL4,LA23,0.029698685719050426,0.023860795729881937
2023Q2,OL4,LA23,0.023775939102502086,0.0191022872721606
2023Q3,OL4,LA23,0.017119936044594213,0.01375465906919488
2020Q3,OL5,LA23,2.7774773700036457,0.01260837722811678
2020Q4,OL5,LA23,2.04505755591739,0.00928355254904674
2019Q1,OL6,LA23,0.026228805869544763,0.03709682986870888
2019Q2,OL6,LA23,0.02801030083571521,0.03961649530832858
2019Q3,OL6,LA23,0.029442234477925894,0.04164175711294815
2019Q4,OL6,LA23,0.022410469518195537,0.03169634863017939
2020Q1,OL6,LA23,0.02720786385089563,0.03848156494000495
2020Q3,OL6,LA23,0.01882186826334751,0.02662079426144964
2020Q4,OL6,LA23,0.03129442896311306,0.044261416736131064
2021Q2,OL6,LA23,0.02154975527258127,0.03047899355523099
2021Q3,OL6,LA23,0.03196114127476605,0.04520438430086807
2021Q4,OL6,LA23,0.023997604707575258,0.033941120442968084
2022Q1,OL6,LA23,0.022209566329666468,0.03141220029944665
2022Q2,OL6,LA23,0.011175482683849951,0.015806094333286527
2022Q3,OL6,LA23,0.011647221773861743,0.01647330064270174
2022Q4,OL6,LA23,0.016497627965723318,0.02333349451460613
2023Q1,OL6,LA23,0.019049609664084668,0.026942901338654308
2023Q2,OL6,LA23,0.01465862254482127,0.020732488903975152
2023Q3,OL6,LA23,0.02293619175504873,0.03243990624678385
2019Q1,OL7,LA23,0.024083784314825038,0.02530546946941653
2019Q2,OL7,LA23,0.05341316060125945,0.05612262122893176
2019Q3,OL7,LA23,0.053446809569187424,0.05615797708993133
2019Q4,OL7,LA23,0.029814774690859563,0.03132717270734952
2020Q1,OL7,LA23,0.023563016647588086,0.024758285101226858
2020Q2,OL7,LA23,0.0025463804870643875,0.002675549358464432
2020Q3,OL7,LA23,0.0386301849818292,0.040589757567868916
2020Q4,OL7,LA23,0.02372135258869699,0.02492465286433527
2021Q2,OL7,LA23,0.026772742841862332,0.02813082934729019
2021Q3,OL7,LA23,0.04705123487362668,0.04943797752166327
2021Q4,OL7,LA23,0.03270741613214386,0.03436654761295064
2022Q1,OL7,LA23,0.030291433997274776,0.03182801125365632
2022Q2,OL7,LA23,0.02710689292009999,0.028481929676562
2022Q3,OL7,LA23,0.035092501770899134,0.03687262020621467
2022Q4,OL7,LA23,0.029470646902295606,0.030965588533814037
2023Q1,OL7,LA23,0.018068119541412173,0.018984651309284725
2023Q2,OL7,LA23,0.02386372419328384,0.0250742464766218
2023Q3,OL7,LA23,0.02356645723735577,0.024761900219938474
2019Q1,OL8,LA23,0.02930139514947336,0.015058198574228129
2019Q2,OL8,LA23,0.046769791598040636,0.024035333661278583
2019Q3,OL8,LA23,0.051896870981894584,0.026670176783050264
2019Q4,OL8,LA23,0.052946148135859315,0.027209407890074387
2020Q1,OL8,LA23,0.02256255402308524,0.01159505945325179
2020Q3,OL8,LA23,0.05818282619267363,0.029900574561372982
2021Q2,OL8,LA23,0.03537800141883386,0.01818101041969326
2021Q3,OL8,LA23,0.08795230193898805,0.045199323134671815
2021Q4,OL8,LA23,0.06482754471031914,0.033315343393987944
2022Q1,OL8,LA23,0.050727865367481466,0.02606941635555449
2022Q2,OL8,LA23,0.05650184423563815,0.02903670579404605
2022Q3,OL8,LA23,0.08281861005496834,0.04256108180131122
2022Q4,OL8,LA23,0.05513038356295805,0.028331902250030083
2023Q1,OL8,LA23,0.0382624584060402,0.01966335369620286
2023Q2,OL8,LA23,0.07842368920010775,0.040302500235044184
2023Q3,OL8,LA23,0.04734718948485631,0.024332062605127745
2019Q1,OL9,LA23,0.022479368636302337,0.06627922494683293
2019Q2,OL9,LA23,0.030086176386262375,0.08870749373605127
2019Q3,OL9,LA23,0.0375528153002136,0.11072248215415807
2019Q4,OL9,LA23,0.031544511004429704,0.0930073159316432
2020Q1,OL9,LA23,0.03105163951476188,0.0915541105119492
2020Q2,OL9,LA23,0.0012649771528192644,0.0037297179747706453
2020Q3,OL9,LA23,0.03344704056582022,0.09861682333407816
2020Q4,OL9,LA23,0.013472981434563543,0.039724370450683104
2021Q2,OL9,LA23,0.02053103162465561,0.06053465670933216
2021Q3,OL9,LA23,0.03513838502999101,0.10360366268962493
2021Q4,OL9,LA23,0.019646221977897352,0.05792584244228409
2022Q1,OL9,LA23,0.023490393993161603,0.06926017953405438
2022Q2,OL9,LA23,0.024200188772426,0.07135297175620688
2022Q3,OL9,LA23,0.024804587180597682,0.07313500837390915
2022Q4,OL9,LA23,0.014456689072158675,0.04262478019300983
2023Q1,OL9,LA23,0.012970202980279287,0.03824195487179927
2023Q2,OL9,LA23,0.01868997919270423,0.05510641135909748
2023Q3,OL9,LA23,0.013622762968913066,0.040165993352493684
2019Q1,OX1,LA23,0.0092753416234559,0.024196134141571117
2019Q2,OX1,LA23,0.015553323169795828,0.040573200324169716
2019Q3,OX1,LA23,0.010837824766185371,0.028272108186540006
2019Q4,OX1,LA23,0.006254949235494357,0.01631698290961161
2020Q1,OX1,LA23,0.010108024794013631,0.026368314370630617
2020Q3,OX1,LA23,0.022213347282556143,0.05794688243318567
2020Q4,OX1,LA23,0.010548050025041642,0.027516186863941826
2021Q2,OX1,LA23,0.015241513907446047,0.0397597986140569
2021Q3,OX1,LA23,0.027798724237175297,0.07251718458609456
2021Q4,OX1,LA23,0.019903297968795714,0.05192076875042452
2022Q1,OX1,LA23,0.005161842969022089,0.01346544957226588
2022Q2,OX1,LA23,0.0152249117964996,0.03971648949189178
2022Q3,OX1,LA23,0.00877192903393954,0.022882906118390747
2022Q4,OX1,LA23,0.00815853785304505,0.02128278227425681
2023Q1,OX1,LA23,0.0030841400593752772,0.008045446692693681
2023Q2,OX1,LA23,0.010302676922856522,0.026876093944863712
2023Q3,OX1,LA23,0.016305240812310245,0.04253469143471645
2019Q1,OX10,LA23,0.0073981949779881205,0.009427723483265845
2019Q2,OX10,LA23,0.015318660206468068,0.01952099032133956
2019Q3,OX10,LA23,0.010584242087832551,0.013487791005903645
2019Q4,OX10,LA23,0.015960363251884966,0.020338730173906312
2020Q1,OX10,LA23,0.0084206077877505,0.010730612266931002
2020Q3,OX10,LA23,0.03736147187372242,0.04761075192006583
2020Q4,OX10,LA23,0.011593775446550757,0.014774267150618081
2021Q2,OX10,LA23,0.020806781530702,0.02651465437607669
2021Q3,OX10,LA23,0.03349514010299836,0.04268377893038335
2021Q4,OX10,LA23,0.013015621451692,0.016586164648878278
2022Q2,OX10,LA23,0.015503057633312002,0.01975597303759437
2022Q3,OX10,LA23,0.03543176698621808,0.04515167587005275
2022Q4,OX10,LA23,0.009508949769818312,0.012117516409454031
2023Q1,OX10,LA23,0.0056368307567748405,0.007183168577599861
2023Q2,OX10,LA23,0.01104654062134775,0.014076910751148022
2023Q3,OX10,LA23,0.019414836277544367,0.02474086022903689
2019Q2,OX11,LA23,0.009949711124095364,0.03341750664877812
2019Q3,OX11,LA23,0.013130580755257224,0.04410090546533546
2019Q4,OX11,LA23,0.013814588278677207,0.04639824110419099
2020Q1,OX11,LA23,0.0029027588111498128,0.009749324443850895
2020Q3,OX11,LA23,0.012008127293979405,0.040330987370491685
2020Q4,OX11,LA23,0.004502579517087988,0.01512254768729483
2021Q2,OX11,LA23,0.00804174905445625,0.02700934722057375
2021Q3,OX11,LA23,0.019277563957480304,0.06474641461310922
2021Q4,OX11,LA23,0.0076630843494472,0.025737548457828458
2022Q1,OX11,LA23,0.006162547419489794,0.02069778376434367
2022Q2,OX11,LA23,0.009869995637873163,0.033149770956996095
2022Q3,OX11,LA23,0.011289310172606058,0.037916738792502604
2022Q4,OX11,LA23,0.0032135695565119874,0.010793226123016132
2023Q1,OX11,LA23,0.0018393116009481625,0.00617758715677772
2023Q2,OX11,LA23,0.011732771964714441,0.039406167701686964
2023Q3,OX11,LA23,0.011531836412892129,0.03873129734060314
2019Q1,OX12,LA23,0.011776577321601029,0.02249363013552431
2019Q2,OX12,LA23,0.01627950319965201,0.03109435906232168
2019Q3,OX12,LA23,0.018279596467010082,0.0349145996096311
2019Q4,OX12,LA23,0.01309896992908985,0.02501944127695375
2020Q1,OX12,LA23,0.0068682726597406405,0.013118615083073774
2020Q3,OX12,LA23,0.02396216741368115,0.045768487424628086
2021Q2,OX12,LA23,0.009286766496474507,0.01773801377277226
2021Q3,OX12,LA23,0.03786826092372012,0.07232955992496189
2021Q4,OX12,LA23,0.017053618068351456,0.0325729426153712
2022Q1,OX12,LA23,0.008435353702988545,0.016111788771540483
2022Q2,OX12,LA23,0.015435282671449804,0.029481871512194027
2022Q3,OX12,LA23,0.016945166278677908,0.0323657963131958
2022Q4,OX12,LA23,0.005209130620860606,0.009949602020474232
2023Q1,OX12,LA23,0.006508243001246732,0.012430947201750838
2023Q2,OX12,LA23,0.019260545743659343,0.03678824333548563
2023Q3,OX12,LA23,0.01263257045245191,0.02412860372403819
2019Q2,OX13,LA23,0.010631831393567295,0.00571304440233551
2019Q4,OX13,LA23,0.0080359024288501,0.0043181146962727
2020Q3,OX13,LA23,0.025282623148257168,0.013585688420614113
2020Q4,OX13,LA23,0.010756561925381571,0.0057800687032488075
2021Q2,OX13,LA23,0.01851407441860736,0.00994858978723498
2021Q3,OX13,LA23,0.029000723240623843,0.01558361992777389
2021Q4,OX13,LA23,0.012589037775196713,0.006764754737917825
2022Q2,OX13,LA23,0.014855177599162241,0.007982471324737391
2022Q3,OX13,LA23,0.053252536675580935,0.028615399859394725
2022Q4,OX13,LA23,0.009066443036364173,0.004871878580517507
2023Q2,OX13,LA23,0.033102837289622614,0.017787902410992516
2023Q3,OX13,LA23,0.0086373538605759,0.004641306309090859
2019Q1,OX14,LA23,0.004633084485204059,0.01483210905000388
2019Q2,OX14,LA23,0.012930899500325013,0.04139629055242966
2019Q3,OX14,LA23,0.025991572343011256,0.08320803054719783
2019Q4,OX14,LA23,0.006712597276347493,0.021489350157438348
2020Q1,OX14,LA23,0.007152326997157296,0.022897077383740267
2020Q3,OX14,LA23,0.0135551937449385,0.043394872780957536
2020Q4,OX14,LA23,0.00448000343499097,0.014342043557457685
2021Q2,OX14,LA23,0.01053718435294604,0.03373317881467612
2021Q3,OX14,LA23,0.028289752990183475,0.09056530324194896
2021Q4,OX14,LA23,0.008297182635450553,0.026562157035947283
2022Q1,OX14,LA23,0.00952661905465972,0.030498009079654068
2022Q2,OX14,LA23,0.01709936560769141,0.05474099515972768
2022Q3,OX14,LA23,0.01707452212064001,0.054661462548072214
2022Q4,OX14,LA23,0.007482203335223449,0.02395312586177652
2023Q1,OX14,LA23,0.003411981926651228,0.010922936582388788
2023Q2,OX14,LA23,0.011852353387470769,0.03794349067096853
2023Q3,OX14,LA23,0.01333729377850948,0.042697299474364785
2019Q3,OX15,LA23,0.2028828457982211,0.02931557605145985
2019Q4,OX15,LA23,0.05650584831131687,0.008164817912551126
2020Q3,OX15,LA23,0.04703967012070096,0.006797001596825411
2020Q4,OX15,LA23,0.07453051639369168,0.010769294037145256
2021Q3,OX15,LA23,0.09976264988771842,0.014415213560180724
2022Q1,OX15,LA23,0.10886255033039424,0.015730104537968432
2022Q3,OX15,LA23,0.08596668842807832,0.012421764800223344
2022Q4,OX15,LA23,0.044135467867908125,0.0063773586167814285
2023Q2,OX15,LA23,0.021094996308277072,0.0030481234928832193
2023Q3,OX15,LA23,0.03454819785351967,0.004992045126491507
2019Q1,OX16,LA23,0.008692299389065291,0.05100946962560123
2019Q2,OX16,LA23,0.01288552418754225,0.07561678736943116
2019Q3,OX16,LA23,0.017033322455906632,0.09995752625946676
2019Q4,OX16,LA23,0.010587141359665684,0.06212906866590175
2020Q1,OX16,LA23,0.004830070991856136,0.028344555165520726
2020Q3,OX16,LA23,0.021429408067593136,0.1257553025950307
2020Q4,OX16,LA23,0.007657160969228479,0.04493491335210447
2021Q2,OX16,LA23,0.01365030883730575,0.08010481264514964
2021Q3,OX16,LA23,0.024923295932053276,0.14625866527506384
2021Q4,OX16,LA23,0.015572527469123975,0.0913850675609942
2022Q1,OX16,LA23,0.00692773681347721,0.040654395890432536
2022Q2,OX16,LA23,0.01457425267231316,0.08552683999120034
2022Q3,OX16,LA23,0.010414983804671636,0.0611187875907545
2022Q4,OX16,LA23,0.0069465382468788354,0.04076472931351095
2023Q1,OX16,LA23,0.006110354968961717,0.03585771177911657
2023Q2,OX16,LA23,0.01075745080521658,0.06312850438491414
2023Q3,OX16,LA23,0.010688959869253516,0.06272657548655708
2019Q2,OX17,LA23,0.05095486900353784,0.012762381285231477
2019Q3,OX17,LA23,0.04488031792860074,0.011240922424262226
2021Q3,OX17,LA23,0.047974895105016915,0.012016003876031951
2022Q2,OX17,LA23,0.03132306769415956,0.007845313720818809
2022Q3,OX17,LA23,0.04168412777027239,0.010440390536762748
2022Q4,OX17,LA23,0.025585686968294673,0.006408304032952832
2023Q2,OX17,LA23,0.10324398574116107,0.025858944144164408
2023Q3,OX17,LA23,0.04525241774020526,0.011334120184647595
2019Q1,OX18,LA23,0.005558433790402458,0.009813456649794905
2019Q2,OX18,LA23,0.009565741518052326,0.016888388573169086
2019Q3,OX18,LA23,0.011676568708158374,0.02061506984822197
2019Q4,OX18,LA23,0.012097603850495459,0.021358410557703742
2020Q1,OX18,LA23,0.012494313063978515,0.022058803656891557
2020Q3,OX18,LA23,0.01385464030092151,0.024460471621764217
2020Q4,OX18,LA23,0.0069793301330274395,0.01232205982615707
2021Q2,OX18,LA23,0.0073013415447769296,0.012890573394745256
2021Q3,OX18,LA23,0.017863627091000697,0.031538367942481924
2021Q4,OX18,LA23,0.010295969863837028,0.018177612208104342
2022Q1,OX18,LA23,0.008615392183058223,0.015210539676735475
2022Q2,OX18,LA23,0.012044733860343023,0.02126506819256991
2022Q3,OX18,LA23,0.0224834240306721,0.03969465417487365
2022Q4,OX18,LA23,0.0044247799814174215,0.007811982326297743
2023Q1,OX18,LA23,0.002889052149723946,0.005100643292588348
2023Q2,OX18,LA23,0.006073086901359576,0.010722080586771595
2023Q3,OX18,LA23,0.007735153942673702,0.013656472444987484
2019Q1,OX2,LA23,0.009600481210126086,0.021467587142794443
2019Q2,OX2,LA23,0.02611524635772545,0.05839616938666488
2019Q3,OX2,LA23,0.03022815854754485,0.06759303138900714
2019Q4,OX2,LA23,0.010756041397545628,0.02405152939310661
2020Q1,OX2,LA23,0.00716328972972013,0.016017795685038555
2020Q3,OX2,LA23,0.01770999941722731,0.039601239507365577
2020Q4,OX2,LA23,0.016651862220593346,0.037235144310615184
2021Q2,OX2,LA23,0.045734742861193216,0.10226722560431603
2021Q3,OX2,LA23,0.06323848231883829,0.14140724826645404
2021Q4,OX2,LA23,0.01861370840145107,0.04162201856478275
2022Q1,OX2,LA23,0.011801341910694069,0.02638892054728681
2022Q2,OX2,LA23,0.04571670036903976,0.1022268808794944
2022Q3,OX2,LA23,0.03153168010430884,0.07050782930380609
2022Q4,OX2,LA23,0.02306157072786119,0.051567860861796905
2023Q1,OX2,LA23,0.006026386384545288,0.013475571904658394
2023Q2,OX2,LA23,0.025030336430799268,0.055970207824050176
2023Q3,OX2,LA23,0.031017792420088727,0.06935872767013294
2019Q2,OX25,LA23,0.025101032233339742,0.005144097019501932
2019Q3,OX25,LA23,0.06296937938452701,0.012904672357720543
2021Q3,OX25,LA23,0.17312469150055393,0.035479425757133434
2021Q4,OX25,LA23,0.020136357326631698,0.0041266580093057
2022Q2,OX25,LA23,0.07025551256910165,0.014397860990364985
2022Q3,OX25,LA23,0.11219311500553412,0.02299237191297837
2023Q2,OX25,LA23,0.031141763028724543,0.006382058271106525
2023Q3,OX25,LA23,0.04375948853778554,0.00896788038314873
2019Q1,OX26,LA23,0.005894143855261502,0.021359205883820297
2019Q2,OX26,LA23,0.014446323824267375,0.05235060636523525
2019Q3,OX26,LA23,0.02045894313342439,0.07413914374724666
2019Q4,OX26,LA23,0.010511075230619449,0.03809004758353731
2020Q1,OX26,LA23,0.006951424552024235,0.025190580996761486
2020Q3,OX26,LA23,0.017848712204512233,0.06468018563831247
2020Q4,OX26,LA23,0.003470943728777185,0.012578010230939235
2021Q2,OX26,LA23,0.005198873706744001,0.018839685048949062
2021Q3,OX26,LA23,0.02207506165237631,0.07999563606005894
2021Q4,OX26,LA23,0.012135254390085646,0.043975750055539435
2022Q1,OX26,LA23,0.007412317611132745,0.026860765841526475
2022Q2,OX26,LA23,0.011302175221686651,0.04095683672184605
2022Q3,OX26,LA23,0.012079548181383008,0.04377388182668299
2022Q4,OX26,LA23,0.010369934213297646,0.03757858058821837
2023Q1,OX26,LA23,0.003628545212495719,0.013149126684999785
2023Q2,OX26,LA23,0.013017216155662816,0.047171804206101835
2023Q3,OX26,LA23,0.010620173206688942,0.03848539696583925
2021Q3,OX27,LA23,0.15029572487249301,0.007371010145855247
2022Q3,OX27,LA23,0.09919072617017737,0.004864648343094282
2023Q3,OX27,LA23,0.2010645937694104,0.00986088700729126
2019Q1,OX28,LA23,0.005060003421972353,0.01724324862590097
2019Q2,OX28,LA23,0.018302497114765847,0.062370413991089
2019Q3,OX28,LA23,0.014233200981150045,0.04850325242758873
2019Q4,OX28,LA23,0.008596413012255754,0.029294463758184033
2020Q1,OX28,LA23,0.006320760874508503,0.02153960030752976
2020Q3,OX28,LA23,0.016655717295236953,0.05675859291267864
2020Q4,OX28,LA23,0.010230993048283446,0.03486471097141084
2021Q2,OX28,LA23,0.010942590507147331,0.03728966030078629
2021Q3,OX28,LA23,0.023388364077760744,0.07970179921117908
2021Q4,OX28,LA23,0.016196602312310942,0.055194041836666964
2022Q1,OX28,LA23,0.008536750766681193,0.029091149481842937
2022Q2,OX28,LA23,0.018175534498294232,0.06193775658368321
2022Q3,OX28,LA23,0.011138232600477006,0.03795636049358188
2022Q4,OX28,LA23,0.009456253753420308,0.032224589776320214
2023Q1,OX28,LA23,0.0045127317426159295,0.0153782811849543
2023Q2,OX28,LA23,0.011444500208894079,0.039000045265624415
2023Q3,OX28,LA23,0.012541144052070612,0.042737138082566746
2019Q2,OX29,LA23,0.014012293271086268,0.009774413367709487
2019Q3,OX29,LA23,0.02627983898593829,0.0183317608699675
2019Q4,OX29,LA23,0.02706820409689401,0.018881692728378002
2020Q3,OX29,LA23,0.02643355256200289,0.018438985290953933
2020Q4,OX29,LA23,0.007411108834925728,0.005169692059980147
2021Q2,OX29,LA23,0.02643375986284721,0.0184391298957024
2021Q3,OX29,LA23,0.05494425958411,0.03832691016152216
2021Q4,OX29,LA23,0.006781847121986971,0.0047307443460161535
2022Q1,OX29,LA23,0.0075224293883265235,0.005247344809905585
2022Q2,OX29,LA23,0.03423542348847517,0.023881257301789662
2022Q3,OX29,LA23,0.046687674255617886,0.032567447634929546
2022Q4,OX29,LA23,0.006329516679676851,0.004415216784866611
2023Q1,OX29,LA23,0.007423443235162874,0.005178296042513785
2023Q2,OX29,LA23,0.015845972889534557,0.01105351467025223
2023Q3,OX29,LA23,0.044342479803805616,0.03093153411555065
2019Q2,OX3,LA23,0.029625781931471182,0.05722320796949507
2019Q3,OX3,LA23,0.03770385276936763,0.07282627723593743
2019Q4,OX3,LA23,0.013390994329391727,0.025865162148348383
2020Q3,OX3,LA23,0.03435060159246276,0.0663493582498382
2020Q4,OX3,LA23,0.008409499220257837,0.016243234487894716
2021Q2,OX3,LA23,0.014593666849934885,0.028188165130056363
2021Q3,OX3,LA23,0.031218689474164493,0.06029996320257426
2021Q4,OX3,LA23,0.0130934050319247,0.025290358273201998
2022Q1,OX3,LA23,0.007051705938871489,0.013620610467368288
2022Q2,OX3,LA23,0.024535582505375755,0.04739131421427095
2022Q3,OX3,LA23,0.023600253728544483,0.045584694789329715
2022Q4,OX3,LA23,0.00995868546742392,0.019235540547870637
2023Q1,OX3,LA23,0.008322094061819406,0.01607440844406241
2023Q2,OX3,LA23,0.014642404116010612,0.028282302821306757
2023Q3,OX3,LA23,0.044377826179844176,0.0857172844449281
2019Q2,OX33,LA23,0.015971776750331138,0.008128883632557697
2019Q3,OX33,LA23,0.024923466869149383,0.012684873140054502
2020Q3,OX33,LA23,0.004623091291268501,0.00235293616464013
2020Q3,OX39,LA23,0.05346231799760976,0.006845082675689857
2021Q2,OX39,LA23,0.06857438893582903,0.008779966512519112
2021Q3,OX39,LA23,0.04969968847474607,0.006363331956180372
2022Q3,OX39,LA23,0.04794289116938378,0.00613839926994384
2023Q2,OX39,LA23,0.028147156826897432,0.003603839541232297
2019Q1,OX4,LA23,0.004850035515372914,0.028725950189595843
2019Q2,OX4,LA23,0.015238664783143403,0.09025606598735762
2019Q3,OX4,LA23,0.021185937777790983,0.12548077048007086
2019Q4,OX4,LA23,0.009036562372701305,0.05352204943254617
2020Q1,OX4,LA23,0.004640336846892999,0.027483940005034242
2020Q3,OX4,LA23,0.014879510951186972,0.08812885783507057
2020Q4,OX4,LA23,0.005567036987789252,0.03297263014012708
2021Q2,OX4,LA23,0.009606647820251195,0.05689857030919228
2021Q3,OX4,LA23,0.025326577029180616,0.15000508509828214
2021Q4,OX4,LA23,0.010858968073094898,0.06431585397455616
2022Q1,OX4,LA23,0.006036264919971753,0.035751788800866324
2022Q2,OX4,LA23,0.014387223245762037,0.08521311998940663
2022Q3,OX4,LA23,0.009305686650574643,0.05511602757487037
2022Q4,OX4,LA23,0.0047377884984516885,0.0280611298585303
2023Q1,OX4,LA23,0.003452715799017486,0.020449858923101284
2023Q2,OX4,LA23,0.008765350629912953,0.05191570758422826
2023Q3,OX4,LA23,0.009062393225099923,0.05367504125642161
2019Q2,OX44,LA23,0.016943189534105518,0.002913062657817375
2019Q3,OX44,LA23,0.03799118107968792,0.006531868790515747
2020Q3,OX49,LA23,0.024169576074899068,0.0035209087179879045
2020Q4,OX49,LA23,0.016268069799103987,0.002369854920210477
2021Q3,OX49,LA23,0.04414966631600503,0.006431513095081384
2019Q1,OX5,LA23,0.003359977655052452,0.00386029606263409
2019Q2,OX5,LA23,0.013997672826512928,0.0160820001933568
2019Q3,OX5,LA23,0.017772243442766438,0.02041862429743295
2019Q4,OX5,LA23,0.011026171545093465,0.012668026686858387
2020Q1,OX5,LA23,0.006730213150523206,0.007732377412268036
2020Q3,OX5,LA23,0.05679558565543871,0.06525274813985768
2020Q4,OX5,LA23,0.015232074911206112,0.01750021126392239
2021Q2,OX5,LA23,0.02247820079638722,0.02582532354014641
2021Q3,OX5,LA23,0.033966038091840574,0.039023760444372585
2021Q4,OX5,LA23,0.01747451434449045,0.020076561764940173
2022Q1,OX5,LA23,0.015132768946911145,0.017386118117383897
2022Q2,OX5,LA23,0.019260196687246968,0.022128141633780282
2022Q3,OX5,LA23,0.028066143631373032,0.03224534055772487
2022Q4,OX5,LA23,0.008635780069947608,0.009921693304020582
2023Q2,OX5,LA23,0.019364411311374008,0.02224787436550889
2023Q3,OX5,LA23,0.025731446565860287,0.029562994776082607
2019Q1,OX7,LA23,0.006824019987653307,0.009724597031863468
2019Q2,OX7,LA23,0.03228551575003052,0.046008603609453386
2019Q3,OX7,LA23,0.010921405144144478,0.01556359217011156
2019Q4,OX7,LA23,0.026474350214927216,0.03772737887438834
2020Q1,OX7,LA23,0.0062903725833593155,0.008964120659688657
2020Q3,OX7,LA23,0.03320516709536546,0.04731915644478717
2020Q4,OX7,LA23,0.014387880862301762,0.02050350728478161
2021Q2,OX7,LA23,0.023769227695936656,0.03387243318744744
2021Q3,OX7,LA23,0.057310118776300524,0.0816700144425294
2021Q4,OX7,LA23,0.04490979290694541,0.06399888036592198
2022Q1,OX7,LA23,0.0074497035577002265,0.010616229910895579
2022Q2,OX7,LA23,0.02319788300875709,0.033058236151218064
2022Q3,OX7,LA23,0.02121494504507369,0.030232442459099017
2022Q4,OX7,LA23,0.014811074720375178,0.02110658138825281
2023Q1,OX7,LA23,0.0031578958062998944,0.004500172074589507
2023Q2,OX7,LA23,0.02497229360681507,0.035586867085242564
2023Q3,OX7,LA23,0.01699919143505354,0.024224765881767085
2019Q1,OX9,LA23,0.006382690399156047,0.01137620016645077
2019Q2,OX9,LA23,0.011051357731136512,0.01969740811446625
2019Q3,OX9,LA23,0.017762833233349342,0.031659619024069406
2019Q4,OX9,LA23,0.011275726689187969,0.02009731254634483
2020Q1,OX9,LA23,0.0054557232936717215,0.00972401861286961
2020Q3,OX9,LA23,0.025761986160155792,0.045916924198926894
2020Q4,OX9,LA23,0.010939761454947836,0.01949850428295333
2021Q2,OX9,LA23,0.01363332479152651,0.02429938193197477
2021Q3,OX9,LA23,0.03005067445939932,0.05356087580750889
2021Q4,OX9,LA23,0.015646560557054566,0.027887676462747132
2022Q1,OX9,LA23,0.010782163660330244,0.01921760955906104
2022Q2,OX9,LA23,0.01909464615357847,0.034033378272488424
2022Q3,OX9,LA23,0.023406822000591264,0.04171919295575089
2022Q4,OX9,LA23,0.008834847178265146,0.015746806386416082
2023Q1,OX9,LA23,0.005098177100168642,0.009086745486386551
2023Q2,OX9,LA23,0.012839494355780908,0.022884496770623857
2023Q3,OX9,LA23,0.015096367792988053,0.02690703936103512
2019Q1,PA1,LA23,0.0037105746812762398,0.007622839315306176
2019Q2,PA1,LA23,0.010117061537320194,0.020784040496802745
2019Q3,PA1,LA23,0.012687187940382687,0.026063993677487074
2019Q4,PA1,LA23,0.007953363251675684,0.01633903513375245
2020Q1,PA1,LA23,0.0034365137399587965,0.00705982072715964
2020Q3,PA1,LA23,0.014383395345903962,0.02954860660361039
2020Q4,PA1,LA23,0.004028312215398994,0.008275585149874934
2021Q2,PA1,LA23,0.0035608213352757616,0.00731519271294795
2021Q3,PA1,LA23,0.01196172008583325,0.02457362483743769
2021Q4,PA1,LA23,0.009577245598200257,0.019675066680828485
2022Q1,PA1,LA23,0.009509073510961023,0.019535016981940614
2022Q2,PA1,LA23,0.011825939026169362,0.024294682277649672
2022Q3,PA1,LA23,0.012450327771502965,0.025577398698904026
2022Q4,PA1,LA23,0.0048917080048428785,0.010049306994540505
2023Q1,PA1,LA23,0.0037768814506921994,0.007759056988359737
2023Q2,PA1,LA23,0.00821229048235148,0.01687096370097911
2023Q3,PA1,LA23,0.005763128180394426,0.011839513780531028
2019Q2,PA14,LA23,0.008581448587485824,0.0071504879044468825
2019Q3,PA14,LA23,0.0095668266086542,0.00797155366622832
2019Q4,PA14,LA23,0.009031012124618031,0.007525086505344173
2021Q2,PA14,LA23,0.008953785421655735,0.00746073739227747
2021Q3,PA14,LA23,0.01501625514734885,0.01251228737276212
2021Q4,PA14,LA23,0.01010428975264125,0.00841939457222288
2022Q2,PA14,LA23,0.007477627364583134,0.0062307294018384245
2022Q3,PA14,LA23,0.020736324232716992,0.01727853218452631
2023Q3,PA14,LA23,0.0061449894948135035,0.005120309538379521
2019Q1,PA15,LA23,0.004979483027757321,0.01092619018922924
2019Q2,PA15,LA23,0.012943037856866766,0.02840015569130532
2019Q3,PA15,LA23,0.017964203847805924,0.039417808383938366
2019Q4,PA15,LA23,0.013592270602773291,0.029824729370803358
2020Q1,PA15,LA23,0.006791785774793758,0.01490282077200302
2020Q3,PA15,LA23,0.016889112907304868,0.037058798819862716
2020Q4,PA15,LA23,0.004892789054530904,0.010735962642624188
2021Q2,PA15,LA23,0.0035781116908716343,0.007851242515505856
2021Q3,PA15,LA23,0.01784376809252559,0.03915354320611948
2021Q4,PA15,LA23,0.015445959754360238,0.03389217173561285
2022Q1,PA15,LA23,0.009201917771638963,0.020191233330472524
2022Q2,PA15,LA23,0.008046690098759864,0.017656384392264052
2022Q3,PA15,LA23,0.012656035003654269,0.02777040201174242
2022Q4,PA15,LA23,0.005502414747674924,0.012073628868295057
2023Q1,PA15,LA23,0.0034508221361116017,0.007571938443846671
2023Q2,PA15,LA23,0.006810633723362936,0.014944177730063868
2023Q3,PA15,LA23,0.012769419253700674,0.028019194481475596
2020Q3,PA16,LA23,0.12372722053960634,0.010684844864041988
2021Q2,PA16,LA23,0.10664335306693976,0.009209514917832914
2021Q3,PA16,LA23,0.12214818726082913,0.010548482586239962
2022Q3,PA16,LA23,0.14783803727461506,0.012767008637182338
2019Q1,PA2,LA23,0.0094762310721815,0.01290647991707635
2019Q2,PA2,LA23,0.009585482157833879,0.01305527820324632
2019Q3,PA2,LA23,0.012288039747472872,0.016736119773035962
2019Q4,PA2,LA23,0.007777371381682234,0.010592659336895868
2020Q1,PA2,LA23,0.004046112364554497,0.005510742359233673
2020Q3,PA2,LA23,0.027796119875128672,0.03785788465987755
2020Q4,PA2,LA23,0.013889327282758787,0.01891704858937757
2021Q2,PA2,LA23,0.008621439536139405,0.011742267087188651
2021Q3,PA2,LA23,0.04816072396771276,0.06559415995098236
2021Q4,PA2,LA23,0.014833781152944168,0.02020338012934354
2022Q1,PA2,LA23,0.008971329674883252,0.012218812035753415
2022Q2,PA2,LA23,0.022055288531776025,0.030038961305653512
2022Q3,PA2,LA23,0.023968509681878938,0.032644738872983824
2022Q4,PA2,LA23,0.008524982187922506,0.011610893673208651
2023Q1,PA2,LA23,0.006839022406953623,0.009314642569966608
2023Q2,PA2,LA23,0.015075163410699937,0.020532139024977584
2023Q3,PA2,LA23,0.010131312897716184,0.01379869121510232
2019Q1,PA23,LA23,0.012678732377914516,0.007895708475658689
2019Q3,PA23,LA23,0.006926955146913243,0.004313776553818765
2019Q4,PA23,LA23,0.01702951455741315,0.010605167647638048
2020Q1,PA23,LA23,0.006789375041167769,0.004228098240353547
2021Q4,PA23,LA23,0.016325940345752753,0.010167015259790607
2022Q2,PA23,LA23,0.011193099438573521,0.0069705272949828105
2022Q3,PA23,LA23,0.010156662641957621,0.006325084000211511
2023Q2,PA23,LA23,0.013919739762145208,0.008668548553827217
2019Q1,PA3,LA23,0.004984919144091393,0.010416819962763037
2019Q2,PA3,LA23,0.011844463785166064,0.024750982561429404
2019Q3,PA3,LA23,0.01920899475197848,0.04014039831201547
2019Q4,PA3,LA23,0.010002396844710309,0.020901676459678616
2020Q1,PA3,LA23,0.002666791439276229,0.005572705493950712
2020Q3,PA3,LA23,0.00796909595959183,0.01665275513554618
2020Q4,PA3,LA23,0.0038487604611006244,0.00804262690009862
2021Q2,PA3,LA23,0.006237506671625329,0.013034310514718971
2021Q3,PA3,LA23,0.014920572677917972,0.031179025142547643
2021Q4,PA3,LA23,0.010845563118907164,0.02266361301734433
2022Q1,PA3,LA23,0.004775347223913695,0.009978884482038292
2022Q2,PA3,LA23,0.01204497051744768,0.025169974820105297
2022Q3,PA3,LA23,0.02075457468830633,0.0433701453689701
2022Q4,PA3,LA23,0.003385363279832684,0.007074281202006092
2023Q1,PA3,LA23,0.004448896659793407,0.009296711581157007
2023Q2,PA3,LA23,0.012928860937269292,0.027017011272242368
2023Q3,PA3,LA23,0.01012944787507064,0.02116717077785944
2019Q3,PA31,LA23,0.03484566706426193,0.010416892265137269
2021Q3,PA31,LA23,0.022858142303562028,0.00683329738869
2022Q2,PA31,LA23,0.014457394078274509,0.00432194672210701
2022Q3,PA31,LA23,0.01780763201276759,0.005323479209972144
2019Q1,PA34,LA23,0.013427106015537808,0.012187649712459316
2019Q2,PA34,LA23,0.009832339205255685,0.008924715865732078
2019Q3,PA34,LA23,0.01797208163345704,0.016313078581403066
2019Q4,PA34,LA23,0.013044680624854109,0.011840526013770279
2020Q1,PA34,LA23,0.010950700481073031,0.009939841199952877
2021Q3,PA34,LA23,0.019243062581957158,0.017466735264652856
2021Q4,PA34,LA23,0.007227369917288832,0.00656021132121479
2022Q1,PA34,LA23,0.006940929237243305,0.006300211983475617
2022Q2,PA34,LA23,0.012962316981036792,0.011765765358814134
2022Q3,PA34,LA23,0.008384841975615174,0.007610837121183622
2023Q1,PA34,LA23,0.01270773844560145,0.011534686970767859
2023Q2,PA34,LA23,0.008351705345220584,0.007580759333503006
2023Q3,PA34,LA23,0.014491221990156318,0.01315353712982795
2019Q1,PA4,LA23,0.008286152837439787,0.010678771464606478
2019Q2,PA4,LA23,0.0048021716111031855,0.0061887940247837185
2019Q3,PA4,LA23,0.017864183866487512,0.02302244970065899
2019Q4,PA4,LA23,0.009130611539836221,0.011767066801550314
2020Q1,PA4,LA23,0.0022653732357205423,0.002919497569124045
2020Q3,PA4,LA23,0.008752927777908717,0.011280327218218802
2020Q4,PA4,LA23,0.006060219840078579,0.007810102464567705
2021Q2,PA4,LA23,0.0026477696292585497,0.003412310551891065
2021Q3,PA4,LA23,0.017972293879742755,0.023161776375804532
2021Q4,PA4,LA23,0.013578830855336224,0.01749970514730276
2022Q1,PA4,LA23,0.01064953759010735,0.013724581281514265
2022Q2,PA4,LA23,0.008861598818736641,0.011420376917106671
2022Q3,PA4,LA23,0.02144337147190774,0.02763512426955388
2022Q4,PA4,LA23,0.005999348348442906,0.007731654388525713
2023Q1,PA4,LA23,0.00538474264257306,0.0069395818788114075
2023Q2,PA4,LA23,0.010742892578201137,0.01384489243223673
2023Q3,PA4,LA23,0.010965396113525629,0.014131643648441838
2019Q2,PA5,LA23,0.009274931332220036,0.006229789470973405
2019Q3,PA5,LA23,0.009035961617173805,0.0060692782001778075
2019Q4,PA5,LA23,0.007855752628089624,0.005276554969095413
2020Q3,PA5,LA23,0.02994139827907185,0.02011104999744896
2020Q4,PA5,LA23,0.028669907164600637,0.01925701435301761
2021Q2,PA5,LA23,0.016587296968618947,0.011141362054944415
2021Q3,PA5,LA23,0.05271908730754607,0.035410376989741636
2021Q4,PA5,LA23,0.03915109733772521,0.026297024229637617
2022Q1,PA5,LA23,0.01309198813201255,0.00879363166124901
2022Q2,PA5,LA23,0.030464332907763108,0.02046229493146923
2022Q3,PA5,LA23,0.04505827799204596,0.030264761620380824
2022Q4,PA5,LA23,0.031756168741217984,0.021329995724630468
2023Q1,PA5,LA23,0.008878155490030662,0.005963282919553329
2023Q2,PA5,LA23,0.013637743292050569,0.00916020469860652
2023Q3,PA5,LA23,0.010953532114396135,0.00735727269475112
2020Q3,PA7,LA23,0.18543976930234127,0.0056742903297470225
2021Q3,PA7,LA23,0.04497056179105706,0.0013760587863881925
2021Q4,PA7,LA23,0.096949461448459,0.0029665664147492405
2022Q2,PA7,LA23,0.1890242765657415,0.0057839730314573476
2022Q3,PA7,LA23,0.17146089984269994,0.005246549483789029
2019Q1,PA8,LA23,0.011813156331837731,0.011757812097648585
2019Q2,PA8,LA23,0.01324414493459798,0.013182096567649687
2019Q3,PA8,LA23,0.024208180713226692,0.0240947662128975
2019Q4,PA8,LA23,0.011649492322394673,0.011594914848503323
2020Q1,PA8,LA23,0.0071807311733007,0.007147089692857969
2020Q3,PA8,LA23,0.008824417609904392,0.008783075514611102
2020Q4,PA8,LA23,0.008341198350776458,0.00830212012121817
2021Q2,PA8,LA23,0.010971372691613064,0.010919972185045266
2021Q3,PA8,LA23,0.039723427108644835,0.03953732420854427
2021Q4,PA8,LA23,0.0225654386317596,0.022459720322009383
2022Q1,PA8,LA23,0.007858778161379492,0.007821960053941793
2022Q2,PA8,LA23,0.01319097047613712,0.01312917122971168
2022Q3,PA8,LA23,0.024549746701864626,0.02443473197653754
2022Q4,PA8,LA23,0.015586436244177219,0.015513414322394375
2023Q1,PA8,LA23,0.003857327519496886,0.0038392560717325046
2023Q2,PA8,LA23,0.016209565348927583,0.016133624088558618
2023Q3,PA8,LA23,0.014693584783873337,0.014624745840705784
2019Q2,PE1,LA23,0.005279982318079537,0.01681630310605953
2019Q3,PE1,LA23,0.005716554810303764,0.01820675006491994
2019Q4,PE1,LA23,0.0036138967387114172,0.01150995955878043
2020Q1,PE1,LA23,0.0014705348826794654,0.004683530895642494
2020Q3,PE1,LA23,0.00672593147931556,0.0214215305304085
2020Q4,PE1,LA23,0.0032137147464630323,0.010235413305814315
2021Q2,PE1,LA23,0.003818755049242925,0.012162416183852259
2021Q3,PE1,LA23,0.020618907229606447,0.06566949902493238
2022Q1,PE1,LA23,0.0023489239129759684,0.007481126661810966
2022Q2,PE1,LA23,0.00834967876644728,0.026593030149744453
2022Q3,PE1,LA23,0.012192451999704205,0.038831942245534434
2022Q4,PE1,LA23,0.004422115441231669,0.014084068686197012
2023Q1,PE1,LA23,0.0033414560710819147,0.010642258765619193
2023Q2,PE1,LA23,0.007081209910146466,0.02255306268714322
2023Q3,PE1,LA23,0.012112043296700814,0.0385758472360038
2019Q1,PE10,LA23,0.0021140869469393115,0.0036445457779250533
2019Q2,PE10,LA23,0.0101309838046664,0.01746514461241975
2019Q3,PE10,LA23,0.016005525923238076,0.02759246586875685
2019Q4,PE10,LA23,0.017918550858480063,0.0308903940646125
2020Q1,PE10,LA23,0.0053595146876907526,0.009239448100765069
2020Q3,PE10,LA23,0.034929512661238366,0.060216164750839074
2020Q4,PE10,LA23,0.006527217760214097,0.011252490804139386
2021Q2,PE10,LA23,0.013797702306264654,0.02378632428442272
2021Q3,PE10,LA23,0.024226588378158026,0.04176503266101414
2021Q4,PE10,LA23,0.018024911572218992,0.03107375288566548
2022Q1,PE10,LA23,0.0083032235898626,0.014314207143378268
2022Q2,PE10,LA23,0.019917050215882904,0.034335674499153465
2022Q3,PE10,LA23,0.015749396239167244,0.027150915269320498
2022Q4,PE10,LA23,0.011272138639099549,0.019432419912905053
2023Q1,PE10,LA23,0.00493826586718847,0.008513243053976341
2023Q2,PE10,LA23,0.01480867431126341,0.025529173015291118
2023Q3,PE10,LA23,0.010281801283611662,0.017725143950158926
2019Q1,PE11,LA23,0.003432828442575615,0.010685784794907009
2019Q2,PE11,LA23,0.01433108842839985,0.0446101310870532
2019Q3,PE11,LA23,0.013858715365828144,0.04313971770229192
2019Q4,PE11,LA23,0.008792823773166893,0.02737049757986384
2020Q1,PE11,LA23,0.0031789775697405767,0.009895592146922741
2020Q3,PE11,LA23,0.010913566759106172,0.03397199355676525
2020Q4,PE11,LA23,0.0069722003890119975,0.021703220580417345
2021Q2,PE11,LA23,0.008373548257973802,0.026065367422597487
2021Q3,PE11,LA23,0.017565950818347317,0.05467968274637874
2021Q4,PE11,LA23,0.012667922731768855,0.03943299188252713
2022Q1,PE11,LA23,0.00506238427435234,0.01575830246391901
2022Q2,PE11,LA23,0.013142107521678943,0.040909044852478524
2022Q3,PE11,LA23,0.011842843520052666,0.036864666945049133
2022Q4,PE11,LA23,0.00556627674715711,0.017326830170513452
2023Q1,PE11,LA23,0.0025622470019378537,0.007975819506308022
2023Q2,PE11,LA23,0.016123281629706353,0.05018890998043942
2023Q3,PE11,LA23,0.008004606244604624,0.02491691651029242
2019Q1,PE12,LA23,0.002858706948237301,0.004502991867184564
2019Q2,PE12,LA23,0.012161668263812049,0.019156875564705942
2019Q3,PE12,LA23,0.015208063919681691,0.023955511840126183
2019Q4,PE12,LA23,0.00515834115033571,0.008125340816220317
2020Q3,PE12,LA23,0.01812240273723922,0.028546134184880237
2020Q4,PE12,LA23,0.008074561904066609,0.012718927558317892
2021Q2,PE12,LA23,0.007351118098492299,0.01157936983804339
2021Q3,PE12,LA23,0.019783831072152477,0.031163190922590782
2021Q4,PE12,LA23,0.02571261853151456,0.04050212709029942
2022Q1,PE12,LA23,0.0043926226321839,0.006919192609277914
2022Q2,PE12,LA23,0.02760272506193389,0.04347939425643503
2022Q3,PE12,LA23,0.026504546453446774,0.041749559952928436
2022Q4,PE12,LA23,0.005555062475859393,0.00875025023670966
2023Q2,PE12,LA23,0.01240241839135708,0.0195361015175541
2023Q3,PE12,LA23,0.01911588143325156,0.030111046772763068
2019Q1,PE13,LA23,0.002419962495863328,0.007330593118659421
2019Q2,PE13,LA23,0.0098968847309075,0.02997981796353153
2019Q3,PE13,LA23,0.009514824332524218,0.028822473859195893
2019Q4,PE13,LA23,0.003003638698903548,0.009098675378134876
2020Q1,PE13,LA23,0.0016430482728748946,0.004977150837399664
2020Q3,PE13,LA23,0.005014951473974711,0.015191379547563931
2021Q2,PE13,LA23,0.005821844322587522,0.017635633610859396
2021Q3,PE13,LA23,0.01041392054959799,0.031546031994150535
2021Q4,PE13,LA23,0.0030049037205262326,0.009102507403969184
2022Q2,PE13,LA23,0.0067541652585061465,0.02045983665074533
2022Q3,PE13,LA23,0.0038146369007069584,0.011555365449798285
2022Q4,PE13,LA23,0.002432135345440105,0.007367467329517867
2023Q1,PE13,LA23,0.0035538514997738827,0.010765389708936715
2023Q2,PE13,LA23,0.0038666459972320523,0.011712912323250358
2023Q3,PE13,LA23,0.00691816457113759,0.020956626264095127
2020Q3,PE14,LA23,0.035127652393204,0.009432640044713638
2021Q2,PE14,LA23,0.01704913975736262,0.004578114034011874
2021Q3,PE14,LA23,0.056262780492422594,0.015107942607699916
2022Q2,PE14,LA23,0.015717928794454158,0.0042206510958076255
2022Q3,PE14,LA23,0.06504462627625336,0.017466084543284764
2022Q4,PE14,LA23,0.0111919730752939,0.003005320487337727
2023Q2,PE14,LA23,0.030538959587806364,0.008200462983047626
2019Q1,PE15,LA23,0.004583691089698143,0.008627408502889065
2019Q2,PE15,LA23,0.009521826529943073,0.017921951012819102
2019Q3,PE15,LA23,0.016249930909434628,0.030585567254849327
2019Q4,PE15,LA23,0.0069912390712923034,0.013158887505521136
2020Q3,PE15,LA23,0.015914424573932773,0.02995407831830485
2020Q4,PE15,LA23,0.007657411600519828,0.014412755279456825
2021Q2,PE15,LA23,0.008612456083373866,0.016210336907619038
2021Q3,PE15,LA23,0.02194892895413173,0.04131220289119755
2021Q4,PE15,LA23,0.009121477660169734,0.017168415668570594
2022Q1,PE15,LA23,0.002979107263244277,0.0056072660288337284
2022Q2,PE15,LA23,0.011223712571627784,0.021125235400804736
2022Q3,PE15,LA23,0.014638394180905444,0.027552338051057952
2022Q4,PE15,LA23,0.004907173898406769,0.009236266796298848
2023Q1,PE15,LA23,0.0022645333162548626,0.004262297263365402
2023Q2,PE15,LA23,0.0120618637892045,0.02270280090417821
2023Q3,PE15,LA23,0.0071277233866161045,0.013415777841168323
2019Q3,PE16,LA23,0.01877619542589477,0.007780169281635553
2020Q3,PE16,LA23,0.015572205867596162,0.006452553085982969
2020Q4,PE16,LA23,0.013798338214308743,0.00571752714953791
2021Q2,PE16,LA23,0.007620686198079366,0.003157733892219311
2021Q3,PE16,LA23,0.07846546348621883,0.03251322085425536
2021Q4,PE16,LA23,0.041693392932039115,0.017276218508550878
2022Q1,PE16,LA23,0.02391789896115155,0.009910703343137279
2022Q2,PE16,LA23,0.032508750824416635,0.013470438436087905
2022Q3,PE16,LA23,0.033630548497344516,0.013935270400027044
2022Q4,PE16,LA23,0.031084910567597306,0.01288045106235274
2023Q2,PE16,LA23,0.032196936787782314,0.013341234093334872
2023Q3,PE16,LA23,0.014490540947005102,0.006004350668117248
2019Q1,PE19,LA23,0.0047437663934868065,0.014229468760778071
2019Q2,PE19,LA23,0.018955854772313072,0.05686025005084917
2019Q3,PE19,LA23,0.023953796703104917,0.07185214734790632
2019Q4,PE19,LA23,0.011690483859183837,0.03506694071213845
2020Q1,PE19,LA23,0.004080306776196979,0.012239345910035374
2020Q3,PE19,LA23,0.017688375734508596,0.053058302004220514
2020Q4,PE19,LA23,0.00954111573808116,0.02861966569947444
2021Q2,PE19,LA23,0.006615240747914298,0.01984316970091847
2021Q3,PE19,LA23,0.015351623959825134,0.04604894833427499
2021Q4,PE19,LA23,0.006545170734927503,0.019632986699025315
2022Q1,PE19,LA23,0.0037090827411059477,0.011125817044484485
2022Q2,PE19,LA23,0.010699717497364359,0.032095023921696025
2022Q3,PE19,LA23,0.008953101301613028,0.026855849280078684
2022Q4,PE19,LA23,0.005733761430773918,0.017199071875245067
2023Q1,PE19,LA23,0.004374350150268499,0.0131213625732946
2023Q2,PE19,LA23,0.00595257655904847,0.017855432828525437
2023Q3,PE19,LA23,0.017992639158633916,0.05397097487415421
2019Q1,PE2,LA23,0.004970939606828097,0.019127376196019192
2019Q2,PE2,LA23,0.012624864134146504,0.04857844689679027
2019Q3,PE2,LA23,0.011495111111353077,0.04423133894845044
2019Q4,PE2,LA23,0.009873181571261595,0.03799041491184527
2020Q1,PE2,LA23,0.0026469637551537546,0.010185090853348672
2020Q3,PE2,LA23,0.011288285359209388,0.04343550671527606
2020Q4,PE2,LA23,0.0066051016866348075,0.025415369078249556
2021Q2,PE2,LA23,0.008996140417331665,0.034615701594554966
2021Q3,PE2,LA23,0.015364765126522269,0.05912114529309165
2021Q4,PE2,LA23,0.014710220904647709,0.05660256438908544
2022Q1,PE2,LA23,0.00679033728803687,0.02612812588343108
2022Q2,PE2,LA23,0.014105527570429837,0.05427580168391738
2022Q3,PE2,LA23,0.0116495680644394,0.044825664464639536
2022Q4,PE2,LA23,0.01002446294952169,0.03857252132678912
2023Q1,PE2,LA23,0.004071199669524897,0.015665321610656334
2023Q2,PE2,LA23,0.008323538636829858,0.032027638108911564
2023Q3,PE2,LA23,0.007841095538229944,0.03017127465049853
2019Q2,PE20,LA23,0.010200909457502171,0.00488612214824126
2019Q3,PE20,LA23,0.020396082894060183,0.009769496806261695
2019Q4,PE20,LA23,0.01454353015598661,0.006966189152528877
2021Q2,PE20,LA23,0.007652757627020894,0.003665585768826639
2021Q3,PE20,LA23,0.03419438317106533,0.01637872913720595
2021Q4,PE20,LA23,0.021632346355445267,0.010361653251223828
2022Q1,PE20,LA23,0.011630688151792709,0.0055709702369691385
2022Q2,PE20,LA23,0.012593735878732495,0.006032259384570896
2022Q3,PE20,LA23,0.03391377098856045,0.016244319023508196
2022Q4,PE20,LA23,0.012312519904549296,0.0058975600613762145
2023Q1,PE20,LA23,0.008995590319631605,0.00430878768999674
2023Q2,PE20,LA23,0.020436385988588854,0.009788801540181706
2023Q3,PE20,LA23,0.034266083432867266,0.016413072764966268
2019Q1,PE21,LA23,0.002617686619312868,0.0097558316575318
2019Q2,PE21,LA23,0.006516348179792772,0.024285716783244867
2019Q3,PE21,LA23,0.009217824206349432,0.03435382239508576
2019Q4,PE21,LA23,0.007212620887822348,0.026880648994440343
2020Q1,PE21,LA23,0.003997621913883607,0.014898699536671781
2020Q3,PE21,LA23,0.006765679381899099,0.025214946896877755
2020Q4,PE21,LA23,0.0037045626904928346,0.013806499871519405
2021Q2,PE21,LA23,0.009302952226489688,0.03467108521321688
2021Q3,PE21,LA23,0.01766976783405324,0.06585329166023074
2021Q4,PE21,LA23,0.0082267074577338,0.030660038700308544
2022Q1,PE21,LA23,0.002569186152049732,0.009575075721951171
2022Q2,PE21,LA23,0.007698362767556107,0.028690955840467432
2022Q3,PE21,LA23,0.01212882225148284,0.04520279364863496
2022Q4,PE21,LA23,0.004626925176716245,0.017244043952017524
2023Q1,PE21,LA23,0.002085714094183889,0.007773228253709256
2023Q2,PE21,LA23,0.0065768767629371646,0.02451130019084949
2023Q3,PE21,LA23,0.010306407493977062,0.0384108532180058
2021Q3,PE22,LA23,0.06177127337005959,0.005260214632518924
2022Q2,PE22,LA23,0.053232330697143164,0.004533069654865181
2019Q3,PE23,LA23,0.01882970595857392,0.007214547808016656
2019Q4,PE23,LA23,0.036689837648834066,0.014057606017228013
2020Q3,PE23,LA23,0.044714206393774984,0.017132119876706004
2021Q2,PE23,LA23,0.007742629861602557,0.0029665664147492405
2021Q3,PE23,LA23,0.029842054260634375,0.011433897461088105
2021Q4,PE23,LA23,0.029638251183604625,0.011355810896917272
2022Q2,PE23,LA23,0.016313870196573304,0.006250612554752293
2022Q3,PE23,LA23,0.037312003153433235,0.014295986945071741
2023Q1,PE23,LA23,0.011552803869294909,0.0044264236528726115
2023Q2,PE23,LA23,0.021734465925906315,0.008327498254573691
2020Q3,PE24,LA23,0.033235661230293825,0.002955431849117474
2021Q3,PE24,LA23,0.06214408425069374,0.0055260704625709105
2022Q3,PE24,LA23,0.1136107366764482,0.010102666146723905
2023Q3,PE24,LA23,0.11787861968353823,0.010482181309068991
2019Q2,PE25,LA23,0.010605300351783505,0.018284981233839242
2019Q3,PE25,LA23,0.008450532589637438,0.01456986833866351
2019Q4,PE25,LA23,0.006301426109391799,0.01086451626400913
2020Q1,PE25,LA23,0.006061220015127691,0.010450368264406798
2020Q3,PE25,LA23,0.014288488420780818,0.0246352987626578
2020Q4,PE25,LA23,0.010529648851425186,0.018154547750724257
2021Q2,PE25,LA23,0.011101522194211436,0.019140535228129456
2021Q3,PE25,LA23,0.01636831758473381,0.0282212073150805
2021Q4,PE25,LA23,0.009444653691352688,0.016283868422213237
2022Q1,PE25,LA23,0.003988058583190763,0.006875955789487028
2022Q2,PE25,LA23,0.015941331123177045,0.027485024540647725
2022Q3,PE25,LA23,0.010813048429818487,0.01864316719578581
2022Q4,PE25,LA23,0.010593726175453738,0.01826502577855113
2023Q1,PE25,LA23,0.0075503468320478155,0.013017825573394015
2023Q2,PE25,LA23,0.010894151534969814,0.01878299998755098
2023Q3,PE25,LA23,0.006997386364351146,0.01206444646676756
2019Q3,PE26,LA23,0.010045474184490793,0.007563912880306894
2019Q4,PE26,LA23,0.00732283044289492,0.0055138513613256605
2020Q3,PE26,LA23,0.00842200879198316,0.006341496639162232
2021Q2,PE26,LA23,0.008108012705539678,0.006105067875422772
2021Q3,PE26,LA23,0.011164049233720188,0.00840616323773838
2022Q3,PE26,LA23,0.013486467994185649,0.01015486846091959
2023Q1,PE26,LA23,0.003918421498317791,0.0029504429852954483
2023Q2,PE26,LA23,0.009350073677449904,0.007040299086116935
2023Q3,PE26,LA23,0.00939635689263821,0.0070751488304968795
2019Q1,PE27,LA23,0.00805591933966263,0.010949543856106256
2019Q2,PE27,LA23,0.008804480805499044,0.011966982866302486
2019Q3,PE27,LA23,0.02631753164880931,0.03577058741816671
2019Q4,PE27,LA23,0.010399323138304727,0.01413468034815959
2020Q1,PE27,LA23,0.0032585191267250875,0.004428954235970739
2020Q3,PE27,LA23,0.002937220714725945,0.003992247895607946
2020Q4,PE27,LA23,0.0016313873674155186,0.0022173692129546607
2021Q2,PE27,LA23,0.009876681267792876,0.013424309521327728
2021Q3,PE27,LA23,0.0047303211901675215,0.006429416326228649
2019Q1,PE28,LA23,0.008898110801385667,0.01549562793833324
2019Q2,PE28,LA23,0.023726966879789663,0.04131936082624655
2019Q3,PE28,LA23,0.02914711819256138,0.050758291177518386
2019Q4,PE28,LA23,0.014555290975914084,0.02534733254409701
2020Q1,PE28,LA23,0.00391643589586785,0.006820282961328194
2020Q3,PE28,LA23,0.03949073553641005,0.06877119857712168
2020Q4,PE28,LA23,0.017683208367230654,0.0307944488140063
2021Q2,PE28,LA23,0.02024049610782309,0.035247841252467535
2021Q3,PE28,LA23,0.061547290400950576,0.10718161798088208
2021Q4,PE28,LA23,0.018349787168334845,0.03195526343230508
2022Q1,PE28,LA23,0.014512817596061729,0.025273367215257414
2022Q2,PE28,LA23,0.036949556956504516,0.06434585945986254
2022Q3,PE28,LA23,0.05591203197086208,0.09736808902871297
2022Q4,PE28,LA23,0.013891410874409505,0.02419121758012332
2023Q1,PE28,LA23,0.007358025217570105,0.012813643668562141
2023Q2,PE28,LA23,0.024218503873017477,0.042175348634782166
2023Q3,PE28,LA23,0.02363707942389489,0.041162826186033716
2019Q1,PE29,LA23,0.006849273111201674,0.018982771447554687
2019Q2,PE29,LA23,0.00999457456932209,0.027699979499240208
2019Q3,PE29,LA23,0.017292114314192322,0.04792512264322765
2019Q4,PE29,LA23,0.005110573547636411,0.014163962809723653
2020Q1,PE29,LA23,0.002431408864839847,0.006738653580819984
2020Q3,PE29,LA23,0.02313538975749393,0.06411976993563831
2020Q4,PE29,LA23,0.010280862064979352,0.028493425754064924
2021Q2,PE29,LA23,0.007914150939271091,0.021934082061340926
2021Q3,PE29,LA23,0.04204445188181316,0.11652626603615507
2021Q4,PE29,LA23,0.01310009213543619,0.03630692643022155
2022Q1,PE29,LA23,0.008620738949101321,0.023892391867421432
2022Q2,PE29,LA23,0.015348051604480353,0.042537149715440335
2022Q3,PE29,LA23,0.023436077717667574,0.06495312710103923
2022Q4,PE29,LA23,0.010055176524161878,0.027867937914581725
2023Q1,PE29,LA23,0.0064047109448543615,0.01775066668826291
2023Q2,PE29,LA23,0.007219406789749626,0.020008597533161858
2023Q3,PE29,LA23,0.01178265833457126,0.03265565653149289
2019Q1,PE3,LA23,0.0026802206271184324,0.00791530241907563
2019Q2,PE3,LA23,0.008532662006704207,0.0251988957697982
2019Q3,PE3,LA23,0.01043901559748935,0.030828792441766617
2019Q4,PE3,LA23,0.009225957167414322,0.02724635440330707
2020Q1,PE3,LA23,0.004445873346069372,0.013129677346331308
2020Q3,PE3,LA23,0.012738166262871331,0.03761870840591727
2020Q4,PE3,LA23,0.0039904745437398005,0.011784780883237214
2021Q2,PE3,LA23,0.012196246339772298,0.0360182953522864
2021Q3,PE3,LA23,0.02868363668682988,0.0847093170457563
2021Q4,PE3,LA23,0.017867713150957438,0.052767429552684174
2022Q1,PE3,LA23,0.00961052812526567,0.028382080097747262
2022Q2,PE3,LA23,0.016525778891869836,0.048804391816266064
2022Q3,PE3,LA23,0.02797347309029346,0.0826120420764014
2022Q4,PE3,LA23,0.010360671628484749,0.03059742484422341
2023Q1,PE3,LA23,0.006594113941156232,0.019473921475714362
2023Q2,PE3,LA23,0.010695812438392256,0.031587172045088686
2023Q3,PE3,LA23,0.011941481545565454,0.035265916846025605
2019Q1,PE30,LA23,0.003216444819447976,0.016962932321002534
2019Q2,PE30,LA23,0.010597962966115872,0.05589168744563395
2019Q3,PE30,LA23,0.011654637565597365,0.06146439293958466
2019Q4,PE30,LA23,0.006202676471533082,0.03271176317389712
2020Q1,PE30,LA23,0.003983337634832936,0.021007382530806168
2020Q3,PE30,LA23,0.011772061087421029,0.06208366277488389
2020Q4,PE30,LA23,0.0037478599453007392,0.01976551695099303
2021Q2,PE30,LA23,0.006283481402954995,0.033137913367622014
2021Q3,PE30,LA23,0.02093999338052081,0.11043363416910024
2021Q4,PE30,LA23,0.006840177202975048,0.036073823575696766
2022Q1,PE30,LA23,0.004037819955408213,0.02129471216600513
2022Q2,PE30,LA23,0.008465283099812386,0.044644330110065064
2022Q3,PE30,LA23,0.012010897651774806,0.06334324243638392
2023Q1,PE30,LA23,0.003044127686254556,0.016054163779277382
2023Q2,PE30,LA23,0.008485422639048692,0.04475054229781223
2023Q3,PE30,LA23,0.008904747313712862,0.04696198271607985
2019Q3,PE31,LA23,0.013090295188466716,0.005780647122242665
2021Q2,PE31,LA23,0.011768183724609244,0.005196805450317241
2021Q3,PE31,LA23,0.024755657117496704,0.010932046681542051
2022Q2,PE31,LA23,0.013091113833335978,0.0057810086341138255
2021Q3,PE32,LA23,0.04501589866719313,0.007012607276785982
2022Q2,PE32,LA23,0.026706462781822458,0.004160350915697929
2019Q3,PE33,LA23,0.0339711985393251,0.011396444831235798
2021Q3,PE33,LA23,0.01969235519494826,0.006606267933600733
2022Q3,PE33,LA23,0.01783993325229115,0.00598482902707454
2023Q3,PE33,LA23,0.010059114523517786,0.0033745687125418303
2019Q2,PE34,LA23,0.016104549677287677,0.002304132062033361
2021Q3,PE34,LA23,0.10489889556334464,0.015008237633633644
2022Q2,PE34,LA23,0.017273933634650664,0.002471439756006789
2022Q3,PE34,LA23,0.037816482410279635,0.005410531268547774
2023Q2,PE34,LA23,0.09993280388270244,0.014297722202053316
2023Q3,PE34,LA23,0.04949970959708815,0.0070820898584231734
2021Q3,PE36,LA23,0.03910999227502218,0.006357692370990257
2022Q3,PE36,LA23,0.15732685128855706,0.02557494041818013
2019Q2,PE37,LA23,0.007864092833539001,0.005984612119951843
2019Q3,PE37,LA23,0.02430551177879534,0.018496610283217037
2020Q3,PE37,LA23,0.007627235159035392,0.005804362300990842
2021Q4,PE37,LA23,0.0036664959954948967,0.002790220923996781
2022Q2,PE37,LA23,0.005842869340803429,0.004446451410534943
2022Q3,PE37,LA23,0.007062216069475439,0.005374380081431649
2023Q1,PE37,LA23,0.004608131138697973,0.0035068097550126163
2023Q2,PE37,LA23,0.00855775423809209,0.006512491754221504
2023Q3,PE37,LA23,0.006928918308814162,0.005272939850383801
2019Q1,PE38,LA23,0.009919785561942968,0.010407492956487073
2019Q2,PE38,LA23,0.004231262947519426,0.004439293475485952
2019Q3,PE38,LA23,0.012360037373400204,0.012967720028051069
2019Q4,PE38,LA23,0.0032788687076341105,0.0034400746635962487
2021Q2,PE38,LA23,0.0063894489395952886,0.006703586929317343
2021Q3,PE38,LA23,0.022936988743703982,0.024064688425216883
2021Q4,PE38,LA23,0.0057495116811600465,0.006032187082196664
2022Q1,PE38,LA23,0.006458638796096362,0.006776178513046522
2022Q2,PE38,LA23,0.008820259505693316,0.009253908575611515
2022Q3,PE38,LA23,0.006796662945635978,0.0071308216586557106
2023Q1,PE38,LA23,0.006472352721837114,0.0067905666855187395
2023Q2,PE38,LA23,0.005265389428251628,0.005524262903215104
2023Q3,PE38,LA23,0.002847190160699117,0.002987172591405432
2019Q2,PE4,LA23,0.013239989632322048,0.01536635129320598
2019Q3,PE4,LA23,0.0113757419778973,0.01320270274430588
2019Q4,PE4,LA23,0.010015604332481913,0.011624125007693154
2020Q3,PE4,LA23,0.01640463179095606,0.019039239601830075
2021Q3,PE4,LA23,0.009333074765167707,0.010831980195604616
2023Q2,PE4,LA23,0.006692913843045039,0.007767805575641837
2023Q3,PE4,LA23,0.014987367492270582,0.017394360588046377
2019Q1,PE6,LA23,0.004049931366656666,0.005442705825081125
2019Q2,PE6,LA23,0.021391031940469072,0.02874742399474282
2019Q3,PE6,LA23,0.008560932008287728,0.011505042997332637
2019Q4,PE6,LA23,0.005133847665712578,0.006899381758738278
2020Q1,PE6,LA23,0.004126166508154765,0.005545158289368224
2020Q3,PE6,LA23,0.014406074526326616,0.019360334445795498
2020Q4,PE6,LA23,0.005127875823294589,0.0068913561951984975
2021Q2,PE6,LA23,0.010899365618178293,0.014647665693337409
2021Q3,PE6,LA23,0.021903265378862447,0.02943581489980808
2021Q4,PE6,LA23,0.012975629965880964,0.01743795891970842
2022Q1,PE6,LA23,0.012106323391197616,0.016269697156863716
2022Q2,PE6,LA23,0.009090489169731484,0.01221671526690068
2022Q3,PE6,LA23,0.01395834774612394,0.01875863408743471
2022Q4,PE6,LA23,0.016852700704708838,0.022648357216381327
2023Q1,PE6,LA23,0.008941408310810356,0.012016365387903112
2023Q2,PE6,LA23,0.01860029851789359,0.024996955238567518
2023Q3,PE6,LA23,0.06440502926883017,0.0865539675195437
2019Q1,PE7,LA23,0.002308442783478905,0.006146714042980549
2019Q2,PE7,LA23,0.009241537085830306,0.02460753465095262
2019Q3,PE7,LA23,0.007761878862980746,0.02066763367428882
2019Q4,PE7,LA23,0.005181682069843938,0.01379731746999191
2020Q1,PE7,LA23,0.0034015955533437947,0.009057463024822493
2020Q3,PE7,LA23,0.021582096290789974,0.05746686697065776
2020Q4,PE7,LA23,0.003148767657268183,0.008384255618346007
2021Q2,PE7,LA23,0.008013158999409025,0.021336719845434067
2021Q3,PE7,LA23,0.02513002301500172,0.06691396749021786
2021Q4,PE7,LA23,0.007897294255283299,0.021028205614585054
2022Q1,PE7,LA23,0.006807399926781212,0.018126132917650983
2022Q2,PE7,LA23,0.013576160169735169,0.036149379556769466
2022Q3,PE7,LA23,0.020096219875673064,0.05351040875029478
2022Q4,PE7,LA23,0.009588479629934922,0.025531342086518083
2023Q2,PE7,LA23,0.007705616442116319,0.0205178231548796
2023Q3,PE7,LA23,0.0076006131691999405,0.020238229873723486
2019Q1,PE8,LA23,0.014630262105719985,0.004892701664296395
2019Q2,PE8,LA23,0.017986985165471845,0.006015268326626317
2019Q3,PE8,LA23,0.015450092959937363,0.005166872267385089
2019Q4,PE8,LA23,0.013571962519381885,0.004538781542429529
2020Q3,PE8,LA23,0.02290748369161461,0.007660798061778108
2020Q4,PE8,LA23,0.015355613507592163,0.005135276129845596
2021Q2,PE8,LA23,0.032764695752883884,0.010957280210149108
2021Q3,PE8,LA23,0.03665975711089557,0.012259879784317331
2021Q4,PE8,LA23,0.03695314067344119,0.012357994106150495
2022Q2,PE8,LA23,0.03482638009513518,0.011646755650827848
2022Q3,PE8,LA23,0.05388766365580907,0.018021294475014216
2023Q2,PE8,LA23,0.03456499415031746,0.011559342080381058
2023Q3,PE8,LA23,0.10210742497138534,0.034147109907155755
2019Q1,PE9,LA23,0.005272817426874571,0.01413721093125772
2019Q2,PE9,LA23,0.017432504116672194,0.04673914679869605
2019Q3,PE9,LA23,0.022013565780288187,0.05902165722614808
2019Q4,PE9,LA23,0.018235822081419963,0.04889296222470056
2020Q1,PE9,LA23,0.012029733040057134,0.03225351072601312
2020Q3,PE9,LA23,0.02674175902991458,0.07169864940741126
2020Q4,PE9,LA23,0.013315246732343754,0.0357001649056645
2021Q2,PE9,LA23,0.0193458889081304,0.051869217157596924
2021Q3,PE9,LA23,0.029971399817187976,0.08035779865258827
2021Q4,PE9,LA23,0.017855075955525386,0.04787212500291541
2022Q1,PE9,LA23,0.008915268023284184,0.023903164921182038
2022Q2,PE9,LA23,0.0175082542312439,0.04694224416791444
2022Q3,PE9,LA23,0.01330022615070743,0.03565989248321714
2022Q4,PE9,LA23,0.010825012278798216,0.029023474459561556
2023Q1,PE9,LA23,0.008046986717132628,0.021575173075652033
2023Q2,PE9,LA23,0.014991807918900322,0.04019527581405775
2023Q3,PE9,LA23,0.012638430649922743,0.03388551991718348
2019Q1,PH1,LA23,0.0025533290785179946,0.00909722933065023
2019Q2,PH1,LA23,0.0077868602259602284,0.02774372243565072
2019Q3,PH1,LA23,0.011664177550331488,0.041558175568335666
2019Q4,PH1,LA23,0.015650692501282402,0.055761687776764365
2020Q1,PH1,LA23,0.0032599174747040193,0.011614725699042962
2020Q3,PH1,LA23,0.004674616255924514,0.016655141113895846
2020Q4,PH1,LA23,0.0012801549670180944,0.004561050673693064
2021Q2,PH1,LA23,0.003388068935742957,0.012071315192319623
2021Q3,PH1,LA23,0.005666709466893879,0.02018985958536211
2022Q1,PH1,LA23,0.0046780863904989645,0.01666750481988956
2022Q2,PH1,LA23,0.002847275858114036,0.01014452922140438
2022Q3,PH1,LA23,0.0022306471494633407,0.007947549277983213
2022Q4,PH1,LA23,0.00228635194131637,0.008146019295250741
2023Q1,PH1,LA23,0.002667112964827625,0.009502628742970459
2023Q2,PH1,LA23,0.0023504581116128077,0.00837442249545042
2023Q3,PH1,LA23,0.003418468126342533,0.012179624148919536
2019Q2,PH10,LA23,0.004289902513251832,0.00294632174996421
2019Q3,PH10,LA23,0.006670982637048882,0.004581656850349253
2019Q4,PH10,LA23,0.006808680612198169,0.004676228355845037
2020Q3,PH10,LA23,0.0042229484519407095,0.0029003374399524987
2021Q2,PH10,LA23,0.005001131504160527,0.003434796590277295
2021Q3,PH10,LA23,0.02926124081394845,0.020096734127350968
2021Q4,PH10,LA23,0.008225874909950222,0.0056495629177595935
2022Q1,PH10,LA23,0.009058063360680423,0.006221113186065535
2022Q2,PH10,LA23,0.00978729415109258,0.006721951732372334
2022Q4,PH10,LA23,0.0075625454440361155,0.005193985657722183
2023Q2,PH10,LA23,0.007900473961030923,0.005426076279007708
2023Q3,PH10,LA23,0.00927913809142469,0.006372948171953261
2021Q3,PH16,LA23,0.03543588197922911,0.0043291769595302345
2023Q3,PH16,LA23,0.034997342521907164,0.004275600900224137
2019Q1,PH2,LA23,0.007965824259380506,0.012412148584450451
2019Q2,PH2,LA23,0.017223618256361824,0.02683741217464946
2019Q3,PH2,LA23,0.018514659954787547,0.02884908113291337
2019Q4,PH2,LA23,0.008650902778431556,0.0134796208376154
2020Q1,PH2,LA23,0.005236275437607343,0.008159033722612546
2020Q3,PH2,LA23,0.014522421031387643,0.022628474063467456
2020Q4,PH2,LA23,0.0078117233543568984,0.012172032399625148
2021Q2,PH2,LA23,0.01466673112311406,0.02285333444732976
2021Q3,PH2,LA23,0.029532387443408543,0.04601662917299317
2021Q4,PH2,LA23,0.02486295833394585,0.0387408412540018
2022Q1,PH2,LA23,0.007123025482522999,0.011098920561270086
2022Q2,PH2,LA23,0.02087670526322528,0.03252956119083185
2022Q3,PH2,LA23,0.010101242401261387,0.015739503846618624
2022Q4,PH2,LA23,0.01149548205595706,0.017911973285175055
2023Q1,PH2,LA23,0.003107956795415896,0.00484274072370191
2023Q2,PH2,LA23,0.012389879810949541,0.019305601548501687
2023Q3,PH2,LA23,0.018556885737254118,0.02891487629346472
2019Q2,PH22,LA23,0.00836489992525388,0.002834903791272312
2019Q3,PH22,LA23,0.012170695782495944,0.00412470584520143
2019Q4,PH22,LA23,0.015352894953224273,0.005203168059249679
2021Q3,PH22,LA23,0.02617463355172215,0.008870705992180589
2021Q4,PH22,LA23,0.006632995066848646,0.0022479531172549024
2022Q2,PH22,LA23,0.0054338034914488105,0.0018415414716954216
2022Q3,PH22,LA23,0.019023432411817785,0.00644713040791555
2023Q2,PH22,LA23,0.013786116278658113,0.004672179422888031
2023Q3,PH22,LA23,0.017295794379868334,0.005861625781382785
2019Q3,PH3,LA23,0.018603384772246687,0.004039967462601232
2021Q3,PH3,LA23,0.01438636008319814,0.0031241855905755466
2022Q2,PH3,LA23,0.018654990553614324,0.004051174330607229
2022Q3,PH3,LA23,0.016999277323025475,0.0036916146235502494
2022Q4,PH3,LA23,0.016297771636950526,0.0035392735210428967
2019Q1,PH33,LA23,0.0045894551851392434,0.00424776448614472
2019Q2,PH33,LA23,0.009242654973360595,0.008554527709662958
2019Q3,PH33,LA23,0.006397583350504912,0.005921275240124392
2019Q4,PH33,LA23,0.011972736331832871,0.011081351084331649
2020Q3,PH33,LA23,0.0070405757867411855,0.006516396082430046
2021Q3,PH33,LA23,0.010294909634532091,0.009528440690571372
2021Q4,PH33,LA23,0.013476593383222072,0.012473244090676705
2022Q2,PH33,LA23,0.008155325156816709,0.0075481509627242606
2022Q3,PH33,LA23,0.011938208005163398,0.011049393434920994
2022Q4,PH33,LA23,0.007739969697763342,0.007163719238931384
2023Q2,PH33,LA23,0.009066419894251243,0.008391413553394999
2023Q3,PH33,LA23,0.0049310668876858645,0.004563942768662352
2019Q4,PH7,LA23,0.01114853085584888,0.0035228608820921767
2020Q3,PH7,LA23,0.011694699954299566,0.0036954466493845576
2020Q4,PH7,LA23,0.039593255465398776,0.012511202837148636
2021Q3,PH7,LA23,0.01716897548024539,0.005425280952891153
2021Q4,PH7,LA23,0.02907166358305425,0.009186450460452827
2022Q2,PH7,LA23,0.026286818967535472,0.008306458263672104
2022Q3,PH7,LA23,0.02193073715090197,0.006929965663038519
2022Q4,PH7,LA23,0.009028378838151323,0.0028529070824561426
2023Q2,PH7,LA23,0.01941360005326644,0.006134567244109531
2023Q3,PH7,LA23,0.01797919113906981,0.005681303660047553
2021Q3,PL1,LA23,0.0035570800558577986,0.004232725592304412
2022Q3,PL1,LA23,0.0068768270056006634,0.008183038110857653
2019Q3,PL11,LA23,0.013759652919774363,0.008037493431528134
2021Q3,PL11,LA23,0.015605537001927869,0.009115738738453684
2021Q4,PL11,LA23,0.004522929675180812,0.002642001056820668
2022Q3,PL11,LA23,0.01091117639710295,0.006373598893321351
2019Q3,PL12,LA23,0.012574731657262013,0.008335523818113469
2020Q3,PL12,LA23,0.006171584537989535,0.004091012938809201
2020Q4,PL12,LA23,0.007243774916704269,0.004801745277512225
2021Q2,PL12,LA23,0.0027201786220515532,0.0018031489109780969
2021Q3,PL12,LA23,0.02856716558580048,0.01893657023042028
2021Q4,PL12,LA23,0.006475680852929175,0.0042925919581687155
2022Q2,PL12,LA23,0.004952472446138609,0.003282889302015337
2022Q3,PL12,LA23,0.010328258306294705,0.006846384118426039
2019Q2,PL14,LA23,0.0017746018127506942,0.0028967223212408863
2019Q3,PL14,LA23,0.005381254982759313,0.008783943143101889
2019Q4,PL14,LA23,0.003804028012201536,0.00620940020143991
2020Q3,PL14,LA23,0.003206056654570387,0.005233318149304528
2021Q2,PL14,LA23,0.00297479676877837,0.004855827453437947
2021Q3,PL14,LA23,0.00764867378254735,0.012485101680050794
2021Q4,PL14,LA23,0.0054319718127213605,0.008866729361597814
2022Q2,PL14,LA23,0.0056770514810008535,0.009266778398224856
2022Q3,PL14,LA23,0.00623941032222197,0.01018472934147751
2022Q4,PL14,LA23,0.004952886019822213,0.008084706881901793
2023Q2,PL14,LA23,0.004191159098549406,0.00684132295222978
2023Q3,PL14,LA23,0.0038050024840436025,0.006210990853673021
2019Q2,PL15,LA23,0.0049092039872086,0.007556610340509436
2019Q3,PL15,LA23,0.0062205139333488535,0.009575075721951171
2019Q4,PL15,LA23,0.0016926264967283028,0.0026054160554591487
2020Q3,PL15,LA23,0.003790759987941286,0.005835018507665317
2021Q2,PL15,LA23,0.0012729810097914175,0.001959466644068223
2021Q4,PL15,LA23,0.0048524151587211704,0.007469196770062644
2022Q2,PL15,LA23,0.004907372089515456,0.0075537905479143765
2022Q3,PL15,LA23,0.005018882990118564,0.0077254363843417394
2022Q4,PL15,LA23,0.0030260131586577143,0.0046578635527900454
2023Q2,PL15,LA23,0.005387141398176006,0.008292286998322584
2023Q3,PL15,LA23,0.0034132481479466877,0.005253924325960719
2019Q3,PL17,LA23,0.004435092969919191,0.003018479519447996
2019Q2,PL19,LA23,0.0026174473900639323,0.003762760159794783
2019Q3,PL19,LA23,0.010478892937866151,0.01506412736891517
2019Q4,PL19,LA23,0.009649932331374593,0.013872439636819216
2020Q1,PL19,LA23,0.003227826344097519,0.004640221773477376
2020Q3,PL19,LA23,0.007396167391592208,0.010632497945097838
2020Q4,PL19,LA23,0.002685395805266584,0.003860440667382553
2021Q2,PL19,LA23,0.007828250911211731,0.011253647642127102
2021Q3,PL19,LA23,0.01048311770979585,0.01507020076835068
2021Q4,PL19,LA23,0.004360115516160647,0.0062679651245680324
2022Q1,PL19,LA23,0.0053547475361810995,0.00769781687738502
2022Q2,PL19,LA23,0.009777731682247971,0.014056159969743366
2022Q3,PL19,LA23,0.012225182297045464,0.01757453810463314
2022Q4,PL19,LA23,0.006333033712425932,0.009104170358576526
2023Q2,PL19,LA23,0.00550809669824837,0.007918266816419153
2023Q3,PL19,LA23,0.003959013657358913,0.005691353690065835
2020Q3,PL2,LA23,0.0044194412621765,0.0026486528752500352
2021Q3,PL2,LA23,0.005772912490859878,0.0034598132117616533
2023Q2,PL2,LA23,0.002390259867537548,0.0014325269406635802
2021Q3,PL20,LA23,0.009728466353527088,0.0026630410477222525
2021Q4,PL20,LA23,0.01465397788047575,0.00401133572240526
2019Q2,PL21,LA23,0.009905686063648778,0.009620843124840187
2019Q3,PL21,LA23,0.009557888272440284,0.009283046432427113
2020Q3,PL21,LA23,0.0121354778530469,0.011786516140218788
2021Q3,PL21,LA23,0.010276263419093105,0.009980764343768331
2021Q4,PL21,LA23,0.0019412506424109392,0.0018854290128543975
2022Q3,PL21,LA23,0.013940199996083615,0.013539342598731241
2022Q4,PL21,LA23,0.0032347725645082838,0.0031417550675139835
2023Q1,PL21,LA23,0.00470204449616912,0.004566834863631642
2023Q2,PL21,LA23,0.003973470655724442,0.0038592115270206055
2023Q3,PL21,LA23,0.009917448060868585,0.009632266899968885
2020Q3,PL24,LA23,0.017146371022944758,0.005998855687675596
2021Q3,PL24,LA23,0.015878925429003408,0.005555425226509204
2022Q2,PL24,LA23,0.011974291962196308,0.004189344167765062
2019Q1,PL25,LA23,0.0022733861599362032,0.007589941735030502
2019Q2,PL25,LA23,0.004089799503860843,0.013654231071386285
2019Q3,PL25,LA23,0.0039003705089481295,0.013021802203976791
2019Q4,PL25,LA23,0.002424201699043569,0.008093455469183896
2020Q3,PL25,LA23,0.0019473266026701923,0.006501357188589739
2021Q4,PL25,LA23,0.0029511898277969624,0.00985286144375148
2022Q1,PL25,LA23,0.0005020832077348027,0.001676258244200497
2022Q2,PL25,LA23,0.002578525583546597,0.008608682187962914
2022Q3,PL25,LA23,0.0009696460292925321,0.0032372665038747864
2022Q4,PL25,LA23,0.0016964799068803276,0.005663878787857579
2023Q1,PL25,LA23,0.0012163996554541234,0.004061079755877049
2023Q2,PL25,LA23,0.0015930703435205241,0.005318634950898583
2023Q3,PL25,LA23,0.0037542111072485884,0.01253383348028333
2019Q2,PL27,LA23,0.008189727754567944,0.009755903959906031
2019Q3,PL27,LA23,0.00796284901307908,0.00948563768502588
2019Q4,PL27,LA23,0.014000931132071822,0.01667842247839863
2020Q3,PL27,LA23,0.006119170936175487,0.0072893807653470356
2021Q2,PL27,LA23,0.00808933785664858,0.009636315832925891
2021Q3,PL27,LA23,0.015771592856377473,0.018787699641876068
2022Q2,PL27,LA23,0.024594978733241755,0.0292984403887668
2022Q3,PL27,LA23,0.002712894357498024,0.003231699221058903
2022Q4,PL27,LA23,0.004414484918664479,0.0052586962826600475
2023Q1,PL27,LA23,0.005799610590017421,0.006908708765014236
2023Q2,PL27,LA23,0.010572015235423423,0.012593772148521866
2023Q3,PL27,LA23,0.009691691729122076,0.011545098512657304
2019Q1,PL3,LA23,0.002765808635568319,0.010217554619378951
2019Q2,PL3,LA23,0.006073067315384658,0.022435354421893115
2019Q3,PL3,LA23,0.006685993071239177,0.0246996478757245
2019Q4,PL3,LA23,0.004083196812990279,0.015084299731325973
2020Q1,PL3,LA23,0.001273234506725284,0.0047036309556790605
2020Q3,PL3,LA23,0.007518669454124847,0.027775752387435602
2020Q4,PL3,LA23,0.002009794454863004,0.0074246585075355784
2021Q2,PL3,LA23,0.004369040944428643,0.016140275906987987
2021Q3,PL3,LA23,0.01321519755384756,0.048820081431474455
2021Q4,PL3,LA23,0.005332906181339054,0.019701023233177864
2022Q1,PL3,LA23,0.0026422723015978324,0.009761182033224987
2022Q2,PL3,LA23,0.011109795527462722,0.04104222582581433
2022Q3,PL3,LA23,0.006028228636498983,0.02226970968252703
2023Q1,PL3,LA23,0.000906598552310024,0.00334919057918631
2023Q2,PL3,LA23,0.0021175756004864934,0.007822827682432582
2023Q3,PL3,LA23,0.008086423812830461,0.029873171961538963
2021Q3,PL30,LA23,0.005800635155726296,0.0024514843007186872
2019Q2,PL31,LA23,0.009128017023642302,0.015305472694102425
2019Q3,PL31,LA23,0.0048692358923492505,0.008164528703054197
2019Q4,PL31,LA23,0.0037329284922395524,0.006259216537285932
2021Q2,PL31,LA23,0.004018773276518817,0.00673850897607152
2021Q4,PL31,LA23,0.002063222392245328,0.003459524002264725
2022Q1,PL31,LA23,0.0013120228166035909,0.002199944340764688
2022Q2,PL31,LA23,0.007083465741910312,0.011877255619880263
2022Q3,PL31,LA23,0.005786707528359196,0.009702906319593791
2023Q1,PL31,LA23,0.0026319366568190545,0.004413120016013877
2023Q2,PL31,LA23,0.004988075570351009,0.00836379404643828
2023Q3,PL31,LA23,0.00475889092282585,0.007979506927393869
2019Q1,PL4,LA23,0.0018485742964506567,0.006072893318889421
2019Q2,PL4,LA23,0.006504486620571001,0.021368388285347796
2019Q3,PL4,LA23,0.0054938924693390965,0.01804840786535131
2019Q4,PL4,LA23,0.0012581476817222655,0.004133237525360835
2020Q1,PL4,LA23,0.0018085625327209733,0.005941447602535189
2020Q3,PL4,LA23,0.004633353436428966,0.015221385032870316
2020Q4,PL4,LA23,0.0012471873636048935,0.004097230942993174
2021Q2,PL4,LA23,0.005425621572150165,0.01782412590048287
2021Q3,PL4,LA23,0.015129574710144303,0.04970332723509563
2021Q4,PL4,LA23,0.0047566240022430244,0.01562635063094515
2022Q1,PL4,LA23,0.0010836849473519687,0.003560096604821785
2022Q2,PL4,LA23,0.01058214312498084,0.034764210671228014
2022Q3,PL4,LA23,0.007840500980002628,0.02575743161074233
2022Q4,PL4,LA23,0.0028417595889860922,0.009335682560868192
2023Q2,PL4,LA23,0.0033615163613954445,0.01104317543073702
2023Q3,PL4,LA23,0.003252199292943664,0.010684049537925431
2019Q2,PL5,LA23,0.005196453844308063,0.0034686341014179877
2019Q3,PL5,LA23,0.009289579242830451,0.006200796218906272
2021Q3,PL5,LA23,0.010955728678632063,0.00731295133934675
2021Q4,PL5,LA23,0.005422405458082745,0.0036194568540664634
2022Q2,PL5,LA23,0.008016949563904878,0.00535131562405156
2023Q3,PL5,LA23,0.003974950321519427,0.0026532802272008988
2019Q1,PL6,LA23,0.0017644178550360898,0.007132195403766124
2019Q2,PL6,LA23,0.0022373070246910526,0.009043725573718363
2019Q3,PL6,LA23,0.008273449835705956,0.0334432462940048
2019Q4,PL6,LA23,0.00484302687287039,0.019576663149498397
2020Q1,PL6,LA23,0.0011837075221055346,0.0047848265219418784
2020Q3,PL6,LA23,0.005550357314431987,0.02243586053851274
2021Q2,PL6,LA23,0.001597606280930553,0.006457903461676155
2021Q3,PL6,LA23,0.005894122234304849,0.02382543986888237
2022Q1,PL6,LA23,0.0009725189894587328,0.0039311523893816955
2022Q2,PL6,LA23,0.0015609027263450328,0.0063095389897515775
2022Q3,PL6,LA23,0.0016377083127925105,0.006620005384704861
2023Q1,PL6,LA23,0.001818382096841409,0.007350331666824822
2023Q2,PL6,LA23,0.003268136729524442,0.013210583703097195
2023Q3,PL6,LA23,0.004315153918227177,0.017442875481156212
2019Q1,PL7,LA23,0.0025270541991916787,0.0055668490016379
2019Q2,PL7,LA23,0.0059689404852221965,0.01314898208025132
2019Q3,PL7,LA23,0.006606759591293994,0.014554034118706644
2019Q4,PL7,LA23,0.002148787066094501,0.004733564138611212
2020Q3,PL7,LA23,0.00429790234662119,0.009467851300964746
2021Q2,PL7,LA23,0.0046065551986512,0.01014778282824483
2021Q3,PL7,LA23,0.007340121918575845,0.01616955836855205
2021Q4,PL7,LA23,0.00299154326362476,0.006590072201772709
2022Q3,PL7,LA23,0.0018710848350198613,0.0041218137502321405
2023Q2,PL7,LA23,0.0037712494687316186,0.008307687404034054
2023Q3,PL7,LA23,0.0037463379933285156,0.008252809901991775
2019Q1,PL9,LA23,0.0020895807197322397,0.0037657245571383053
2019Q2,PL9,LA23,0.005447000087857592,0.009816276442389962
2019Q3,PL9,LA23,0.0113162252298492,0.02039346307120013
2019Q4,PL9,LA23,0.002954492133360249,0.005324419140837164
2020Q3,PL9,LA23,0.0031016931713322856,0.005589696551895291
2020Q4,PL9,LA23,0.002923760055113702,0.0052690355221752605
2021Q2,PL9,LA23,0.003278783763212517,0.0059088392317564456
2021Q3,PL9,LA23,0.013323639766488845,0.024011112365910785
2021Q4,PL9,LA23,0.004425419267502734,0.007975241087314166
2022Q1,PL9,LA23,0.0013890417924960082,0.002503252800668979
2022Q2,PL9,LA23,0.005696668133455843,0.010266214117237256
2022Q3,PL9,LA23,0.005034925445990383,0.009073658756650515
2022Q4,PL9,LA23,0.0028840410505914025,0.005197456171685331
2023Q2,PL9,LA23,0.0034202074914358557,0.006163705100925128
2019Q1,PO1,LA23,0.0014451479096129686,0.005873627975505338
2019Q2,PO1,LA23,0.007741646518123873,0.03146498103263619
2019Q3,PO1,LA23,0.006245692418845426,0.025384857476323543
2019Q4,PO1,LA23,0.0039036800630928,0.015866033001525063
2020Q1,PO1,LA23,0.000936908120137206,0.003807949143689939
2020Q3,PO1,LA23,0.005132012202522689,0.020858439639887733
2020Q4,PO1,LA23,0.0026248085732288678,0.01066821531796857
2021Q2,PO1,LA23,0.0018602430180353496,0.007560731575840673
2021Q3,PO1,LA23,0.00602366438900829,0.024482451543530827
2021Q4,PO1,LA23,0.004154597887053444,0.016885857990070953
2022Q2,PO1,LA23,0.004822674376159579,0.01960117365436313
2022Q3,PO1,LA23,0.0022232511084813566,0.009036133824423977
2022Q4,PO1,LA23,0.0006568158735395204,0.002669548261403155
2023Q1,PO1,LA23,0.0013424859626383575,0.005456370973811021
2023Q2,PO1,LA23,0.0024672666909888482,0.010027905491767759
2023Q3,PO1,LA23,0.003088575157465239,0.012553138214203341
2020Q3,PO10,LA23,0.0238511474326606,0.004849609449253974
2021Q2,PO10,LA23,0.032702606446492914,0.006649360148643155
2021Q3,PO10,LA23,0.08597208925655775,0.017480545018131215
2021Q4,PO10,LA23,0.03764785956015858,0.007654869267091063
2022Q3,PO10,LA23,0.007159540245239417,0.0014557360027921324
2023Q1,PO10,LA23,0.01396241917797386,0.002838952724229318
2023Q2,PO10,LA23,0.045287808013966514,0.009208285777470966
2023Q3,PO10,LA23,0.02639115915272344,0.0053660653083949395
2019Q2,PO11,LA23,0.012530946530334087,0.0059436889761363895
2019Q3,PO11,LA23,0.013384421576235123,0.0063485099694627605
2020Q3,PO11,LA23,0.02008829352545492,0.009528296085822908
2021Q2,PO11,LA23,0.004916284547312057,0.002331896173738545
2021Q3,PO11,LA23,0.006736797580567294,0.0031954034291943128
2021Q4,PO11,LA23,0.019665138189248227,0.00932758469495418
2022Q2,PO11,LA23,0.02349274283339451,0.011143097311925991
2022Q3,PO11,LA23,0.010554951349049012,0.0050064332989637255
2023Q2,PO11,LA23,0.020799243268995272,0.009865514359242123
2023Q3,PO11,LA23,0.06225901534158665,0.029530747917175026
2019Q3,PO12,LA23,0.00859113587381765,0.022805253368465308
2019Q4,PO12,LA23,0.0029123219283680372,0.007730786760034926
2020Q3,PO12,LA23,0.013314565066132416,0.035343641898325284
2020Q4,PO12,LA23,0.002218009214770125,0.0058877269384806285
2021Q2,PO12,LA23,0.004969112008863868,0.013190555945434862
2021Q3,PO12,LA23,0.017129294687969226,0.045469878619048894
2021Q4,PO12,LA23,0.007589610689282118,0.020146695067945457
2022Q2,PO12,LA23,0.005116412748542088,0.013581567185282872
2022Q3,PO12,LA23,0.012653781792354006,0.03358958629945087
2022Q4,PO12,LA23,0.003286184715502514,0.008723209148746797
2023Q1,PO12,LA23,0.0023446366442753104,0.006223860676286361
2023Q2,PO12,LA23,0.012301545630090928,0.032654571995879414
2023Q3,PO12,LA23,0.009269351187794662,0.024605582486848347
2019Q2,PO13,LA23,0.0035947672800200016,0.007185771463072222
2019Q3,PO13,LA23,0.005528385673364966,0.011050984087154105
2019Q4,PO13,LA23,0.004021357663886338,0.008038505664767385
2020Q3,PO13,LA23,0.008297208285283577,0.016585730834632884
2021Q2,PO13,LA23,0.007189100518611616,0.014370675297653656
2021Q3,PO13,LA23,0.012622141758207577,0.025231070326331543
2021Q4,PO13,LA23,0.0034741399330474533,0.0069446430450076655
2022Q2,PO13,LA23,0.004027434243883756,0.008050652463638402
2022Q3,PO13,LA23,0.009009831970456931,0.018010232211756686
2022Q4,PO13,LA23,0.0013722943160835019,0.002743152078371586
2023Q1,PO13,LA23,0.0023584002712596893,0.004714331707065433
2023Q2,PO13,LA23,0.008049587650388804,0.016090748780638896
2023Q3,PO13,LA23,0.011080932986243472,0.02215026616029535
2019Q1,PO14,LA23,0.002814529793756224,0.004421723998547514
2019Q2,PO14,LA23,0.012161211564044427,0.019105685483749517
2019Q3,PO14,LA23,0.008365811970197836,0.013142980983190042
2019Q4,PO14,LA23,0.005166537113392981,0.008116809136060912
2020Q3,PO14,LA23,0.007145903191940655,0.011226461949415777
2020Q4,PO14,LA23,0.002984719655377496,0.004689098178458378
2021Q2,PO14,LA23,0.012494043656863529,0.019628576254197148
2021Q3,PO14,LA23,0.025418992579914174,0.039934119638330864
2021Q4,PO14,LA23,0.006698568022941529,0.0105236828718783
2022Q2,PO14,LA23,0.017041721097670992,0.026773135363956986
2022Q4,PO14,LA23,0.005345149026035534,0.008397414650456276
2023Q2,PO14,LA23,0.006750803148128154,0.010605746066631906
2023Q3,PO14,LA23,0.010075396283244184,0.015828797278795454
2019Q1,PO15,LA23,0.002345351945492287,0.0035783891055025455
2019Q2,PO15,LA23,0.005538152546145784,0.008449761569400426
2019Q3,PO15,LA23,0.01081055034990248,0.01649405142410639
2019Q4,PO15,LA23,0.004858317037173984,0.007412511708664559
2020Q1,PO15,LA23,0.004418741254292175,0.006741834885286203
2020Q3,PO15,LA23,0.016581333072650983,0.02529874534861293
2020Q4,PO15,LA23,0.005855039486651461,0.008933247545891485
2021Q2,PO15,LA23,0.007094864972586858,0.010824894562929857
2021Q3,PO15,LA23,0.018541937736856355,0.028290111477723836
2022Q2,PO15,LA23,0.01394980193862665,0.021283722205121827
2022Q3,PO15,LA23,0.009149298878933886,0.013959419393020615
2022Q4,PO15,LA23,0.005119522482974386,0.007811042395432725
2023Q1,PO15,LA23,0.0032289106423261933,0.004926466873062856
2023Q2,PO15,LA23,0.008766873634447449,0.013375939232966351
2023Q3,PO15,LA23,0.009094991650906444,0.013876560872150456
2019Q1,PO16,LA23,0.002474060688382159,0.007784290516966792
2019Q2,PO16,LA23,0.005709392031350611,0.017963814087499582
2019Q3,PO16,LA23,0.009985220052929688,0.03141711686089444
2019Q4,PO16,LA23,0.005197726600445684,0.01635392942284429
2020Q1,PO16,LA23,0.0017472595454440007,0.0054975110247491715
2020Q3,PO16,LA23,0.005419756214808542,0.017052514962676294
2020Q4,PO16,LA23,0.005372211268408547,0.016902921350389767
2021Q2,PO16,LA23,0.006496239063579821,0.02043951968358607
2021Q3,PO16,LA23,0.008593869705089905,0.02703942500825436
2021Q4,PO16,LA23,0.003428544445593469,0.010787441933077551
2022Q1,PO16,LA23,0.002608009210646814,0.008205741056366579
2022Q2,PO16,LA23,0.008854711989568565,0.027860129258164643
2022Q3,PO16,LA23,0.004763962265865544,0.014989149806836329
2022Q4,PO16,LA23,0.0007312362201035514,0.002300733850444445
2023Q1,PO16,LA23,0.0011168121773995976,0.003513895387687377
2023Q2,PO16,LA23,0.006745614490516867,0.02122414504875445
2023Q3,PO16,LA23,0.008227711572688977,0.025887358977237686
2020Q3,PO17,LA23,0.024862584922431846,0.005387032996922292
2022Q3,PO17,LA23,0.03423439827616369,0.007417645177235048
2023Q3,PO17,LA23,0.036261593082071504,0.00785688210069597
2020Q3,PO18,LA23,0.012528571922423043,0.004522585810601504
2021Q3,PO18,LA23,0.032216041666643415,0.011629403081012108
2021Q4,PO18,LA23,0.004944650845691638,0.0017849287126715696
2022Q2,PO18,LA23,0.010233005699614606,0.003693928299525681
2022Q3,PO18,LA23,0.037683659391992384,0.013603113292804085
2023Q3,PO18,LA23,0.04450746583513528,0.016066382880522628
2019Q1,PO19,LA23,0.003037580837858157,0.012341219955328615
2019Q2,PO19,LA23,0.010526385287485509,0.0427670712654989
2019Q3,PO19,LA23,0.014850687852581484,0.06033604208731616
2019Q4,PO19,LA23,0.004047770576277261,0.01644546422862232
2020Q1,PO19,LA23,0.0015055590955693572,0.0061168531624226285
2020Q3,PO19,LA23,0.01054014159274047,0.04282296100078043
2020Q4,PO19,LA23,0.004679884370140496,0.019013644561351857
2021Q2,PO19,LA23,0.005241170098137299,0.021294061444637042
2021Q3,PO19,LA23,0.01169024345524045,0.04749564654028809
2021Q4,PO19,LA23,0.005660817490397686,0.02299902373140774
2022Q1,PO19,LA23,0.0019621865684504593,0.007972059782847945
2022Q2,PO19,LA23,0.003287863731914817,0.013358080546530987
2022Q3,PO19,LA23,0.005330986492214657,0.02165897152738721
2022Q4,PO19,LA23,0.0014501245666311822,0.005891631266689169
2023Q1,PO19,LA23,0.0017866290634825312,0.007258796861046793
2023Q2,PO19,LA23,0.0060875476892447156,0.02473276236312288
2023Q3,PO19,LA23,0.0033492777156598065,0.013607596040006484
2019Q1,PO2,LA23,0.002901784982284621,0.007388218110922523
2019Q2,PO2,LA23,0.003420235717926548,0.00870824255728072
2019Q3,PO2,LA23,0.005146880844685385,0.013104443817724252
2019Q4,PO2,LA23,0.0052532857801320795,0.013375360813972495
2020Q3,PO2,LA23,0.007962508214441244,0.02027329652522613
2020Q4,PO2,LA23,0.0020938230865468702,0.005331070959266529
2021Q2,PO2,LA23,0.004235183366031495,0.01078317609299785
2021Q3,PO2,LA23,0.013447204141078558,0.03423784938681723
2021Q4,PO2,LA23,0.0039696679813433205,0.010107148893926306
2022Q1,PO2,LA23,0.00305101314768958,0.0077681670875130015
2022Q2,PO2,LA23,0.014617232470482003,0.03721685180993442
2022Q3,PO2,LA23,0.010115341030333786,0.025754611818147272
2022Q4,PO2,LA23,0.0016578951004133753,0.004221157212427253
2023Q2,PO2,LA23,0.0077623351720169705,0.019763637089262997
2023Q3,PO2,LA23,0.007927721439441992,0.020184726116791618
2019Q3,PO20,LA23,0.003983981548841644,0.0034115875281487424
2020Q3,PO20,LA23,0.008581961483254475,0.007348957921714411
2021Q2,PO20,LA23,0.006291372621571208,0.005387466811167686
2021Q3,PO20,LA23,0.012000409315573043,0.010276264147255541
2021Q4,PO20,LA23,0.017667398265348466,0.015129054900975731
2022Q3,PO20,LA23,0.012024303917211746,0.010296725719163268
2023Q2,PO20,LA23,0.007609290773438733,0.006516034570558884
2023Q3,PO20,LA23,0.019005073791009127,0.016274541415937278
2019Q3,PO21,LA23,0.009389166016051907,0.010877964505616329
2020Q3,PO21,LA23,0.0058883939584620775,0.0068220905206840005
2020Q4,PO21,LA23,0.0032054630627147067,0.003713739150065317
2021Q2,PO21,LA23,0.0047049737408337965,0.005451020598117835
2021Q3,PO21,LA23,0.010983410222112766,0.0127250009577534
2021Q4,PO21,LA23,0.009114763300399769,0.010560050966117123
2022Q2,PO21,LA23,0.010486090403820316,0.012148823337496594
2022Q3,PO21,LA23,0.0030709139940437906,0.003557855231220585
2023Q2,PO21,LA23,0.00582399013709455,0.006747474470476318
2023Q3,PO21,LA23,0.010533332354183895,0.01220355623479041
2019Q1,PO22,LA23,0.002324895790334805,0.0077058424409248
2019Q2,PO22,LA23,0.006918298101004833,0.02293062568538403
2019Q3,PO22,LA23,0.004741585022897171,0.015715933272618908
2019Q4,PO22,LA23,0.0029781169470611065,0.009870937037309542
2020Q1,PO22,LA23,0.0025208294163062733,0.008355262366278874
2020Q3,PO22,LA23,0.002870224749994208,0.009513329494356829
2020Q4,PO22,LA23,0.0015625608508085384,0.005179091368630339
2021Q2,PO22,LA23,0.0067124172769212525,0.022248235877380045
2021Q3,PO22,LA23,0.008490435311399373,0.028141457796302328
2021Q4,PO22,LA23,0.0055696020096067025,0.018460386793726673
2022Q1,PO22,LA23,0.0021804650914306533,0.007227128421133069
2022Q2,PO22,LA23,0.0016931178260300086,0.005611821078410359
2022Q3,PO22,LA23,0.003142987392963173,0.010417398381756893
2022Q4,PO22,LA23,0.003014437308588884,0.009991320490406241
2023Q1,PO22,LA23,0.004226904776719165,0.01401003105498319
2023Q2,PO22,LA23,0.001882136404191084,0.00623832115113281
2023Q3,PO22,LA23,0.001633630963635865,0.005414652503879012
2019Q3,PO3,LA23,0.007138682975893356,0.007107757201275623
2020Q3,PO3,LA23,0.013210332325682743,0.013153103315582556
2020Q4,PO3,LA23,0.004402766350257503,0.00438369294970135
2021Q2,PO3,LA23,0.014113759938474324,0.014052617153405986
2021Q3,PO3,LA23,0.04431261245785148,0.04412064401350086
2021Q4,PO3,LA23,0.02078900146875753,0.020698940602331385
2022Q2,PO3,LA23,0.008435404049892174,0.008398860697940923
2022Q3,PO3,LA23,0.025174267131394847,0.025065208679842764
2022Q4,PO3,LA23,0.008089384230347772,0.008054339884724248
2023Q2,PO3,LA23,0.0015629348533167124,0.0015561640006007287
2023Q3,PO3,LA23,0.0021295650006210053,0.00212033942673498
2019Q1,PO30,LA23,0.003283422895852789,0.013334365367782808
2019Q2,PO30,LA23,0.004367446500476266,0.01773671233003608
2019Q3,PO30,LA23,0.008647904771216124,0.035120155259573384
2019Q4,PO30,LA23,0.003025912098696141,0.012288583826887536
2020Q1,PO30,LA23,0.0014785506555769687,0.006004567575239944
2020Q3,PO30,LA23,0.0055381556741923655,0.02249109955242618
2021Q2,PO30,LA23,0.0023443737396008964,0.009520776638902755
2021Q3,PO30,LA23,0.001649429294342836,0.006698525763121085
2021Q4,PO30,LA23,0.0020263486172551275,0.008229239327992062
2022Q2,PO30,LA23,0.0008215100050607848,0.003336248454198737
2022Q3,PO30,LA23,0.0008169344882694923,0.0033176667440210487
2022Q4,PO30,LA23,0.001495303812388667,0.006072604109392492
2023Q2,PO30,LA23,0.0016599155954715185,0.0067411118615438815
2019Q2,PO31,LA23,0.016067011368242533,0.006157559399115386
2019Q3,PO31,LA23,0.012869041454862713,0.004931961853504507
2020Q3,PO31,LA23,0.024415012707228068,0.009356867156518242
2020Q4,PO31,LA23,0.014013073639084009,0.005370403450848875
2021Q2,PO31,LA23,0.02008206627335429,0.007696298527526142
2021Q3,PO31,LA23,0.06995764352899682,0.02681073259855776
2021Q4,PO31,LA23,0.032739808907912275,0.012547281721890529
2022Q2,PO31,LA23,0.02063446176072236,0.007907999879278172
2022Q3,PO31,LA23,0.02474573309293716,0.009483613218547376
2023Q2,PO31,LA23,0.00765637502180953,0.0029342472534674238
2021Q3,PO32,LA23,0.03062201653471905,0.013114204638245608
2021Q4,PO32,LA23,0.026987825731287787,0.01155782373052218
2022Q2,PO32,LA23,0.014932327138859275,0.006394928093719865
2022Q3,PO32,LA23,0.011808165621740654,0.005056972658552069
2022Q4,PO32,LA23,0.013408992398574958,0.005742543771022268
2023Q2,PO32,LA23,0.010574202015762809,0.004528514605288549
2023Q3,PO32,LA23,0.010821366158484324,0.004634365281164564
2019Q1,PO33,LA23,0.002456153792365254,0.0044017685432594135
2019Q2,PO33,LA23,0.005521464386815314,0.00989523063505158
2019Q3,PO33,LA23,0.005942496268831146,0.010649778212539346
2019Q4,PO33,LA23,0.007546137154059898,0.013523725285897074
2020Q3,PO33,LA23,0.0067929919668740495,0.01217398456372942
2021Q2,PO33,LA23,0.007913269209094784,0.014181676891410554
2021Q3,PO33,LA23,0.013337383085053046,0.023902441897439716
2021Q4,PO33,LA23,0.004983474721552656,0.008931078474664518
2022Q1,PO33,LA23,0.002113510655726652,0.0037877044789049103
2022Q2,PO33,LA23,0.006193517768438514,0.01109964358501241
2022Q3,PO33,LA23,0.014841414185239916,0.026597874408818008
2023Q1,PO33,LA23,0.0004870349635583665,0.0008728342617317287
2023Q2,PO33,LA23,0.00605937336371423,0.010859238190690177
2023Q3,PO33,LA23,0.01353902330604913,0.0242638091638525
2019Q2,PO36,LA23,0.002334640594811994,0.0015871817191463642
2019Q3,PO36,LA23,0.006160975294162664,0.0041884765392742745
2021Q3,PO36,LA23,0.005564659249378096,0.003783077126954046
2020Q3,PO4,LA23,0.006465628194512125,0.0026503881322316085
2021Q2,PO4,LA23,0.015365149054983625,0.006298476726494043
2021Q3,PO4,LA23,0.02538151956839046,0.010404383954395087
2021Q4,PO4,LA23,0.004933752130749739,0.002022442012024513
2022Q3,PO4,LA23,0.01041111301550243,0.004267719941432821
2023Q3,PO4,LA23,0.010768462572806128,0.004414204551627361
2019Q1,PO5,LA23,0.0035359383850184453,0.00452692395305544
2019Q2,PO5,LA23,0.016098851700955312,0.02061073170576804
2019Q3,PO5,LA23,0.005593199305454981,0.007160754841587863
2020Q1,PO5,LA23,0.004882521491060192,0.006250901764249222
2020Q3,PO5,LA23,0.013291098292002222,0.01701607456606324
2020Q4,PO5,LA23,0.006389775161465668,0.008180579830133755
2021Q2,PO5,LA23,0.006000833798803804,0.0076826333787962464
2021Q3,PO5,LA23,0.016829803938058916,0.021546541335456058
2021Q4,PO5,LA23,0.0069588143904740826,0.008909098552897914
2022Q1,PO5,LA23,0.006663112782386741,0.008530523321417849
2022Q2,PO5,LA23,0.012730982067974291,0.016298979618427783
2022Q3,PO5,LA23,0.012006976220823844,0.015372063180770326
2023Q2,PO5,LA23,0.004815090681270986,0.006164572729415915
2023Q3,PO5,LA23,0.007731162593721312,0.009897905822898172
2019Q1,PO6,LA23,0.0010924049661977652,0.0032592464256413906
2019Q2,PO6,LA23,0.00646137253931802,0.0192778374367965
2019Q3,PO6,LA23,0.009626991429451741,0.02872262428038116
2019Q4,PO6,LA23,0.0013224793428134444,0.003945685166602378
2020Q1,PO6,LA23,0.003001387370192236,0.008954793653412695
2020Q3,PO6,LA23,0.007009392546984647,0.020912883327684616
2020Q4,PO6,LA23,0.0012201890601407266,0.003640496844968048
2021Q2,PO6,LA23,0.005876444666095707,0.01753267502995267
2021Q3,PO6,LA23,0.014853755880391587,0.044316944959541416
2021Q4,PO6,LA23,0.005370809331348905,0.016024085991596763
2022Q1,PO6,LA23,0.005303415520376899,0.01582301308885687
2022Q2,PO6,LA23,0.007852748180079472,0.02342907825334117
2022Q3,PO6,LA23,0.0045989187642578346,0.013721110767551116
2022Q4,PO6,LA23,0.0021113092388759017,0.0062991997502363645
2023Q2,PO6,LA23,0.0018294475289099266,0.0054582508355410595
2023Q3,PO6,LA23,0.002423511492292775,0.007230671237470449
2019Q1,PO7,LA23,0.002429618132382846,0.011068770471215236
2019Q2,PO7,LA23,0.006018800045707754,0.02742024161333563
2019Q3,PO7,LA23,0.005814705139558147,0.026490433080708888
2019Q4,PO7,LA23,0.0030964180920932467,0.014106554724583244
2020Q1,PO7,LA23,0.002185656476291729,0.009957338374517082
2020Q3,PO7,LA23,0.004592198870452062,0.020920981193598632
2020Q4,PO7,LA23,0.002336696229155323,0.010645440070085409
2021Q2,PO7,LA23,0.005607404388070886,0.02554601946848723
2021Q3,PO7,LA23,0.015715752148121032,0.07159728147873765
2021Q4,PO7,LA23,0.0016081281998699395,0.007326254976205484
2022Q1,PO7,LA23,0.0015346794264904384,0.006991639588258629
2022Q2,PO7,LA23,0.006574046109980706,0.029949812478225143
2022Q3,PO7,LA23,0.006780648558523132,0.030891044785980582
2023Q1,PO7,LA23,0.002594830260922303,0.011821438186972968
2023Q2,PO7,LA23,0.007362017501141516,0.03353962535885638
2023Q3,PO7,LA23,0.009161766377282868,0.041738859201542064
2020Q3,PO8,LA23,0.014437278178316347,0.0028411217954562857
2021Q3,PO8,LA23,0.02568950063636741,0.005055454308693191
2023Q2,PO8,LA23,0.03968001128026888,0.00780865641708306
2023Q3,PO8,LA23,0.015778315596584696,0.0031050254614040005
2019Q2,PO9,LA23,0.00754199336090033,0.03362226697260385
2019Q3,PO9,LA23,0.01133899646760082,0.05054933731598719
2019Q4,PO9,LA23,0.002560517961144934,0.011414809634290788
2020Q1,PO9,LA23,0.0006920612500951092,0.003085214610864364
2020Q3,PO9,LA23,0.008993325484028708,0.04009231723315102
2020Q4,PO9,LA23,0.0012016639437099398,0.005357027511615908
2021Q2,PO9,LA23,0.003268246319289817,0.01456986833866351
2021Q3,PO9,LA23,0.011262169251418857,0.05020684096924902
2021Q4,PO9,LA23,0.0026012264924129783,0.011596288593613738
2022Q1,PO9,LA23,0.0010397867124006363,0.004635377514403815
2022Q2,PO9,LA23,0.0032395557249419397,0.014441965438646657
2022Q3,PO9,LA23,0.004430126188417879,0.019749538126287703
2022Q4,PO9,LA23,0.002555992988944223,0.011394637271879992
2023Q2,PO9,LA23,0.005712266519439387,0.025465330018844042
2023Q3,PO9,LA23,0.0028853104102181844,0.012862736980665838
2019Q1,PR1,LA23,0.08911200915061791,0.5628240224574761
2019Q2,PR1,LA23,0.11004058303137604,0.6950071507265023
2019Q3,PR1,LA23,0.10368811288176932,0.6548854787294129
2019Q4,PR1,LA23,0.0910908262399392,0.5753220662625145
2020Q1,PR1,LA23,0.08166690703773866,0.5158013780494154
2020Q2,PR1,LA23,0.007499718829103857,0.04736759903552277
2020Q3,PR1,LA23,0.10621884385132964,0.6708693646009366
2020Q4,PR1,LA23,0.049194538978785125,0.3107086079069619
2021Q1,PR1,LA23,0.002804043503591404,0.01771010505631861
2021Q2,PR1,LA23,0.07099934998173557,0.4484259768068473
2021Q3,PR1,LA23,0.0983338316208484,0.621068284555879
2021Q4,PR1,LA23,0.0949031669031086,0.5994004921388355
2022Q1,PR1,LA23,0.07343109316148368,0.4637846640483847
2022Q2,PR1,LA23,0.09025764371211302,0.5700597548611429
2022Q3,PR1,LA23,0.0928105029802401,0.5861834012220574
2022Q4,PR1,LA23,0.060708145716049,0.3834275884195387
2023Q1,PR1,LA23,0.06288636934067028,0.39718506728132863
2023Q2,PR1,LA23,0.08353720044862581,0.5276139953467319
2023Q3,PR1,LA23,0.07048197364768176,0.4451582710034208
2019Q1,PR2,LA23,0.12128083767871795,0.3635854309518595
2019Q2,PR2,LA23,0.12579205412481972,0.37710951774962775
2019Q3,PR2,LA23,0.14552253933854473,0.4362591501781669
2019Q4,PR2,LA23,0.12784303459825982,0.3832581116543383
2020Q1,PR2,LA23,0.08894063317086713,0.2666333697844789
2020Q2,PR2,LA23,0.00891030908904002,0.026712039857730737
2020Q3,PR2,LA23,0.12160570488211918,0.3645593439327679
2020Q4,PR2,LA23,0.06652896852120219,0.19944588241254047
2021Q1,PR2,LA23,0.0029977742228031678,0.008986968209946048
2021Q2,PR2,LA23,0.08046193681175047,0.2412152532160085
2021Q3,PR2,LA23,0.09437119727297856,0.2829135507856063
2021Q4,PR2,LA23,0.07466186339833172,0.22382732753926884
2022Q1,PR2,LA23,0.08740230134445717,0.262021635146449
2022Q2,PR2,LA23,0.07048721130438021,0.21131222037391165
2022Q3,PR2,LA23,0.06845525980076074,0.20522067304247035
2022Q4,PR2,LA23,0.06498530665381587,0.19481816894980528
2023Q1,PR2,LA23,0.09898870100678553,0.2967562741466161
2023Q2,PR2,LA23,0.14435634566718158,0.4327630411745407
2023Q3,PR2,LA23,0.12897418505904076,0.3866491653082051
2019Q1,PR25,LA23,0.07307173656604493,0.18548573999577755
2019Q2,PR25,LA23,0.09796666277356142,0.24867917191275224
2019Q3,PR25,LA23,0.12570286268665332,0.3190849102641424
2019Q4,PR25,LA23,0.11637361715164422,0.29540349672473065
2020Q1,PR25,LA23,0.14560097875607345,0.3695944089719276
2020Q2,PR25,LA23,0.011270985748566508,0.028610338693198473
2020Q3,PR25,LA23,0.20155184232941276,0.5116204209570613
2020Q4,PR25,LA23,0.05548385014326655,0.14084054225722167
2021Q1,PR25,LA23,0.0032195329365686714,0.008172481964219745
2021Q2,PR25,LA23,0.10264836132487473,0.26056322395581033
2021Q3,PR25,LA23,0.08975476310552555,0.22783403590972326
2021Q4,PR25,LA23,0.08387892750600726,0.21291877912935225
2022Q1,PR25,LA23,0.08163717189485555,0.2072282930677772
2022Q2,PR25,LA23,0.07385614025296691,0.18747687507975944
2022Q3,PR25,LA23,0.06639264128480668,0.16853148395968287
2022Q4,PR25,LA23,0.047182056941118114,0.11976721996111572
2023Q1,PR25,LA23,0.05858463588600909,0.14871159562326716
2023Q2,PR25,LA23,0.08793547292465187,0.22321593866276093
2023Q3,PR25,LA23,0.07603728324035705,0.1930135016889683
2019Q1,PR26,LA23,0.09711402265331552,0.03707260857334108
2019Q2,PR26,LA23,0.16687234805052212,0.0637023683291955
2019Q3,PR26,LA23,0.12827307341312466,0.048967361367785546
2019Q4,PR26,LA23,0.195369941540574,0.07458112816092839
2020Q1,PR26,LA23,0.1326292872762342,0.050630315975127314
2020Q2,PR26,LA23,0.011455706056361727,0.004373136803063443
2020Q3,PR26,LA23,0.5298926953176902,0.2022828829726655
2020Q4,PR26,LA23,0.2190762679830136,0.08363085483170804
2021Q1,PR26,LA23,0.019315641669630613,0.007373613031327607
2021Q2,PR26,LA23,0.5613464534153688,0.21429013826141532
2021Q3,PR26,LA23,0.9301910586175144,0.3550940232149013
2021Q4,PR26,LA23,0.5925570211391242,0.226204557301651
2022Q1,PR26,LA23,0.43539277978344587,0.16620819176847795
2022Q2,PR26,LA23,0.5967323574266133,0.22779846314160096
2022Q3,PR26,LA23,0.4962337460022645,0.1894338111407296
2022Q4,PR26,LA23,0.4340056097689496,0.16567864917960096
2023Q1,PR26,LA23,0.16346029619209088,0.062399841057401526
2023Q2,PR26,LA23,0.2474865477952005,0.09447628326891984
2023Q3,PR26,LA23,0.19474927576538228,0.0743441932805693
2019Q1,PR3,LA23,0.2533840682252302,0.3173510270276788
2019Q2,PR3,LA23,0.2442117822463925,0.30586319199541345
2019Q3,PR3,LA23,0.4036633083297851,0.5055683507219507
2020Q1,PR3,LA23,0.2036485214185774,0.2550597118339999
2020Q3,PR3,LA23,0.3864527016898993,0.4840129161944641
2020Q4,PR3,LA23,0.2104865464584129,0.2636240003641842
2021Q1,PR3,LA23,0.0186029079958115,0.023299223189220047
2021Q2,PR3,LA23,0.3150201027596091,0.39454711515746504
2021Q3,PR3,LA23,0.3486735817441467,0.4366964349375235
2021Q4,PR3,LA23,0.31079672706932937,0.3892575457610078
2022Q1,PR3,LA23,0.26972147019185405,0.3378128158425284
2022Q2,PR3,LA23,0.2780047338271618,0.3481871943116171
2022Q3,PR3,LA23,0.2889749809027034,0.3619268867893459
2022Q4,PR3,LA23,0.2912583828362088,0.3647867348997284
2023Q1,PR3,LA23,0.17950931337151851,0.22482654635115853
2023Q2,PR3,LA23,0.2253870227657637,0.2822861107820188
2023Q3,PR3,LA23,0.2343305875416751,0.293487483807576
2019Q1,PR4,LA23,0.13449154225094975,0.28744958483781496
2019Q2,PR4,LA23,0.1825039652465804,0.39006682623578937
2019Q3,PR4,LA23,0.1627483859134314,0.34784310731264584
2019Q4,PR4,LA23,0.13960685397332098,0.2983825714502221
2020Q1,PR4,LA23,0.11838216003631033,0.2530189050189204
2020Q2,PR4,LA23,0.023012813577125854,0.04918542532847001
2020Q3,PR4,LA23,0.2809015591957226,0.6003725975603881
2020Q4,PR4,LA23,0.1494681352138412,0.3194591473531685
2021Q1,PR4,LA23,0.009313898367602136,0.019906651185494385
2021Q2,PR4,LA23,0.1976047773497817,0.4223418830693237
2021Q3,PR4,LA23,0.2885650885602853,0.6167519051165878
2021Q4,PR4,LA23,0.15799182799906314,0.3376768873789718
2022Q1,PR4,LA23,0.17796039309130565,0.3803558220502816
2022Q2,PR4,LA23,0.1882782608614455,0.4024082630982407
2022Q3,PR4,LA23,0.1518605714995165,0.3245725158636217
2022Q4,PR4,LA23,0.12919071370791954,0.2761200920051182
2023Q1,PR4,LA23,0.09344212303231696,0.19971441343043905
2023Q2,PR4,LA23,0.1274253269823709,0.272346920303434
2023Q3,PR4,LA23,0.10541949356581316,0.22531371974873546
2019Q1,PR5,LA23,0.09843901443607732,0.27764494907767645
2019Q2,PR5,LA23,0.12555810154527625,0.3541337030803485
2019Q3,PR5,LA23,0.13522455116995574,0.3813976992629683
2019Q4,PR5,LA23,0.11487830803168216,0.32401159404432794
2020Q1,PR5,LA23,0.09768745318803286,0.2755251880699353
2020Q3,PR5,LA23,0.1946309843002676,0.5489521612396507
2020Q4,PR5,LA23,0.08594017507483896,0.24239226356613536
2021Q1,PR5,LA23,0.005389615463413529,0.01520128497283375
2021Q2,PR5,LA23,0.14334545269429247,0.4043025130007514
2021Q3,PR5,LA23,0.19207739871589272,0.5417498325328793
2021Q4,PR5,LA23,0.1630605156344164,0.4599083891610453
2022Q1,PR5,LA23,0.13820357199795386,0.3897999581724981
2022Q2,PR5,LA23,0.14301871145452255,0.4033809469387871
2022Q3,PR5,LA23,0.15379012376545992,0.4337614646603138
2022Q4,PR5,LA23,0.110828495714085,0.31258919266074275
2023Q1,PR5,LA23,0.06379993129457424,0.17994622129159946
2023Q2,PR5,LA23,0.08821036787672074,0.2487952895257692
2023Q3,PR5,LA23,0.0742492679004693,0.2094183319832721
2019Q1,PR6,LA23,0.13020768910434624,0.15842990234857246
2019Q2,PR6,LA23,0.12356120597650325,0.150342809488321
2019Q3,PR6,LA23,0.17578700294551153,0.21388842627018095
2019Q4,PR6,LA23,0.1344256872613916,0.1635621417787003
2020Q1,PR6,LA23,0.1203851840346614,0.14647839219035566
2020Q2,PR6,LA23,0.015332589387174156,0.018655892413650683
2020Q3,PR6,LA23,0.26858724083150404,0.3268028995039382
2020Q4,PR6,LA23,0.13711925668591166,0.16683953610027394
2021Q2,PR6,LA23,0.19237549009763155,0.2340724293632303
2021Q3,PR6,LA23,0.23154541719525165,0.28173234689777404
2021Q4,PR6,LA23,0.1773555827089975,0.21579699204278968
2022Q1,PR6,LA23,0.19425324592314802,0.23635718438896935
2022Q2,PR6,LA23,0.16306871316414734,0.19841347681087812
2022Q3,PR6,LA23,0.17304381560598175,0.21055065946612336
2022Q4,PR6,LA23,0.11138871326024567,0.13553195733634138
2023Q1,PR6,LA23,0.11185084323034193,0.1360942529007456
2023Q2,PR6,LA23,0.13474437094785502,0.16394989941170784
2023Q3,PR6,LA23,0.12064111739986708,0.14678979851617396
2019Q1,PR7,LA23,0.09539204955007724,0.41523615033452654
2019Q2,PR7,LA23,0.11848351804943914,0.5157519955278147
2019Q3,PR7,LA23,0.11934683931033972,0.5195099837309102
2019Q4,PR7,LA23,0.11792595363344124,0.5133249494295866
2020Q1,PR7,LA23,0.08022843348068795,0.3492297945480461
2020Q2,PR7,LA23,0.009065836619345027,0.03946306967020775
2020Q3,PR7,LA23,0.13239299621278922,0.5762991605478891
2020Q4,PR7,LA23,0.061088284207759476,0.2659138165561195
2021Q1,PR7,LA23,0.0029998487056514737,0.013058170298215613
2021Q2,PR7,LA23,0.08472515860451503,0.3688037825096979
2021Q3,PR7,LA23,0.09476219842237696,0.4124944443036396
2021Q4,PR7,LA23,0.08959487784552662,0.3900013925871091
2022Q1,PR7,LA23,0.06555846655463338,0.2853722653237482
2022Q2,PR7,LA23,0.07288360859379035,0.31725819077916456
2022Q3,PR7,LA23,0.06265580294782616,0.2727371362171655
2022Q4,PR7,LA23,0.05057194628491552,0.22013679745133208
2023Q1,PR7,LA23,0.06730127060457929,0.2929585919400671
2023Q2,PR7,LA23,0.10386271671774094,0.4521084813312443
2023Q3,PR7,LA23,0.0813079172567755,0.3539287258494001
2019Q1,PR8,LA23,0.062519639563766,0.22373803410709198
2019Q2,PR8,LA23,0.09210222546805176,0.3296047611101864
2019Q3,PR8,LA23,0.1049438892265494,0.3755610178006956
2019Q4,PR8,LA23,0.0846426648379052,0.3029093507985291
2020Q1,PR8,LA23,0.07305956542711002,0.26145709820844365
2020Q2,PR8,LA23,0.0033688325295100252,0.012055987088982386
2020Q3,PR8,LA23,0.10344704337634586,0.3702042794985767
2020Q4,PR8,LA23,0.04755017088069576,0.1701670359671906
2021Q1,PR8,LA23,0.001566588748849778,0.005606326097968708
2021Q2,PR8,LA23,0.09281890850503847,0.33216954323132697
2021Q3,PR8,LA23,0.13140111643434538,0.4702430736266805
2021Q4,PR8,LA23,0.0970561330593494,0.34733323096956
2022Q1,PR8,LA23,0.08618747408364354,0.3084377349370754
2022Q2,PR8,LA23,0.08583374909247947,0.3071718649690172
2022Q3,PR8,LA23,0.09052294884540424,0.32395302912119983
2022Q4,PR8,LA23,0.07685317908177566,0.2750332427156591
2023Q1,PR8,LA23,0.05671526055922577,0.20296599580441185
2023Q2,PR8,LA23,0.08464525090135441,0.3029186055024308
2023Q3,PR8,LA23,0.07800129023512731,0.2791419697361552
2019Q1,PR9,LA23,0.10308136087155688,0.16367818708934306
2019Q2,PR9,LA23,0.1028726300872542,0.1633467530058624
2019Q3,PR9,LA23,0.10847138713671356,0.172236763731963
2019Q4,PR9,LA23,0.09781332190377083,0.15531330850729128
2020Q1,PR9,LA23,0.07113189048160228,0.11294708160453595
2020Q2,PR9,LA23,0.009737855717241785,0.015462296543812174
2020Q3,PR9,LA23,0.2431644424475363,0.3861097172940583
2020Q4,PR9,LA23,0.11891175126150813,0.18881454130543035
2021Q1,PR9,LA23,0.003774684953390095,0.005993649916730875
2021Q2,PR9,LA23,0.20336980913709504,0.3229216357527768
2021Q3,PR9,LA23,0.22706908599435266,0.3605526355623136
2021Q4,PR9,LA23,0.17613153461692524,0.2796712231155353
2022Q1,PR9,LA23,0.16739175264774864,0.26579372231251985
2022Q2,PR9,LA23,0.14690599185519299,0.2332653179596757
2022Q3,PR9,LA23,0.21150744104265495,0.3358430099589449
2022Q4,PR9,LA23,0.0830483054580452,0.13186861294111596
2023Q1,PR9,LA23,0.08855180404311509,0.14060736710032268
2023Q2,PR9,LA23,0.11047477464041458,0.17541785129105933
2023Q3,PR9,LA23,0.12239578861537725,0.19434668516743675
2019Q1,RG1,LA23,0.0035313045728538476,0.022142023689632875
2019Q2,RG1,LA23,0.01365358511133462,0.08561085535005822
2019Q3,RG1,LA23,0.018822154796047062,0.11801887624980564
2019Q4,RG1,LA23,0.00846969060580295,0.053106744594956116
2020Q1,RG1,LA23,0.001973315716173741,0.012373105302365038
2020Q3,RG1,LA23,0.01324698728822937,0.08306140133225483
2020Q4,RG1,LA23,0.003544023366957393,0.022221773208411046
2021Q2,RG1,LA23,0.005629905599938755,0.03530069428803132
2021Q3,RG1,LA23,0.013520401002634764,0.08477576292767572
2021Q4,RG1,LA23,0.0073792759849384765,0.046269615180431815
2022Q1,RG1,LA23,0.004637747411128955,0.029079653404340013
2022Q2,RG1,LA23,0.008156425438612556,0.05114250599418857
2022Q3,RG1,LA23,0.012633902206726852,0.07921722869907454
2022Q4,RG1,LA23,0.006404818021830344,0.040159558441187015
2023Q1,RG1,LA23,0.0030141927672568663,0.0188996237171876
2023Q2,RG1,LA23,0.01168576972588381,0.07327223828020196
2023Q3,RG1,LA23,0.010168220407663478,0.06375688431936663
2019Q2,RG10,LA23,0.011179230434291485,0.007665497716103205
2019Q3,RG10,LA23,0.018244752917884854,0.012510262906283615
2019Q4,RG10,LA23,0.012392053566296959,0.00849711962452255
2020Q3,RG10,LA23,0.00914573242518649,0.006271146429034253
2021Q2,RG10,LA23,0.010945776216393716,0.007505420259553002
2021Q3,RG10,LA23,0.010319013853618495,0.007075654947116505
2022Q2,RG10,LA23,0.01788539791580916,0.012263856414900107
2022Q3,RG10,LA23,0.01131061433469827,0.007755586474396589
2023Q3,RG10,LA23,0.008950554576347842,0.006137314734330357
2019Q1,RG12,LA23,0.002883209427719439,0.01961541722208688
2019Q2,RG12,LA23,0.010379201106721423,0.07061310156068826
2019Q3,RG12,LA23,0.010515530703210823,0.07154059641733956
2019Q4,RG12,LA23,0.0058775612720343064,0.03998697267389464
2020Q1,RG12,LA23,0.0029285250965244603,0.019923714545813195
2020Q3,RG12,LA23,0.014033839654332709,0.09547680352354572
2020Q4,RG12,LA23,0.0036715256483925204,0.024978590435512527
2021Q2,RG12,LA23,0.009485268770526696,0.06453138735214249
2021Q3,RG12,LA23,0.018123493743969304,0.12330005857085193
2021Q4,RG12,LA23,0.005628388858619083,0.038291771207645285
2022Q1,RG12,LA23,0.002030469289528526,0.013813947016065326
2022Q2,RG12,LA23,0.009549522648011491,0.06496852750675068
2022Q3,RG12,LA23,0.010564013367631206,0.0718704398485871
2022Q4,RG12,LA23,0.007086131434364455,0.0482092709739604
2023Q1,RG12,LA23,0.0021982456646281647,0.014955384598069863
2023Q2,RG12,LA23,0.008091301834673194,0.05504777413359512
2023Q3,RG12,LA23,0.007881982554001597,0.05362370657071672
2019Q1,RG14,LA23,0.005641136359159947,0.03311267983901495
2019Q2,RG14,LA23,0.012039815220038757,0.07067202799568753
2019Q3,RG14,LA23,0.01511262863337834,0.08870901208591016
2019Q4,RG14,LA23,0.006999591219155174,0.04108661948359293
2020Q1,RG14,LA23,0.0032582050686520265,0.01912520712479222
2020Q3,RG14,LA23,0.00892239990756381,0.05237323700836994
2020Q4,RG14,LA23,0.0058899141986620005,0.03457297089138371
2021Q2,RG14,LA23,0.009711512325737777,0.05700521631118484
2021Q3,RG14,LA23,0.0168333923199871,0.09880965376615557
2021Q4,RG14,LA23,0.00865315027674362,0.050792779410027175
2022Q1,RG14,LA23,0.0058917002454376526,0.03458345473564739
2022Q2,RG14,LA23,0.012840814087443772,0.07537377908963655
2022Q3,RG14,LA23,0.014916077265109075,0.08755528310028614
2022Q4,RG14,LA23,0.005996165505467207,0.0351966511715111
2023Q1,RG14,LA23,0.0013747017268716545,0.008069306476190323
2023Q2,RG14,LA23,0.009377225957155995,0.0550430021768958
2023Q3,RG14,LA23,0.0043782165253160275,0.025699517408982298
2019Q3,RG17,LA23,0.014772896904140471,0.01167639962426307
2019Q4,RG17,LA23,0.014149942318105097,0.011184020455741446
2020Q3,RG17,LA23,0.02258864430955344,0.01785391447866656
2021Q2,RG17,LA23,0.011472792697706971,0.0090680191714604
2021Q3,RG17,LA23,0.013909633698793066,0.010994082118633322
2021Q4,RG17,LA23,0.012202408817856477,0.009644702908336831
2022Q2,RG17,LA23,0.011421657365314343,0.009027602144264572
2022Q3,RG17,LA23,0.02101616423114697,0.016611036665614167
2022Q4,RG17,LA23,0.005426748584722835,0.004289266048954032
2023Q3,RG17,LA23,0.009342397785199215,0.007384169177965517
2019Q2,RG18,LA23,0.00960872517288728,0.0050135912340127185
2020Q1,RG18,LA23,0.02359737283524156,0.012312515912758412
2020Q4,RG18,LA23,0.012347978139597723,0.0064428645678358465
2021Q2,RG18,LA23,0.014795818267933419,0.007720086008648553
2021Q3,RG18,LA23,0.057715538985159576,0.03011451728672622
2021Q4,RG18,LA23,0.028475731834282494,0.01485792099760479
2022Q2,RG18,LA23,0.013849939031249613,0.007226550002139211
2022Q3,RG18,LA23,0.03045756084732847,0.015891989553874438
2023Q2,RG18,LA23,0.015477582968268072,0.008075813689871227
2023Q3,RG18,LA23,0.014371655311078875,0.007498768441123634
2019Q2,RG19,LA23,0.03236960578023688,0.03139159412279045
2019Q3,RG19,LA23,0.020926834464887547,0.02029455342325041
2019Q4,RG19,LA23,0.007615790162058722,0.0073856875278243955
2020Q3,RG19,LA23,0.007521254460389702,0.007294008117297902
2020Q4,RG19,LA23,0.014009624369578606,0.0135863391419822
2021Q2,RG19,LA23,0.015125637712073538,0.014668633381864759
2021Q3,RG19,LA23,0.025289269411070042,0.024525182246702085
2021Q4,RG19,LA23,0.0030926892560207532,0.0029992470879022176
2022Q2,RG19,LA23,0.015575875174517709,0.015105267419853319
2022Q3,RG19,LA23,0.021490395481382915,0.02084108707007199
2023Q2,RG19,LA23,0.0139785349471843,0.013556189051927351
2023Q3,RG19,LA23,0.009977989824267909,0.00967651595299902
2019Q1,RG2,LA23,0.0026828476706247753,0.005445381012927719
2019Q2,RG2,LA23,0.013908923346643887,0.02823096813560185
2019Q3,RG2,LA23,0.01498549639151764,0.030416090489648925
2019Q4,RG2,LA23,0.0015735378568992244,0.003193812776961204
2020Q1,RG2,LA23,0.009308641446437366,0.018893767224874788
2020Q3,RG2,LA23,0.015657259163016194,0.03177956866292071
2020Q4,RG2,LA23,0.008689100767579434,0.017636284332227484
2021Q2,RG2,LA23,0.009231483838893306,0.01873716028228773
2021Q3,RG2,LA23,0.020221313322284443,0.041043238059053584
2021Q4,RG2,LA23,0.013598654296916856,0.027601214456038952
2022Q1,RG2,LA23,0.008779901663992087,0.01782058308414549
2022Q2,RG2,LA23,0.011468163903567323,0.02327695405795651
2022Q3,RG2,LA23,0.013744776414250986,0.027897798795139647
2022Q4,RG2,LA23,0.0037736695811576354,0.0076594243166676935
2023Q1,RG2,LA23,0.003134358601197697,0.006361813606321494
2023Q2,RG2,LA23,0.0077763896777854015,0.01578375289964876
2023Q3,RG2,LA23,0.011083052686965836,0.02249529309013165
2020Q3,RG20,LA23,0.059181396428413774,0.011461155456173662
2021Q3,RG20,LA23,0.09210251123415132,0.017836706513599282
2021Q4,RG20,LA23,0.012944588763135577,0.0025068679193805915
2022Q3,RG20,LA23,0.14324095439409976,0.027740251921687567
2022Q4,RG20,LA23,0.028643710748883475,0.005547182755846728
2023Q2,RG20,LA23,0.034153150538269485,0.006614148892392049
2023Q3,RG20,LA23,0.03418115135037248,0.006619571570459467
2019Q1,RG21,LA23,0.0033180979780016843,0.01464875022895089
2019Q2,RG21,LA23,0.008046982091119157,0.035525843881390545
2019Q3,RG21,LA23,0.010641107002372195,0.04697839535503057
2019Q4,RG21,LA23,0.0064402256868834684,0.028432330247838675
2020Q1,RG21,LA23,0.0016923930862704493,0.00747158274841231
2020Q3,RG21,LA23,0.011404107074913314,0.050346890668136884
2020Q4,RG21,LA23,0.005081027914439224,0.022431739303181503
2021Q2,RG21,LA23,0.0053079675784200395,0.0234336333029178
2021Q3,RG21,LA23,0.014635061663145066,0.06461091996379796
2021Q4,RG21,LA23,0.008570644915380295,0.03783771229746676
2022Q1,RG21,LA23,0.0022016439234995378,0.009719825075164137
2022Q2,RG21,LA23,0.009673866145425742,0.04270821713287385
2022Q3,RG21,LA23,0.013905520328679494,0.061390138401248136
2022Q4,RG21,LA23,0.005280355521447272,0.023311731499962227
2023Q1,RG21,LA23,0.005964302569665996,0.026331223252649468
2023Q2,RG21,LA23,0.0092200031947221,0.04070450143577549
2023Q3,RG21,LA23,0.009375538013862305,0.04139115708385917
2019Q1,RG22,LA23,0.004209280229006975,0.012945884711032926
2019Q2,RG22,LA23,0.008520329631837036,0.02620476640011727
2019Q3,RG22,LA23,0.015284418122618987,0.04700811163084002
2020Q3,RG22,LA23,0.016157014148021002,0.049691831157592695
2020Q4,RG22,LA23,0.0035039016056386003,0.010776451972194248
2021Q2,RG22,LA23,0.007753945925061199,0.0238477090001459
2021Q3,RG22,LA23,0.019173956486722342,0.05897061174994011
2021Q4,RG22,LA23,0.006286062530856188,0.019333148753084173
2022Q2,RG22,LA23,0.011537883196807585,0.035485426854194715
2022Q3,RG22,LA23,0.0059815072878721095,0.018396471494905368
2022Q4,RG22,LA23,0.002497470535982759,0.007681115028937369
2023Q1,RG22,LA23,0.0021957363373181003,0.006753114055666434
2023Q2,RG22,LA23,0.007046122396615992,0.021670756814387064
2023Q3,RG22,LA23,0.008365759911835469,0.02572937828954022
2019Q1,RG24,LA23,0.005829311426291507,0.011498463481277504
2019Q2,RG24,LA23,0.01171818678628057,0.02311441832068241
2019Q3,RG24,LA23,0.007657795899257027,0.015105195117479087
2019Q4,RG24,LA23,0.007874608617916138,0.015532863661062853
2020Q1,RG24,LA23,0.002304739359446977,0.004546156384601218
2020Q3,RG24,LA23,0.019223242432172844,0.037918329444735714
2020Q4,RG24,LA23,0.007176079458239608,0.014154997315318853
2021Q2,RG24,LA23,0.0069627855935097075,0.013734269799661386
2021Q3,RG24,LA23,0.03117576289730171,0.0614949768438849
2021Q4,RG24,LA23,0.005864316691941454,0.0115675122486693
2022Q2,RG24,LA23,0.013903944897246149,0.027425881198525747
2022Q3,RG24,LA23,0.014396071281137478,0.028396612874967937
2022Q4,RG24,LA23,0.0033965371004411023,0.0066997549034830345
2023Q1,RG24,LA23,0.0024237572626568038,0.004780922193733336
2023Q2,RG24,LA23,0.00555733334134635,0.010961979864474204
2023Q3,RG24,LA23,0.008744425323542625,0.01724859900159416
2019Q2,RG26,LA23,0.00869046593693144,0.00858135189050312
2019Q3,RG26,LA23,0.010538069524405985,0.0104057576995055
2019Q4,RG26,LA23,0.003101159384152075,0.003062222455858508
2020Q3,RG26,LA23,0.011009910269370355,0.010871674199058122
2020Q4,RG26,LA23,0.012328486950828823,0.01217369535423249
2021Q2,RG26,LA23,0.004330478792470946,0.004276107016843762
2021Q3,RG26,LA23,0.018316046422891433,0.018086077402326317
2021Q4,RG26,LA23,0.00655195246743588,0.006469688748676011
2022Q1,RG26,LA23,0.0022903753107519397,0.002261618265984797
2022Q2,RG26,LA23,0.011918079226507705,0.011768440546660729
2022Q3,RG26,LA23,0.008915622717000566,0.00880368169126729
2022Q4,RG26,LA23,0.010018341776461057,0.009892555447204986
2023Q2,RG26,LA23,0.008888311016523891,0.008776712905678663
2019Q1,RG27,LA23,0.004234246325000728,0.004642824658949737
2019Q2,RG27,LA23,0.013964559414084223,0.01531205221015756
2019Q3,RG27,LA23,0.009237612298906812,0.010128984210944443
2019Q4,RG27,LA23,0.00448560813069579,0.0049184413095230755
2020Q3,RG27,LA23,0.01414002472493274,0.015504448827989575
2020Q4,RG27,LA23,0.0212882744385159,0.02334246000901093
2021Q2,RG27,LA23,0.01440681640012745,0.015796984234133258
2021Q3,RG27,LA23,0.035691925737207524,0.03913597372918105
2021Q4,RG27,LA23,0.008553290992636254,0.00937863017116215
2022Q1,RG27,LA23,0.00419092399909788,0.00459532199907915
2022Q2,RG27,LA23,0.015674439525175166,0.017186925076374048
2022Q3,RG27,LA23,0.010187406488107148,0.011170427609385782
2022Q4,RG27,LA23,0.00734896989630503,0.008058099608184325
2023Q2,RG27,LA23,0.006056091899383964,0.006640466956612588
2023Q3,RG27,LA23,0.01079556754107818,0.01183727240692983
2020Q3,RG28,LA23,0.011364786383110302,0.0027790140559907825
2020Q4,RG28,LA23,0.02150456730297713,0.00525847937553735
2021Q3,RG28,LA23,0.059702679970134766,0.014599006195479103
2021Q4,RG28,LA23,0.023336014041893397,0.005706320281531911
2022Q2,RG28,LA23,0.021796995592416626,0.005329986423653047
2022Q3,RG28,LA23,0.05690140027938685,0.013914013502002762
2019Q1,RG30,LA23,0.002525998637898312,0.010429400575879448
2019Q2,RG30,LA23,0.008339908984582495,0.034434005728109326
2019Q3,RG30,LA23,0.011728530019500302,0.04842502125866944
2019Q4,RG30,LA23,0.006626291906167157,0.027358784595238217
2020Q3,RG30,LA23,0.013495032190059344,0.055718595561721936
2020Q4,RG30,LA23,0.0029444387957704354,0.012157065808159073
2021Q2,RG30,LA23,0.005342199841030223,0.02205699609753575
2021Q3,RG30,LA23,0.01768099230295302,0.07300168279582488
2021Q4,RG30,LA23,0.006768748934176771,0.02794696440961757
2022Q1,RG30,LA23,0.004053449684995862,0.0167359751682875
2022Q2,RG30,LA23,0.011138686125898849,0.04598966038740454
2022Q3,RG30,LA23,0.01124037610274603,0.046409520274571216
2022Q4,RG30,LA23,0.00439375299480666,0.018141027206742828
2023Q1,RG30,LA23,0.0020874901636034455,0.00861887682272966
2023Q2,RG30,LA23,0.010614843527757534,0.043826807164621
2023Q3,RG30,LA23,0.004477826282019216,0.01848815090543186
2019Q2,RG31,LA23,0.005461990052488694,0.003644907289796215
2019Q3,RG31,LA23,0.012888853341545712,0.008601018136294292
2020Q3,RG31,LA23,0.01852539044581889,0.012362404550978664
2020Q4,RG31,LA23,0.008596902775227485,0.005736904185832153
2021Q2,RG31,LA23,0.014913100745946378,0.00995184339407543
2021Q3,RG31,LA23,0.046076521178325835,0.03074788608500073
2021Q4,RG31,LA23,0.012487535973569476,0.008333210142138038
2022Q1,RG31,LA23,0.007087087029344956,0.00472937060090574
2022Q2,RG31,LA23,0.010468272532162036,0.006985710793571584
2022Q3,RG31,LA23,0.015034991145237216,0.010033183565086713
2023Q2,RG31,LA23,0.023876541495219117,0.015933346511935287
2023Q3,RG31,LA23,0.01138261304737572,0.007595870529717547
2019Q1,RG4,LA23,0.007533568083671448,0.01724534539475371
2019Q2,RG4,LA23,0.015170829841247456,0.03472805948411189
2019Q3,RG4,LA23,0.011756771691379184,0.026912823550973696
2019Q4,RG4,LA23,0.010291889296612362,0.023559511736456148
2020Q1,RG4,LA23,0.0046315665409736575,0.010602275552668758
2020Q3,RG4,LA23,0.024924604875809272,0.05705575567077319
2020Q4,RG4,LA23,0.00540600004400925,0.012375057466469308
2021Q2,RG4,LA23,0.02582683143538396,0.05912107299071743
2021Q3,RG4,LA23,0.023238121866935114,0.05319517039864217
2021Q4,RG4,LA23,0.0180442153411315,0.04130562337514242
2022Q1,RG4,LA23,0.005181651531750928,0.01186149370229763
2022Q2,RG4,LA23,0.015972679155720503,0.036563599858746035
2022Q3,RG4,LA23,0.013133626590205708,0.030064628648505964
2022Q4,RG4,LA23,0.004995268233026957,0.011434837391953124
2023Q1,RG4,LA23,0.003470437439517872,0.007944295671142762
2023Q3,RG4,LA23,0.012243591854611274,0.02802722004501537
2019Q1,RG40,LA23,0.004322269371673104,0.00762840659812206
2019Q3,RG40,LA23,0.022063987482093008,0.038940901923502434
2019Q4,RG40,LA23,0.006422589051090663,0.011335277022635313
2020Q1,RG40,LA23,0.004000435292570638,0.007060399146153498
2020Q3,RG40,LA23,0.026470279472941158,0.04671760069117484
2020Q4,RG40,LA23,0.0043561078326377995,0.007688128359237899
2021Q2,RG40,LA23,0.02173826157031301,0.03836602574598181
2021Q3,RG40,LA23,0.03302748496801485,0.058290463315537326
2021Q4,RG40,LA23,0.013750131616358194,0.02426771349206104
2022Q1,RG40,LA23,0.011819250041722688,0.020859885687372376
2022Q2,RG40,LA23,0.014980237509078375,0.026438736883132828
2022Q3,RG40,LA23,0.015358359778695962,0.0271060877972965
2022Q4,RG40,LA23,0.007003864986475704,0.012361175410616716
2023Q1,RG40,LA23,0.005372408728052003,0.00948180565919157
2023Q2,RG40,LA23,0.011192951747257502,0.019754526990109728
2023Q3,RG40,LA23,0.01516442361137531,0.026763808357681027
2019Q1,RG41,LA23,0.004754999942311107,0.011578213000055676
2019Q2,RG41,LA23,0.011191899686867715,0.027251777081374485
2019Q3,RG41,LA23,0.015155537890016278,0.03690305950576645
2019Q4,RG41,LA23,0.00410863161323939,0.010004334917768046
2020Q1,RG41,LA23,0.00215411569425338,0.005245175738678617
2020Q3,RG41,LA23,0.018431177462854675,0.04487909591919717
2020Q4,RG41,LA23,0.006764419161575215,0.01647105926910053
2021Q2,RG41,LA23,0.013180177126900885,0.03209314405996598
2021Q3,RG41,LA23,0.03080476007988308,0.0750082182855183
2021Q4,RG41,LA23,0.007697983120873944,0.01874424591496249
2022Q1,RG41,LA23,0.0048392701241333005,0.011783407138126804
2022Q2,RG41,LA23,0.02295958622916678,0.055905569501486535
2022Q3,RG41,LA23,0.009453997924468351,0.023020063722309327
2022Q4,RG41,LA23,0.0063350510047221744,0.01542556693770219
2023Q1,RG41,LA23,0.004781783488471649,0.011643429741613164
2023Q2,RG41,LA23,0.005769686571355514,0.014048929732320142
2023Q3,RG41,LA23,0.014031341595517235,0.03416569161733345
2021Q3,RG42,LA23,0.04183861025387373,0.010754255143304949
2023Q3,RG42,LA23,0.01855030703927972,0.00476819697586846
2019Q2,RG45,LA23,0.023918133878676383,0.006820716775573588
2019Q3,RG45,LA23,0.037120063482037564,0.010585501401846874
2020Q3,RG45,LA23,0.04916558822807339,0.01402051489924687
2021Q2,RG45,LA23,0.017928458730802288,0.005112645486710902
2021Q3,RG45,LA23,0.05077431193334181,0.014479273463750497
2022Q2,RG45,LA23,0.023483309425636933,0.006696718203765279
2022Q3,RG45,LA23,0.01672337381809294,0.004768992301985015
2023Q2,RG45,LA23,0.027173866124437108,0.007749151563089919
2019Q1,RG5,LA23,0.002453488385311541,0.0041224644716002295
2019Q2,RG5,LA23,0.0063086627706430455,0.010600106481441787
2019Q3,RG5,LA23,0.0046572258789881645,0.007825285963156478
2019Q4,RG5,LA23,0.0056018384863571755,0.009412467682302842
2020Q3,RG5,LA23,0.016398788128311144,0.02755400100566529
2020Q4,RG5,LA23,0.005058703449448846,0.008499867114743374
2021Q2,RG5,LA23,0.01068971683320927,0.017961355806775683
2021Q3,RG5,LA23,0.022097445964457875,0.0371291490299907
2021Q4,RG5,LA23,0.012848659241049928,0.02158891052675616
2022Q1,RG5,LA23,0.008182956290102412,0.013749380995875929
2022Q2,RG5,LA23,0.00799314733369276,0.013430455223137471
2022Q3,RG5,LA23,0.02834676923138545,0.04762955053736621
2022Q4,RG5,LA23,0.004399815501014336,0.007392773160499155
2023Q1,RG5,LA23,0.004330363754098631,0.007276077128488301
2023Q2,RG5,LA23,0.008628712576533517,0.014498361290547813
2023Q3,RG5,LA23,0.010711963768249805,0.017998736134253755
2019Q1,RG6,LA23,0.004673311229565013,0.01118806938869845
2019Q2,RG6,LA23,0.015368924206279246,0.03679373831592729
2019Q3,RG6,LA23,0.012188390716503166,0.029179430680780518
2019Q4,RG6,LA23,0.006044650527748149,0.014471103295462253
2020Q3,RG6,LA23,0.015105087790992443,0.03616210477463435
2020Q4,RG6,LA23,0.0031633792906136595,0.007573239886582851
2021Q2,RG6,LA23,0.00905678293560582,0.02168225289189
2021Q3,RG6,LA23,0.02201970990513616,0.05271595026223081
2021Q4,RG6,LA23,0.010605795039550434,0.025390641666262124
2022Q1,RG6,LA23,0.00806670175401845,0.01931196415743412
2022Q2,RG6,LA23,0.01306826824889393,0.031285888051662915
2022Q3,RG6,LA23,0.015147792082569313,0.03626434033179875
2023Q1,RG6,LA23,0.004746337380224753,0.01136289652959203
2023Q2,RG6,LA23,0.004097044901716171,0.009808467785972878
2023Q3,RG6,LA23,0.016215973192033478,0.038821603006019216
2019Q1,RG7,LA23,0.010198545944953804,0.010812675461684606
2019Q2,RG7,LA23,0.012463192170513664,0.01321369270518918
2019Q3,RG7,LA23,0.02252159574033119,0.023877786787826514
2019Q4,RG7,LA23,0.008171016526376347,0.008663053573385565
2020Q3,RG7,LA23,0.03447577443735718,0.03655181457174618
2020Q4,RG7,LA23,0.008426273416953031,0.008933681360136878
2021Q2,RG7,LA23,0.009217003752575972,0.009772027389359823
2021Q3,RG7,LA23,0.030681905525638733,0.032529488888457615
2021Q4,RG7,LA23,0.00888673147871466,0.009421866990953034
2022Q1,RG7,LA23,0.016787488037857397,0.01779838625525619
2022Q2,RG7,LA23,0.012563099021888187,0.01331961568343943
2022Q3,RG7,LA23,0.014918923036040359,0.015817301201292527
2023Q2,RG7,LA23,0.007178699397126723,0.007610981725932087
2023Q3,RG7,LA23,0.00419881558984945,0.004451657181479668
2019Q1,RG8,LA23,0.006149750300529097,0.003654306598446408
2019Q2,RG8,LA23,0.017830649925609097,0.01059533452474246
2019Q3,RG8,LA23,0.01790681912524764,0.01064059581101185
2019Q4,RG8,LA23,0.02208578264215777,0.013123820854018494
2020Q1,RG8,LA23,0.02889100175810672,0.01716762034245404
2020Q3,RG8,LA23,0.04519510411396317,0.026855849280078684
2020Q4,RG8,LA23,0.012063449087801369,0.007168346590882248
2021Q2,RG8,LA23,0.016763429398405173,0.009961170400351393
2021Q3,RG8,LA23,0.026349311005311973,0.01565729604711656
2021Q4,RG8,LA23,0.01774048798162801,0.010541758465436365
2022Q1,RG8,LA23,0.016631532573471976,0.00988279462668363
2022Q2,RG8,LA23,0.004573923935483147,0.0027179185497645305
2022Q3,RG8,LA23,0.014848978620269663,0.00882356484418116
2023Q2,RG8,LA23,0.0070581835984545906,0.0041941161244643905
2023Q3,RG8,LA23,0.005215156654484936,0.003098952061968491
2019Q1,RG9,LA23,0.004075301939319741,0.0060542393063375
2019Q2,RG9,LA23,0.017576385235180875,0.0261113517326092
2019Q3,RG9,LA23,0.012851156955648849,0.019091586520774226
2019Q4,RG9,LA23,0.005776674187420768,0.008581785704748516
2020Q3,RG9,LA23,0.029961974168479063,0.04451129374147771
2020Q4,RG9,LA23,0.013987238321499932,0.020779340842477647
2021Q2,RG9,LA23,0.05125506786726572,0.07614416088708119
2021Q3,RG9,LA23,0.04969464115467875,0.07382600216444678
2021Q4,RG9,LA23,0.01903061610574723,0.028271746674668845
2022Q1,RG9,LA23,0.015669580975545022,0.023278617012563854
2022Q2,RG9,LA23,0.028881083492294044,0.04290553031215366
2022Q3,RG9,LA23,0.016007636117009342,0.023780829303981062
2022Q4,RG9,LA23,0.010644794764007105,0.015813830687329375
2023Q1,RG9,LA23,0.015164250348734762,0.0225279014609104
2023Q2,RG9,LA23,0.013910341240660078,0.02066510309119069
2023Q3,RG9,LA23,0.009673312086384113,0.014370602995279425
2019Q1,RH1,LA23,0.004010118275942397,0.012233706324845259
2019Q2,RH1,LA23,0.007687201587679039,0.02345141968697893
2019Q3,RH1,LA23,0.011016247719700228,0.033607372683512014
2019Q4,RH1,LA23,0.004661825893771171,0.014221877011483685
2020Q1,RH1,LA23,0.001701744202595076,0.005191527376998286
2020Q3,RH1,LA23,0.014105898308493238,0.04303299939792512
2020Q4,RH1,LA23,0.003316959038956504,0.010119078785674626
2021Q2,RH1,LA23,0.02163885910859392,0.06601387523340056
2021Q3,RH1,LA23,0.024978522922366044,0.07620221969358969
2021Q4,RH1,LA23,0.005501547059211977,0.016783622432906552
2022Q1,RH1,LA23,0.004395886146165649,0.0134105720702236
2022Q2,RH1,LA23,0.008323338185618602,0.025392087713746767
2022Q3,RH1,LA23,0.018524726231299304,0.05651356016640554
2022Q4,RH1,LA23,0.0037493451681174655,0.011438163301167805
2023Q1,RH1,LA23,0.0021290821928878468,0.006495211486779996
2023Q2,RH1,LA23,0.005723594068864962,0.01746102337708851
2023Q3,RH1,LA23,0.007697653368152619,0.02348330503401536
2019Q1,RH10,LA23,0.0012690035438081314,0.0065736595628219895
2019Q2,RH10,LA23,0.007044149776249266,0.03648992373940338
2019Q3,RH10,LA23,0.01059982738802592,0.0549089535750692
2019Q4,RH10,LA23,0.0019225503484944124,0.009959145933872888
2020Q1,RH10,LA23,0.001038383480297295,0.005379007433382512
2020Q3,RH10,LA23,0.0053255466751082605,0.027587260097812132
2020Q4,RH10,LA23,0.0009725458697192753,0.005037957134128987
2021Q2,RH10,LA23,0.004181923512012943,0.021663092762718446
2021Q3,RH10,LA23,0.012078514718926184,0.06256881170598229
2021Q4,RH10,LA23,0.0026601911967958232,0.013780254109673096
2022Q1,RH10,LA23,0.0021892226799982584,0.01134055509595427
2022Q2,RH10,LA23,0.0038360841406111694,0.019871584533991744
2022Q3,RH10,LA23,0.0046936758952741435,0.024314059313943915
2022Q4,RH10,LA23,0.0016036071135318677,0.00830696438029173
2023Q1,RH10,LA23,0.0014476458117301313,0.007499057650620563
2023Q2,RH10,LA23,0.005066104337727672,0.02624330356558305
2023Q3,RH10,LA23,0.00744972732303241,0.038590886129844106
2019Q1,RH11,LA23,0.0026337717811777753,0.007933450315007924
2019Q2,RH11,LA23,0.004966663832145177,0.014960590369014587
2019Q3,RH11,LA23,0.007619350110922136,0.02295101495491753
2019Q4,RH11,LA23,0.003374317567891013,0.01016412316482132
2020Q3,RH11,LA23,0.00824153626862322,0.02482516479739169
2020Q4,RH11,LA23,0.0012174167560063758,0.0036671041186855154
2021Q2,RH11,LA23,0.006992291309804005,0.02106218773047421
2021Q3,RH11,LA23,0.011583953624192766,0.03489319810685835
2021Q4,RH11,LA23,0.004573995981605768,0.013777795828949202
2022Q1,RH11,LA23,0.0056654201006856,0.01706538478528964
2022Q2,RH11,LA23,0.009736261642349616,0.0293275782455824
2022Q3,RH11,LA23,0.007030288327189167,0.02117664238888386
2022Q4,RH11,LA23,0.0021784556581334537,0.006561946578196364
2023Q2,RH11,LA23,0.005402153337147714,0.01627237234471031
2023Q3,RH11,LA23,0.0036252467022842507,0.010919972185045266
2019Q1,RH12,LA23,0.004714814909657339,0.02448331917202161
2019Q2,RH12,LA23,0.007946782212888356,0.041266435488308544
2019Q3,RH12,LA23,0.014412011700358825,0.07483939224168598
2019Q4,RH12,LA23,0.0074541426447139346,0.03870823288322305
2020Q1,RH12,LA23,0.004443808845699763,0.023076025759965087
2020Q3,RH12,LA23,0.0071835264374040565,0.03730296393764503
2020Q4,RH12,LA23,0.0030833762266509078,0.01601150537848035
2021Q2,RH12,LA23,0.003535512473819753,0.018359380376924226
2021Q3,RH12,LA23,0.010426145181188276,0.05414139157021963
2021Q4,RH12,LA23,0.0051476114824099755,0.026730766172656892
2022Q1,RH12,LA23,0.0015412564863226447,0.008003511315638975
2022Q2,RH12,LA23,0.004582333266698218,0.023795362081201747
2022Q3,RH12,LA23,0.005225053720785029,0.02713291197813666
2022Q4,RH12,LA23,0.0020331441881050773,0.010557809592515923
2023Q1,RH12,LA23,0.002054976160376218,0.010671179715312092
2023Q2,RH12,LA23,0.004902001794359645,0.025455352291199992
2023Q3,RH12,LA23,0.007761711692844991,0.04030539233001346
2019Q2,RH13,LA23,0.009688113571013474,0.013921749856045612
2019Q3,RH13,LA23,0.015679529718638976,0.022531371974873544
2019Q4,RH13,LA23,0.00823677580267459,0.011836187871316343
2020Q3,RH13,LA23,0.01579444930480247,0.02269651059762
2020Q4,RH13,LA23,0.005780092915626079,0.00830595214705248
2021Q2,RH13,LA23,0.021724330139871947,0.031217706912761895
2021Q3,RH13,LA23,0.032019545167386615,0.04601185721629384
2021Q4,RH13,LA23,0.014046101765393924,0.020184147697797764
2022Q1,RH13,LA23,0.008607899650109765,0.012369490183653423
2022Q2,RH13,LA23,0.015161284649688012,0.021786657520281364
2022Q3,RH13,LA23,0.01458688797909149,0.02096125361604599
2022Q4,RH13,LA23,0.011829170116554278,0.016998432786750572
2023Q1,RH13,LA23,0.002226843714721522,0.003199958478770945
2023Q2,RH13,LA23,0.01885305119766267,0.027091699624824283
2023Q3,RH13,LA23,0.006856231317055514,0.009852355327131856
2019Q3,RH14,LA23,0.00910296184414485,0.004505016333663068
2020Q3,RH14,LA23,0.026142599591595345,0.012937859147493149
2021Q3,RH14,LA23,0.09991036796992044,0.049445207759086486
2021Q4,RH14,LA23,0.02786478156210924,0.013790159534942916
2022Q2,RH14,LA23,0.009410348242682446,0.004657140529047723
2022Q3,RH14,LA23,0.02774454439195884,0.013730654680949774
2023Q2,RH14,LA23,0.005890160375399431,0.0029150148219216463
2023Q3,RH14,LA23,0.008708794304575242,0.004309944527984456
2019Q1,RH15,LA23,0.0022848705139566607,0.006259216537285932
2019Q2,RH15,LA23,0.008230733336108012,0.022547423101953103
2019Q3,RH15,LA23,0.01378615963853012,0.0377660606446026
2019Q4,RH15,LA23,0.008240789194555714,0.022574970306535592
2020Q1,RH15,LA23,0.0016195210766650646,0.004436545985265127
2020Q3,RH15,LA23,0.011413979991384493,0.031267667853356385
2020Q4,RH15,LA23,0.003966759027660879,0.010866613032861863
2021Q2,RH15,LA23,0.0053381036293030214,0.014623299793221141
2021Q3,RH15,LA23,0.015585709614071215,0.0426957811245059
2021Q4,RH15,LA23,0.003416299752633964,0.009358674715874048
2022Q1,RH15,LA23,0.0016453337526804233,0.004507257707264268
2022Q2,RH15,LA23,0.009265140696429015,0.025381097752863468
2022Q3,RH15,LA23,0.006688412747525692,0.01832236156131731
2023Q1,RH15,LA23,0.00128226711539282,0.003512666247325429
2023Q2,RH15,LA23,0.005875075913078557,0.016094291596976274
2023Q3,RH15,LA23,0.0087091388222577,0.02385797593728688
2019Q1,RH16,LA23,0.0024382369513149178,0.008843954113714655
2019Q2,RH16,LA23,0.0110753114700483,0.040172283659051886
2019Q3,RH16,LA23,0.008999922704418234,0.032644449663486896
2019Q4,RH16,LA23,0.005210598018899104,0.018899840624310296
2020Q1,RH16,LA23,0.0024131208323255795,0.008752853122182021
2020Q3,RH16,LA23,0.0162356971843965,0.05888999460267115
2020Q4,RH16,LA23,0.00531409237587739,0.01927523455132414
2021Q2,RH16,LA23,0.015156640938960134,0.05497605017835673
2021Q3,RH16,LA23,0.025755184683621944,0.09341900565052164
2021Q4,RH16,LA23,0.007934261722442852,0.028779092434656543
2022Q1,RH16,LA23,0.004796261789286109,0.017396963473518736
2022Q2,RH16,LA23,0.017270521153612748,0.0626435000585642
2022Q3,RH16,LA23,0.01215998894211561,0.044106617352899814
2023Q1,RH16,LA23,0.0030111834656883565,0.010922141256272234
2023Q3,RH16,LA23,0.0079185741147884,0.02872219046613577
2021Q3,RH17,LA23,0.03748920911264768,0.01406078732169423
2022Q3,RH17,LA23,0.035399535397248535,0.013277029585016632
2023Q3,RH17,LA23,0.008201583784285633,0.0030761045117111
2019Q1,RH19,LA23,0.0026452577975001786,0.009049509763656942
2019Q2,RH19,LA23,0.00674240414675624,0.023065975729946803
2019Q3,RH19,LA23,0.013222928574677495,0.0452360527407818
2019Q4,RH19,LA23,0.008874490977180936,0.030359911544870482
2020Q1,RH19,LA23,0.003674157026944429,0.012569406248405598
2020Q3,RH19,LA23,0.007823379207627284,0.026764025264803724
2020Q4,RH19,LA23,0.0030973495629427767,0.010596129850859016
2021Q2,RH19,LA23,0.016748677935924296,0.057297751717328524
2021Q3,RH19,LA23,0.026040430739346792,0.08908512903666632
2021Q4,RH19,LA23,0.009185889232149436,0.03142521472680845
2022Q1,RH19,LA23,0.006642268071553257,0.022723407080834403
2022Q2,RH19,LA23,0.009682237000436071,0.033123235985652866
2022Q3,RH19,LA23,0.008390189971846117,0.02870310263933845
2022Q4,RH19,LA23,0.004918038138398968,0.016824762483844704
2023Q1,RH19,LA23,0.002288166382002161,0.007827888848628839
2023Q2,RH19,LA23,0.007560717505934022,0.025865451357845317
2023Q3,RH19,LA23,0.007498010934569046,0.025650930213498225
2019Q1,RH2,LA23,0.010368056577673071,0.021192765818337657
2019Q2,RH2,LA23,0.016453811102829154,0.033632317002622134
2019Q3,RH2,LA23,0.021021319339260804,0.04296850568010995
2019Q4,RH2,LA23,0.009522165385544188,0.019463726840947614
2020Q1,RH2,LA23,0.002685140348151534,0.005488545530344372
2020Q3,RH2,LA23,0.033526423766045636,0.06852949174006326
2020Q4,RH2,LA23,0.009650566532463477,0.019726184459410687
2021Q2,RH2,LA23,0.01775338634740619,0.03628870623191503
2021Q3,RH2,LA23,0.02891236569232865,0.0590981531380858
2021Q4,RH2,LA23,0.007759320217771031,0.015860393416334946
2022Q1,RH2,LA23,0.006494339001206962,0.013274715909041205
2022Q2,RH2,LA23,0.011830839230483055,0.02418275820233815
2022Q3,RH2,LA23,0.01514740902041316,0.030961973415102425
2022Q4,RH2,LA23,0.008364644963564358,0.017097703946571452
2023Q1,RH2,LA23,0.0041864787172540855,0.008557347502258016
2023Q2,RH2,LA23,0.008366201341102773,0.01710088525103767
2023Q3,RH2,LA23,0.010283976818381849,0.0210209030747876
2019Q2,RH20,LA23,0.012917018700461176,0.018383312462795096
2019Q3,RH20,LA23,0.02626220677984551,0.0373759893356196
2019Q4,RH20,LA23,0.01000071174416015,0.014232866972366988
2020Q3,RH20,LA23,0.010742032054702005,0.015287903217163987
2020Q4,RH20,LA23,0.003157774571158853,0.004494098675153998
2021Q2,RH20,LA23,0.01455892735701286,0.0207200528956072
2021Q3,RH20,LA23,0.013856471495317258,0.019720327967097873
2021Q4,RH20,LA23,0.01491368611033754,0.02122494037487101
2022Q1,RH20,LA23,0.003287830765990757,0.00467919275318856
2022Q2,RH20,LA23,0.01411734593299766,0.020091600658780483
2022Q3,RH20,LA23,0.010464494167058766,0.014892915346733203
2022Q4,RH20,LA23,0.006723143224792849,0.009568279298773342
2023Q2,RH20,LA23,0.008395228982801622,0.011947967341879405
2023Q3,RH20,LA23,0.015471302045679331,0.02201853123444419
2019Q1,RH4,LA23,0.003093043030213461,0.005588322806784877
2019Q2,RH4,LA23,0.006817452453508625,0.012317360171831972
2019Q3,RH4,LA23,0.014423502621542697,0.026059510930284677
2019Q4,RH4,LA23,0.011326217667156916,0.020463524071831177
2020Q1,RH4,LA23,0.006733734478334198,0.012166103604938104
2020Q4,RH4,LA23,0.007068246215658779,0.012770479151145486
2021Q2,RH4,LA23,0.017096395067933836,0.030888731110005157
2021Q3,RH4,LA23,0.021628770991597858,0.03907755341080139
2021Q4,RH4,LA23,0.012962599943857421,0.02342004045656213
2022Q1,RH4,LA23,0.008863540576210931,0.01601410826395271
2022Q2,RH4,LA23,0.009178883618454944,0.016583850972902842
2022Q3,RH4,LA23,0.01581797516596337,0.028578959462781682
2022Q4,RH4,LA23,0.008129287512874235,0.014687504301539376
2023Q1,RH4,LA23,0.006485701968711305,0.011717973489446615
2023Q2,RH4,LA23,0.012573183301208121,0.022716466052908103
2023Q3,RH4,LA23,0.005564484096572065,0.010053572834620208
2019Q2,RH5,LA23,0.010409864643185959,0.0046682750946794895
2020Q3,RH5,LA23,0.00901395025975344,0.004042281138576665
2021Q2,RH5,LA23,0.029853349395372156,0.013387652217591977
2021Q3,RH5,LA23,0.07197939489456542,0.032278961161742864
2021Q4,RH5,LA23,0.01957391842465061,0.008777869743666379
2022Q2,RH5,LA23,0.028416644258993408,0.012743365760808392
2022Q3,RH5,LA23,0.024507342335328787,0.010990250092799013
2022Q4,RH5,LA23,0.012412319787818886,0.0055662705826440406
2023Q2,RH5,LA23,0.013740034611977677,0.006161680634446625
2023Q3,RH5,LA23,0.0218802888629738,0.009812155207058724
2019Q1,RH6,LA23,0.0013870192371441502,0.003391487468112177
2019Q3,RH6,LA23,0.0105742216364068,0.02585569053732396
2019Q4,RH6,LA23,0.0031957595044149307,0.007814151397524711
2020Q1,RH6,LA23,0.003957648724877893,0.009677094371992878
2020Q3,RH6,LA23,0.016147403139364098,0.03948302512549585
2020Q4,RH6,LA23,0.0051749091319871965,0.012653493909637705
2021Q2,RH6,LA23,0.01475991078929876,0.03609038081939595
2021Q3,RH6,LA23,0.013580706402787756,0.03320703443738804
2021Q4,RH6,LA23,0.00438167618049533,0.010713910418483352
2022Q1,RH6,LA23,0.005346619552821956,0.013073353796804384
2022Q2,RH6,LA23,0.006111406589927214,0.014943382403947313
2022Q3,RH6,LA23,0.01064737672184596,0.026034566611174547
2023Q1,RH6,LA23,0.001861847192674471,0.0045525189935336574
2023Q2,RH6,LA23,0.008156999013369241,0.019945188350960173
2023Q3,RH6,LA23,0.006089584256437279,0.014890023251763912
2021Q3,RH7,LA23,0.03202316331696666,0.006209761713311071
2019Q1,RH8,LA23,0.005167467773151836,0.008001125337289309
2019Q2,RH8,LA23,0.01299744550897895,0.020124787448553085
2019Q3,RH8,LA23,0.013661788860885036,0.021153433326755317
2019Q4,RH8,LA23,0.005530435431432992,0.008563131692196593
2020Q1,RH8,LA23,0.004356032162968942,0.0067447269802554935
2020Q3,RH8,LA23,0.032272555121437084,0.04996968918176724
2020Q4,RH8,LA23,0.006755176939396218,0.010459478363560062
2021Q2,RH8,LA23,0.020837276091312862,0.03226370536077986
2021Q3,RH8,LA23,0.03239130293502373,0.05015355411943985
2021Q4,RH8,LA23,0.011302755909810072,0.017500789682916247
2022Q1,RH8,LA23,0.004941039087315568,0.00765053112463713
2022Q2,RH8,LA23,0.012664269869993227,0.019608910008405974
2022Q3,RH8,LA23,0.011245506668969635,0.017412146972107502
2022Q4,RH8,LA23,0.0050504010139455005,0.007819863285089058
2023Q1,RH8,LA23,0.003579898694772483,0.005542989218141257
2023Q2,RH8,LA23,0.012067355477119427,0.018684668758595115
2023Q3,RH8,LA23,0.008455796924851178,0.013092658530724395
2019Q2,RM1,LA23,0.006809358148915126,0.014768627565427963
2019Q4,RM1,LA23,0.001380093301773885,0.002993245990840941
2020Q3,RM1,LA23,0.010684947099960478,0.023174284686546715
2020Q4,RM1,LA23,0.0026434092215792703,0.005733216764746308
2021Q2,RM1,LA23,0.007241697819697163,0.015706317056846022
2021Q3,RM1,LA23,0.014649077508758709,0.031771976913626335
2021Q4,RM1,LA23,0.004214120014102764,0.009139887731447256
2022Q2,RM1,LA23,0.006106260300471613,0.013243698190495569
2022Q3,RM1,LA23,0.008839844463022847,0.019172492877540116
2023Q1,RM1,LA23,0.002257473808776153,0.004896172178259543
2023Q2,RM1,LA23,0.007130620960799347,0.01546540554590416
2023Q3,RM1,LA23,0.005332089263801767,0.011564620153700012
2019Q2,RM10,LA23,0.00580668635926892,0.008068872661944929
2019Q3,RM10,LA23,0.002360418343248905,0.0032799972070460463
2019Q4,RM10,LA23,0.0051121671474164705,0.0071037805706928485
2020Q3,RM10,LA23,0.0050609159169943355,0.007032562732074083
2021Q2,RM10,LA23,0.0006784414146946428,0.0009427506576143148
2021Q3,RM10,LA23,0.003101453900276369,0.00430972762086176
2021Q4,RM10,LA23,0.002274982281976675,0.003161276708556691
2022Q2,RM10,LA23,0.0039893229316706,0.005543495334760882
2022Q4,RM10,LA23,0.0045440849811739575,0.006314383248825138
2023Q2,RM10,LA23,0.004932605729967953,0.006854265077217352
2023Q3,RM10,LA23,0.0024622443919150158,0.003421492953418561
2019Q1,RM11,LA23,0.001629188939767809,0.003603694936483832
2019Q2,RM11,LA23,0.006829080712313109,0.015105628931724485
2019Q3,RM11,LA23,0.0069648954878986655,0.015406045296659484
2019Q4,RM11,LA23,0.004712854430493609,0.010424628619180115
2020Q3,RM11,LA23,0.012153183350616558,0.026882311949047687
2020Q4,RM11,LA23,0.002975373228026656,0.0065813959168648396
2021Q2,RM11,LA23,0.009998549761621844,0.022116356346780427
2021Q3,RM11,LA23,0.02467445579578641,0.054578820934324736
2021Q4,RM11,LA23,0.002749178704067079,0.006081063487177666
2022Q1,RM11,LA23,0.005636427591545322,0.012467532203112357
2022Q2,RM11,LA23,0.007846073519242925,0.01735517270121249
2022Q3,RM11,LA23,0.011504410386519785,0.025447254425285976
2022Q4,RM11,LA23,0.004833077473719524,0.010690556751606337
2023Q2,RM11,LA23,0.007125389001286168,0.015761049954139836
2023Q3,RM11,LA23,0.011915515665109322,0.026356601386004992
2019Q2,RM12,LA23,0.0025658910533650184,0.005105704458784605
2019Q3,RM12,LA23,0.005863040708873616,0.011666494198993255
2019Q4,RM12,LA23,0.008004965284235591,0.015928574555235962
2020Q3,RM12,LA23,0.017047609234807394,0.03392196031379653
2020Q4,RM12,LA23,0.002665124208269571,0.005303162242812882
2021Q2,RM12,LA23,0.009300955374305404,0.01850738333697764
2021Q3,RM12,LA23,0.012716850526052773,0.02530445723617728
2022Q2,RM12,LA23,0.0053959072634496225,0.01073697487586344
2022Q3,RM12,LA23,0.005784482641900478,0.011510176465903127
2023Q2,RM12,LA23,0.009067315979931084,0.01804247907066427
2023Q3,RM12,LA23,0.0074545864496185065,0.014833410492740059
2019Q3,RM13,LA23,0.004798049175075435,0.007509903006755402
2020Q3,RM13,LA23,0.012346749524516807,0.019325123189544397
2020Q4,RM13,LA23,0.004125191468330828,0.006456746623688439
2021Q2,RM13,LA23,0.013659805978877336,0.021380318177096114
2021Q3,RM13,LA23,0.019571031387450744,0.030632563798100282
2021Q4,RM13,LA23,0.008207145615948147,0.012845818225095493
2022Q1,RM13,LA23,0.005354775872980554,0.008381291221002484
2022Q2,RM13,LA23,0.005036593538499101,0.007883272467290744
2022Q3,RM13,LA23,0.00987011948954459,0.015448703697456509
2022Q4,RM13,LA23,0.006582420141444421,0.010302799118598776
2023Q2,RM13,LA23,0.00787875446963156,0.012331820646678423
2023Q3,RM13,LA23,0.0077255760983858425,0.012092065973724279
2019Q1,RM14,LA23,0.00554490841319812,0.007549958522080067
2019Q2,RM14,LA23,0.010487492640583804,0.01427979121324372
2019Q3,RM14,LA23,0.0046384219302567364,0.006315684691561318
2020Q3,RM14,LA23,0.03399767704043634,0.04629130589270149
2020Q4,RM14,LA23,0.004737614522965688,0.006450745526627164
2021Q2,RM14,LA23,0.031156828797751026,0.04242320117365032
2021Q3,RM14,LA23,0.028879700343180388,0.03932265845944872
2021Q4,RM14,LA23,0.008073416810961569,0.010992780675897144
2022Q2,RM14,LA23,0.008639791647060966,0.011763957799458326
2022Q3,RM14,LA23,0.01892353590529774,0.025766324802772897
2022Q4,RM14,LA23,0.0067821076731156,0.009234531539317274
2023Q2,RM14,LA23,0.008455265812123275,0.011512707049001257
2023Q3,RM14,LA23,0.007467853466607779,0.010168244400152557
2019Q2,RM15,LA23,0.0030623046973154142,0.005254068930709183
2019Q3,RM15,LA23,0.01065232642673523,0.018276449553679838
2019Q4,RM15,LA23,0.0026280834775056217,0.004509065266620075
2020Q1,RM15,LA23,0.001207593485526924,0.002071896835999372
2020Q3,RM15,LA23,0.010473943427564534,0.01797039360355471
2021Q2,RM15,LA23,0.004347395545345271,0.007458929832921665
2021Q3,RM15,LA23,0.0091550133288061,0.015707473894833734
2021Q4,RM15,LA23,0.005447655815921153,0.009346672521751495
2022Q1,RM15,LA23,0.0020844641320527557,0.0035763646390240406
2022Q2,RM15,LA23,0.002925809886468761,0.005019881540570924
2022Q3,RM15,LA23,0.003122608517729604,0.005357533628235534
2022Q4,RM15,LA23,0.0034350842887786747,0.005893655733167672
2023Q2,RM15,LA23,0.0027009031851755864,0.004634003769293403
2023Q3,RM15,LA23,0.004478622726875521,0.007684079426280894
2019Q2,RM16,LA23,0.00573389314447671,0.010470685231566062
2020Q3,RM16,LA23,0.003335934987327133,0.006091764238564039
2021Q2,RM16,LA23,0.00465298274076851,0.00849683041502562
2021Q3,RM16,LA23,0.007891873354487993,0.014411381534346412
2021Q4,RM16,LA23,0.002070557126810269,0.0037810526604755428
2022Q3,RM16,LA23,0.0019127362891113355,0.003492855396785792
2023Q3,RM16,LA23,0.0035135131250791946,0.006416040386995682
2019Q1,RM17,LA23,0.003097895493680497,0.010717597839569196
2019Q2,RM17,LA23,0.005459943366841337,0.01888942908242085
2019Q3,RM17,LA23,0.00410829097534093,0.014213200726575812
2019Q4,RM17,LA23,0.002786503004451787,0.009640292463508664
2020Q1,RM17,LA23,0.001008535486254973,0.0034891679756999475
2020Q3,RM17,LA23,0.005151016938936719,0.01782065538651972
2020Q4,RM17,LA23,0.001985430151792344,0.006868870156812267
2021Q2,RM17,LA23,0.0031250430670703017,0.01081151862369689
2021Q3,RM17,LA23,0.008561621547807095,0.029620113651726086
2021Q4,RM17,LA23,0.007936976573944215,0.02745906798829835
2022Q1,RM17,LA23,0.0012906278231414913,0.004465105423086865
2022Q2,RM17,LA23,0.004751577700907972,0.01643874010781872
2022Q3,RM17,LA23,0.004810219803241916,0.016641620569914414
2022Q4,RM17,LA23,0.0018591176548193023,0.006431874606952545
2023Q1,RM17,LA23,0.006298132532310859,0.021789260405753724
2023Q2,RM17,LA23,0.004903073281741457,0.016962860018628304
2023Q3,RM17,LA23,0.004474647373742225,0.015480661346867168
2023Q3,RM18,LA23,0.004656731263021255,0.002106240463759691
2019Q1,RM2,LA23,0.0030478860882718647,0.005727866389053121
2019Q2,RM2,LA23,0.010660695367940372,0.02003455408551124
2019Q3,RM2,LA23,0.011631990001743423,0.021859899825378632
2019Q4,RM2,LA23,0.002643417242309278,0.004967751528749472
2020Q3,RM2,LA23,0.009082447389335096,0.017068566089755852
2021Q2,RM2,LA23,0.004086662730618471,0.007680030493323886
2021Q3,RM2,LA23,0.00824880989724746,0.015501918244891447
2021Q4,RM2,LA23,0.00972221838139368,0.01827088227086395
2022Q2,RM2,LA23,0.004340470490231823,0.008157009256134044
2022Q3,RM2,LA23,0.0059014055247979865,0.011090461183484912
2023Q2,RM2,LA23,0.005722543576269493,0.01075432744567918
2023Q3,RM2,LA23,0.011685660128264663,0.021960761637432626
2019Q2,RM3,LA23,0.0045210340982466644,0.006380250711750718
2019Q3,RM3,LA23,0.009280559354275592,0.013097068975552562
2019Q4,RM3,LA23,0.00509664057680386,0.007192567886250053
2020Q3,RM3,LA23,0.00899606066487389,0.012695573891440876
2020Q4,RM3,LA23,0.0024277938762251785,0.003426192607743657
2021Q2,RM3,LA23,0.011426006341018908,0.016124803198902287
2021Q3,RM3,LA23,0.020384205573969902,0.02876694563578553
2021Q4,RM3,LA23,0.005685260321542946,0.00802324986380438
2022Q2,RM3,LA23,0.0041288941795215375,0.0058268483393770715
2022Q3,RM3,LA23,0.0030725141188743784,0.0043360456850822975
2023Q2,RM3,LA23,0.004009776683958967,0.00565874531928709
2023Q3,RM3,LA23,0.007239269730318815,0.010216325479017005
2023Q2,RM4,LA23,0.039518776166960035,0.002853702408572697
2020Q3,RM5,LA23,0.014086934178518232,0.006436357354154943
2019Q3,RM6,LA23,0.00781394424733159,0.00700581085360815
2019Q4,RM6,LA23,0.0036961723975416547,0.003313907020560972
2020Q3,RM6,LA23,0.005266122308859474,0.004721489642114426
2021Q2,RM6,LA23,0.006694463834915628,0.006002109294516047
2021Q3,RM6,LA23,0.033253213261846964,0.029814100921791205
2022Q1,RM6,LA23,0.003290701462976933,0.002950370682921216
2022Q3,RM6,LA23,0.011499794393555769,0.010310463170267395
2022Q4,RM6,LA23,0.00892076377336596,0.007998160939945789
2023Q2,RM6,LA23,0.005590789369829556,0.005012579000773467
2023Q3,RM6,LA23,0.006044000716737617,0.005418918343958715
2019Q2,RM7,LA23,0.007146805226933923,0.013660665982692955
2019Q3,RM7,LA23,0.009119252053715565,0.01743087328703366
2019Q4,RM7,LA23,0.0037343908902870335,0.007138051896078936
2020Q3,RM7,LA23,0.010668007694251521,0.020391221697598928
2020Q4,RM7,LA23,0.0032069046308284103,0.006129795287410202
2021Q2,RM7,LA23,0.007024172709675778,0.013426261685432
2021Q3,RM7,LA23,0.02288416580995321,0.0437416349677754
2021Q4,RM7,LA23,0.008637800270969824,0.016510608667805578
2022Q1,RM7,LA23,0.0057588487322537294,0.011007674964988988
2022Q2,RM7,LA23,0.01341241146495798,0.0256369758552714
2022Q3,RM7,LA23,0.012914770071667362,0.024685765819871915
2022Q4,RM7,LA23,0.00526725952982101,0.010068033309466658
2023Q1,RM7,LA23,0.0027958473929985874,0.005344085386628335
2023Q2,RM7,LA23,0.006157801588367757,0.011770248106016531
2023Q3,RM7,LA23,0.008756423211784612,0.016737348913397912
2019Q2,RM8,LA23,0.003754112979588578,0.00702186198068771
2019Q3,RM8,LA23,0.008500310944670485,0.015899364396046133
2019Q4,RM8,LA23,0.0023101490351855702,0.00432100679124199
2020Q3,RM8,LA23,0.007376914340407594,0.013798112796108463
2021Q3,RM8,LA23,0.015092486641380434,0.028229666692865675
2021Q4,RM8,LA23,0.012726558193217387,0.02380432757560655
2022Q1,RM8,LA23,0.004308698730099888,0.00805918414379781
2022Q2,RM8,LA23,0.006648534937265153,0.01243571915845017
2022Q3,RM8,LA23,0.006488695801671353,0.012136748840999809
2023Q2,RM8,LA23,0.0042444151793157294,0.007938945295449577
2023Q3,RM8,LA23,0.009417907414011632,0.017615678155571298
2019Q2,RM9,LA23,0.0011770193755633262,0.0020925753150297963
2019Q3,RM9,LA23,0.004338728805934247,0.007713651097341881
2020Q3,RM9,LA23,0.003989226196799039,0.007092284493189922
2021Q2,RM9,LA23,0.0022163768553944345,0.003940407093283424
2021Q3,RM9,LA23,0.008604092158426571,0.015296868711568785
2022Q2,RM9,LA23,0.0038270820377785506,0.006804014927125938
2022Q3,RM9,LA23,0.004230063344960398,0.0075204591533933095
2023Q2,RM9,LA23,0.010233626722708477,0.018193952544680838
2023Q3,RM9,LA23,0.004356297473277327,0.007744885723010216
2019Q1,S1,LA23,0.01749097309604341,0.027098206838505185
2019Q2,S1,LA23,0.019156253367625137,0.029678172458234574
2019Q3,S1,LA23,0.012726889191554496,0.019717363569754356
2019Q4,S1,LA23,0.01059538831315435,0.016415097231444773
2020Q1,S1,LA23,0.011620326948484284,0.01800300197433346
2020Q3,S1,LA23,0.012441509911204686,0.01927523455132414
2020Q4,S1,LA23,0.014432817926453428,0.02236030455744004
2021Q2,S1,LA23,0.009777472161492736,0.01514792582065035
2021Q3,S1,LA23,0.013230258106984269,0.02049721697822341
2021Q4,S1,LA23,0.005993478243369542,0.009285504713151009
2022Q1,S1,LA23,0.009548982062295245,0.014793933396409253
2022Q2,S1,LA23,0.009957006763537826,0.015426073054321818
2022Q3,S1,LA23,0.011539263365496938,0.01787741275029204
2022Q4,S1,LA23,0.004636958285572659,0.007183891601342183
2023Q1,S1,LA23,0.008107618354428702,0.012560874568246193
2023Q2,S1,LA23,0.013045636613433356,0.020211188785760625
2023Q3,S1,LA23,0.005216163886295718,0.008081236367938645
2019Q1,S10,LA23,0.02579610383153305,0.03609978012804616
2019Q2,S10,LA23,0.054308892251890735,0.0760013636979725
2019Q3,S10,LA23,0.07237131600188647,0.10127841833431576
2019Q4,S10,LA23,0.037429870816508934,0.05238039494341894
2020Q1,S10,LA23,0.032538422917095175,0.045535167662980616
2020Q3,S10,LA23,0.07301600031019262,0.10218060735998576
2020Q4,S10,LA23,0.024910864134585008,0.034860951247950765
2021Q2,S10,LA23,0.05100538891216522,0.0713783498895624
2021Q3,S10,LA23,0.07917268895540773,0.11079644748299768
2021Q4,S10,LA23,0.05625307164935511,0.07872210204033209
2022Q1,S10,LA23,0.028909890808051324,0.04045729961827543
2022Q2,S10,LA23,0.04457699047552663,0.062382271580463076
2022Q3,S10,LA23,0.05434206161604626,0.0760477818222296
2022Q4,S10,LA23,0.028055805513884872,0.039262069069842094
2023Q1,S10,LA23,0.02124849100759433,0.02973572514812345
2023Q2,S10,LA23,0.02260688496768291,0.03163669917143778
2023Q3,S10,LA23,0.02951913246244675,0.04130988921522212
2019Q1,S11,LA23,0.03697612234085729,0.049815395915155616
2019Q2,S11,LA23,0.03799027468897878,0.05118169388102245
2019Q3,S11,LA23,0.057173355173814326,0.07702574373609503
2019Q4,S11,LA23,0.07540641582129758,0.1015898969625083
2020Q1,S11,LA23,0.02074233234080855,0.02794472303601637
2020Q3,S11,LA23,0.11814909739407813,0.15917418298891922
2020Q4,S11,LA23,0.0145532498810311,0.019606596332430545
2021Q2,S11,LA23,0.056704356000917375,0.07639389328767937
2021Q3,S11,LA23,0.055285390658041146,0.07448221851297868
2021Q4,S11,LA23,0.026923257359885648,0.0362718597787189
2022Q1,S11,LA23,0.02628139557846357,0.03540712338290119
2022Q2,S11,LA23,0.04523182800122014,0.06093774244567695
2022Q3,S11,LA23,0.04399581473299841,0.059272546464734004
2022Q4,S11,LA23,0.028205102564673807,0.037998801987256206
2023Q1,S11,LA23,0.029629005305868667,0.03991712858038629
2023Q2,S11,LA23,0.02763214969022045,0.037226901839952704
2023Q3,S11,LA23,0.0259521462449331,0.03496354831698633
2019Q1,S12,LA23,0.009926844845814835,0.013536305899013484
2019Q2,S12,LA23,0.011444148695379713,0.015605310640043566
2019Q3,S12,LA23,0.0183932264112126,0.02508111520217386
2019Q4,S12,LA23,0.0112817925174594,0.015383920770144412
2020Q1,S12,LA23,0.01119175960102939,0.015261151338698053
2020Q3,S12,LA23,0.014685757870211919,0.02002558859110644
2020Q4,S12,LA23,0.007279622592761434,0.009926537563094143
2021Q2,S12,LA23,0.018799965222717083,0.025635746714909452
2021Q3,S12,LA23,0.05615010469683098,0.07656662365972022
2021Q4,S12,LA23,0.022696831630318458,0.030949537406734475
2022Q1,S12,LA23,0.011683282059984746,0.015931394347831015
2022Q2,S12,LA23,0.022697520928265214,0.030950477337599494
2022Q3,S12,LA23,0.024486302123013632,0.0333896702346987
2022Q4,S12,LA23,0.03302081813930218,0.04502738808874752
2023Q1,S12,LA23,0.003411070423895993,0.004651356339109143
2023Q2,S12,LA23,0.028063652420834542,0.03826776681940018
2023Q3,S12,LA23,0.01040421018540222,0.014187244174226437
2019Q1,S13,LA23,0.007780818911664471,0.015568147219688187
2019Q2,S13,LA23,0.01698865128618251,0.033991515197807964
2019Q3,S13,LA23,0.009360182051889288,0.018728194787882936
2019Q4,S13,LA23,0.01236182482960343,0.024733991503484824
2020Q1,S13,LA23,0.008089131873555245,0.01618503107663775
2020Q3,S13,LA23,0.02480647353504531,0.04963370004870997
2020Q4,S13,LA23,0.007123467635321872,0.014252894730029319
2021Q2,S13,LA23,0.012546769243452115,0.025104035054805483
2021Q3,S13,LA23,0.048466999971229836,0.0969745472057668
2021Q4,S13,LA23,0.02185437331133401,0.04372702988818049
2022Q1,S13,LA23,0.014533783406073768,0.029079725706714243
2022Q2,S13,LA23,0.014340455423641088,0.028692908004571707
2022Q3,S13,LA23,0.04326604361093292,0.08656828338964168
2022Q4,S13,LA23,0.02152553506084104,0.04306907828266701
2023Q1,S13,LA23,0.0059822543618253295,0.011969513449400615
2023Q2,S13,LA23,0.02572541383285149,0.0514723494254361
2023Q3,S13,LA23,0.01749737490051658,0.03500938802224958
2020Q3,S14,LA23,0.018496545095594258,0.0031189075172565928
2021Q3,S14,LA23,0.03623585397543825,0.00611012904161903
2021Q4,S14,LA23,0.033724025123872514,0.005686581733366506
2022Q1,S14,LA23,0.0568287342119176,0.009582522866497096
2022Q2,S14,LA23,0.02780163179887661,0.004687941340470661
2022Q3,S14,LA23,0.024310455542569304,0.0040992554094716775
2023Q2,S14,LA23,0.02782049838635851,0.004691122644936882
2023Q3,S14,LA23,0.039540937073401485,0.006667435742201217
2020Q3,S17,LA23,0.28551279898510906,0.009324837204733354
2021Q2,S17,LA23,0.41641655425213614,0.013600148895460564
2021Q3,S17,LA23,0.2885479082927665,0.00942396375980577
2021Q4,S17,LA23,0.19830487706202304,0.006476629776602308
2022Q1,S17,LA23,0.15699993945277932,0.005127612078176977
2022Q2,S17,LA23,0.21390547173092328,0.006986144607816978
2022Q3,S17,LA23,0.2938897892259376,0.00959842938882819
2023Q2,S17,LA23,0.3327152794066063,0.0108664684281134
2023Q3,S17,LA23,0.10742427363536028,0.0035084727096199577
2019Q1,S18,LA23,0.009899329379920198,0.008824070960800788
2019Q2,S18,LA23,0.015557108729238425,0.013867306168248729
2019Q3,S18,LA23,0.017541614256827882,0.015636256056214968
2019Q4,S18,LA23,0.0128764121224656,0.011477785002247078
2020Q1,S18,LA23,0.010117603898629556,0.009018636649859772
2020Q3,S18,LA23,0.060266397632278576,0.053720302542691
2020Q4,S18,LA23,0.04157760518217441,0.03706147400770931
2021Q2,S18,LA23,0.032552022779414096,0.029016244222138332
2021Q3,S18,LA23,0.08266220682487818,0.07368349418483501
2021Q4,S18,LA23,0.053257035858116766,0.04747229287341107
2022Q1,S18,LA23,0.03344767020995619,0.029814607038410844
2022Q2,S18,LA23,0.039249019198113334,0.03498581744824986
2022Q3,S18,LA23,0.03562992872030797,0.03175983011475531
2022Q4,S18,LA23,0.03231257782243527,0.028802807613404726
2023Q1,S18,LA23,0.012838289111022493,0.01144380288635792
2023Q2,S18,LA23,0.022652368948332682,0.02019188405184061
2023Q3,S18,LA23,0.020745975037806442,0.018492561350260027
2019Q1,S2,LA23,0.012157200705944912,0.02747989107207724
2019Q2,S2,LA23,0.015327926750893315,0.034646936220223315
2019Q3,S2,LA23,0.01955245875543684,0.04419598308745087
2019Q4,S2,LA23,0.01089596018426225,0.0246290084560996
2020Q1,S2,LA23,0.004637481919200459,0.010482470518565918
2020Q3,S2,LA23,0.027407079603099814,0.06195040949917385
2020Q4,S2,LA23,0.005175180452537653,0.01169787342941005
2021Q2,S2,LA23,0.01656581689010506,0.037445038103011405
2021Q3,S2,LA23,0.030783257026967006,0.06958185279701366
2021Q4,S2,LA23,0.016344947861390402,0.036945790208937714
2022Q1,S2,LA23,0.016396702544730062,0.037062775450445486
2022Q2,S2,LA23,0.04262538750368102,0.09634956548290324
2022Q3,S2,LA23,0.0195118994609531,0.044104303676924375
2022Q4,S2,LA23,0.009185112846125831,0.020761843667913445
2023Q1,S2,LA23,0.010028125626976622,0.02266737274080441
2023Q2,S2,LA23,0.024067814975631856,0.054402403141198055
2023Q3,S2,LA23,0.027488294152543183,0.062133985227349524
2019Q1,S20,LA23,0.01234513390972517,0.03704542288062975
2019Q2,S20,LA23,0.016097624005454055,0.04830593924830892
2019Q3,S20,LA23,0.018707515538690773,0.0561377324251463
2019Q4,S20,LA23,0.016051073872124906,0.04816625106129222
2020Q1,S20,LA23,0.009255935025392828,0.02777531857319021
2020Q3,S20,LA23,0.03062360274852353,0.09189566692782236
2020Q4,S20,LA23,0.006930934163214004,0.020798428669274963
2021Q2,S20,LA23,0.019539249805006608,0.058633610383643585
2021Q3,S20,LA23,0.04023319349700396,0.12073223974999354
2021Q4,S20,LA23,0.019693669993674574,0.05909699630009808
2022Q1,S20,LA23,0.01139565093658762,0.03419620321925945
2022Q2,S20,LA23,0.02363134866329986,0.07091322871612632
2022Q3,S20,LA23,0.015796927492023532,0.047403605617890435
2022Q4,S20,LA23,0.010395304955449124,0.031194353245884883
2023Q1,S20,LA23,0.009001764551019545,0.0270126008274142
2023Q2,S20,LA23,0.013603722297189657,0.04082220970102559
2023Q3,S20,LA23,0.035567964192799506,0.10673276484164827
2019Q2,S21,LA23,0.01889280798143889,0.005135203827471364
2020Q3,S21,LA23,0.04775392366585764,0.012979866826922084
2020Q4,S21,LA23,0.046720756480118884,0.012699044405404022
2021Q2,S21,LA23,0.0170081556871652,0.004622941506035868
2021Q3,S21,LA23,0.01952271011733728,0.005306415849653333
2021Q4,S21,LA23,0.012510260748015756,0.003400380660142744
2022Q2,S21,LA23,0.04981679995973096,0.013540571739093187
2022Q3,S21,LA23,0.03214336334271698,0.00873680199510246
2023Q2,S21,LA23,0.027339561538583104,0.007431093418842249
2023Q3,S21,LA23,0.04420327598428174,0.012014774735670005
2019Q1,S25,LA23,0.014209628908713069,0.012313817355494592
2019Q2,S25,LA23,0.028129408420274653,0.024376456262906347
2019Q3,S25,LA23,0.015175209528527153,0.013150572732484428
2019Q4,S25,LA23,0.02122375070483597,0.018392133352451438
2020Q1,S25,LA23,0.00330865506431757,0.002867222952554128
2019Q1,S26,LA23,0.009089327169296264,0.003673105215746793
2019Q2,S26,LA23,0.027543871088910304,0.011130805908306507
2019Q3,S26,LA23,0.008921324369958263,0.0036052132863427094
2019Q4,S26,LA23,0.023722209966588973,0.009586427194705635
2020Q1,S26,LA23,0.018814166525225738,0.007603028464766541
2020Q3,S26,LA23,0.04465797094820452,0.018046817213118203
2020Q4,S26,LA23,0.031884748530378475,0.012885006111929371
2021Q2,S26,LA23,0.04160958788630795,0.016814929360949117
2021Q3,S26,LA23,0.0269815358404339,0.010903559546094543
2021Q4,S26,LA23,0.03258717556999615,0.013168865233165187
2022Q1,S26,LA23,0.01712000411102814,0.0069183972831613596
2022Q3,S26,LA23,0.04702110297552757,0.01900178697197777
2023Q1,S26,LA23,0.014468458332338903,0.005846876097039406
2019Q1,S3,LA23,0.014531955118571159,0.03627279970958392
2019Q2,S3,LA23,0.0452327314417906,0.112904133994242
2019Q3,S3,LA23,0.04894892639801157,0.12218002249162012
2019Q4,S3,LA23,0.018985954956819245,0.047390301981031696
2020Q1,S3,LA23,0.014957907016423962,0.03733600612266917
2020Q3,S3,LA23,0.029683705732440276,0.0740926533206153
2020Q4,S3,LA23,0.031808743687576434,0.07939690009904167
2021Q2,S3,LA23,0.020552982890858062,0.05130171582224799
2021Q3,S3,LA23,0.04733482795502948,0.11815111729227645
2021Q4,S3,LA23,0.022428387833026156,0.05598286073954082
2022Q1,S3,LA23,0.02408703670231886,0.060122966990453726
2022Q2,S3,LA23,0.034474151085381335,0.08604994766877068
2022Q3,S3,LA23,0.034298730160974907,0.08561208449042018
2022Q4,S3,LA23,0.015329199190968484,0.03826277795557816
2023Q1,S3,LA23,0.006933761148780733,0.017307163924722282
2023Q2,S3,LA23,0.036355059656287415,0.09074483003716764
2023Q3,S3,LA23,0.0331764823283662,0.08281087360554007
2019Q2,S32,LA23,0.08420722279612215,0.01094093987357262
2019Q3,S32,LA23,0.05006067698509899,0.00650432158593326
2020Q3,S32,LA23,0.14185268221015512,0.018430742820291453
2021Q2,S32,LA23,0.05614686667147101,0.007295092652911384
2021Q3,S32,LA23,0.07951612111777195,0.010331430858794744
2021Q4,S32,LA23,0.059974872418252875,0.007792460685255036
2022Q1,S32,LA23,0.05390537704390345,0.007003858689503879
2023Q2,S32,LA23,0.04734117355661768,0.0061509798830602525
2023Q3,S32,LA23,0.03627451411683707,0.004713102566703485
2020Q3,S33,LA23,0.044640063431598105,0.002285333444732976
2020Q4,S33,LA23,0.07148652526946347,0.0036597292765138266
2021Q2,S33,LA23,0.10615290710292358,0.005434463354418649
2021Q3,S33,LA23,0.14874230702836247,0.0076148137517663955
2021Q4,S33,LA23,0.10847755733098008,0.0055534730624049325
2022Q1,S33,LA23,0.16380592752195347,0.008385990875327579
2022Q3,S33,LA23,0.05068471894562114,0.002594787606447008
2019Q1,S35,LA23,0.020444477981570862,0.035129843777720514
2019Q2,S35,LA23,0.030290247466885505,0.05204787632432482
2019Q3,S35,LA23,0.036934448240592235,0.06346463812271988
2019Q4,S35,LA23,0.021806197679351758,0.0374696932126246
2020Q1,S35,LA23,0.030804269091880606,0.052931122127945984
2020Q3,S35,LA23,0.033998979132493584,0.05842060758915538
2020Q4,S35,LA23,0.0063649308387777465,0.010936890940615613
2021Q2,S35,LA23,0.023597488985644042,0.040547677586065735
2021Q3,S35,LA23,0.023863630666889457,0.04100499010308472
2021Q4,S35,LA23,0.019013161708172587,0.03267040621583627
2022Q1,S35,LA23,0.02244106656261356,0.038560591435040786
2022Q2,S35,LA23,0.0152907547783108,0.026274176679380225
2022Q3,S35,LA23,0.0277454701390815,0.04767517333550676
2023Q1,S35,LA23,0.010092765796604857,0.01734244748334762
2023Q2,S35,LA23,0.022779455716854767,0.03914204712861656
2023Q3,S35,LA23,0.028752348287780567,0.049405296848510284
2019Q1,S36,LA23,0.021127632103506468,0.023169585032221617
2019Q2,S36,LA23,0.052915800026020886,0.058030030163552765
2019Q3,S36,LA23,0.035159580341285634,0.03855769934007151
2019Q4,S36,LA23,0.024859024024125504,0.027261610204270068
2020Q1,S36,LA23,0.013008841660915666,0.014266126064513822
2020Q3,S36,LA23,0.024764875539026843,0.02715836241386642
2021Q2,S36,LA23,0.008728250243887757,0.009571822115110722
2021Q3,S36,LA23,0.030906152212675543,0.033893183968852096
2021Q4,S36,LA23,0.03557652363243685,0.039014939554716264
2022Q1,S36,LA23,0.008275111211616669,0.009074887897012465
2022Q2,S36,LA23,0.012241412832800506,0.013424526428450424
2022Q3,S36,LA23,0.01799871137114485,0.019738258955907476
2022Q4,S36,LA23,0.015718643401840166,0.017237825947833553
2023Q1,S36,LA23,0.009856120086032606,0.010808698831101832
2023Q2,S36,LA23,0.006257775534411543,0.006862579850254061
2023Q3,S36,LA23,0.024871682643970702,0.02727549226012266
2019Q3,S4,LA23,0.011122574350074004,0.006260084165776718
2019Q4,S4,LA23,0.008336728015319612,0.004692134878176132
2020Q3,S4,LA23,0.030495935038904368,0.01716393292136819
2020Q4,S4,LA23,0.01516594396117769,0.008535801394736803
2021Q2,S4,LA23,0.029971035651105492,0.01686850542025522
2021Q3,S4,LA23,0.033737696186996555,0.018988483335119037
2021Q4,S4,LA23,0.01495475096226889,0.008416936291498985
2022Q1,S4,LA23,0.04851889377850767,0.02730773911903025
2022Q2,S4,LA23,0.017697690690189016,0.009960736586105998
2022Q3,S4,LA23,0.030742198408069923,0.017302536572771414
2022Q4,S4,LA23,0.018539251113456383,0.010434389439701472
2023Q2,S4,LA23,0.015681337094767774,0.008825878520156594
2023Q3,S4,LA23,0.007094748749230637,0.0039931155240987325
2019Q1,S40,LA23,0.024336272724656195,0.057954618787228525
2019Q2,S40,LA23,0.02557112241664046,0.060895300952002615
2019Q3,S40,LA23,0.027703266261774388,0.06597280748483665
2019Q4,S40,LA23,0.01720373451188033,0.040969128125465534
2020Q1,S40,LA23,0.01460020307042098,0.03476905493030158
2020Q3,S40,LA23,0.03502079511118627,0.08339883651279674
2020Q4,S40,LA23,0.017229359343214786,0.041030151329317546
2021Q2,S40,LA23,0.016745402220618662,0.03987765148405547
2021Q3,S40,LA23,0.05006235857628602,0.11921895105731252
2021Q4,S40,LA23,0.025338009318315938,0.06034016332264741
2022Q1,S40,LA23,0.028135943360527042,0.06700318862002044
2022Q2,S40,LA23,0.02704166590678744,0.06439726644794168
2022Q3,S40,LA23,0.018315833975090692,0.04361749179121864
2022Q4,S40,LA23,0.01077943141822615,0.02567023494741824
2023Q1,S40,LA23,0.01818221444582184,0.043299289042222494
2023Q2,S40,LA23,0.02265526557241158,0.05395145323311151
2023Q3,S40,LA23,0.016350858757122017,0.038938082130907374
2019Q1,S41,LA23,0.008281564414289523,0.031671332008695034
2019Q2,S41,LA23,0.019000295454106537,0.07266316307966947
2019Q3,S41,LA23,0.01555035573911444,0.05946949813214264
2019Q4,S41,LA23,0.017244404907633296,0.06594808007284922
2020Q1,S41,LA23,0.006508923191916681,0.024892189098304988
2020Q3,S41,LA23,0.01122769824737132,0.042938283287680866
2020Q4,S41,LA23,0.005715118870250225,0.021856429311415484
2021Q2,S41,LA23,0.012330047750393829,0.04715401782204071
2021Q3,S41,LA23,0.015074379422581356,0.0576492135584715
2021Q4,S41,LA23,0.011301450376811885,0.04322033484956088
2022Q1,S41,LA23,0.0052682199121071895,0.020147345789313542
2022Q2,S41,LA23,0.009349958822599074,0.035757211478933744
2022Q3,S41,LA23,0.007622181430824142,0.02914964210259683
2022Q4,S41,LA23,0.003986226027145636,0.015244594094998868
2023Q1,S41,LA23,0.008415305138119961,0.03218279900401398
2023Q2,S41,LA23,0.01324545517294767,0.05065482647999205
2023Q3,S41,LA23,0.010483087219938226,0.040090654278543685
2019Q1,S42,LA23,0.010239902360774359,0.005663734183109115
2019Q2,S42,LA23,0.021825708603726738,0.012071893611313484
2019Q3,S42,LA23,0.02510994414528079,0.013888418461524546
2019Q4,S42,LA23,0.02161851574696176,0.011957294348155364
2020Q1,S42,LA23,0.0032983534144440303,0.0018243335066281462
2020Q4,S42,LA23,0.019278870478583544,0.010663226454146543
2021Q2,S42,LA23,0.0237125361712634,0.013115506080981786
2021Q3,S42,LA23,0.04813514906047465,0.02662375865879316
2021Q4,S42,LA23,0.025130467349389368,0.013899769934279008
2022Q1,S42,LA23,0.015696198790660768,0.008681635283563253
2022Q2,S42,LA23,0.03686908649427125,0.02039245083796088
2022Q3,S42,LA23,0.07681495423124103,0.042486682658226235
2022Q4,S42,LA23,0.04809658635211776,0.026602429458394646
2023Q2,S42,LA23,0.018382516271115142,0.010167449074036002
2023Q3,S42,LA23,0.025034387381110343,0.013846627689218304
2019Q1,S43,LA23,0.0039127298249942224,0.007390387182149491
2019Q2,S43,LA23,0.01443596912715009,0.02726674367284056
2019Q3,S43,LA23,0.014567114383525672,0.02751445160696025
2019Q4,S43,LA23,0.011500436063614092,0.021722091500091963
2020Q1,S43,LA23,0.006798614494625046,0.01284126317551886
2020Q3,S43,LA23,0.017621045660129297,0.033282735023209206
2020Q4,S43,LA23,0.0035084227036168425,0.00662672950550846
2021Q2,S43,LA23,0.007361092135367256,0.01390367426248755
2021Q3,S43,LA23,0.02064025751246769,0.0389854401860295
2021Q4,S43,LA23,0.0061667745641710535,0.01164784018644133
2022Q1,S43,LA23,0.011837792498067686,0.022359292324200787
2022Q2,S43,LA23,0.006679029619868092,0.01261539055841731
2022Q3,S43,LA23,0.015294270043219359,0.028887907507876082
2022Q4,S43,LA23,0.01062314856051555,0.020065065687437246
2023Q1,S43,LA23,0.009968800337373629,0.018829128902311157
2023Q2,S43,LA23,0.013473165423601151,0.025448194356150998
2023Q3,S43,LA23,0.010937384231731885,0.020658595877509792
2019Q2,S44,LA23,0.0140620047908782,0.005288629465592199
2019Q3,S44,LA23,0.010358775656179287,0.003895868830756357
2019Q4,S44,LA23,0.016299744869157563,0.006130229101655596
2020Q3,S44,LA23,0.035128866560473336,0.013211740541084913
2021Q2,S44,LA23,0.01728115922479469,0.0064993327221112345
2022Q2,S44,LA23,0.035255748729860314,0.013259460108078198
2022Q3,S44,LA23,0.018146457170871613,0.006824765708530594
2023Q1,S44,LA23,0.010873801916463685,0.004089566891324556
2023Q2,S44,LA23,0.014183119588929403,0.005334179961358517
2023Q3,S44,LA23,0.029931888249809586,0.011257190458464482
2020Q3,S45,LA23,0.020273327456674376,0.003385341766302436
2021Q2,S45,LA23,0.01247436171087926,0.002083031401631139
2021Q3,S45,LA23,0.028345075148941336,0.00473320262674005
2021Q4,S45,LA23,0.04340566950470369,0.00724809610966042
2022Q1,S45,LA23,0.04150139172600022,0.0069301102677869824
2022Q2,S45,LA23,0.048663866263361034,0.008126136142336874
2023Q2,S45,LA23,0.042279036767053295,0.0070599653319081065
2019Q1,S5,LA23,0.008699336704675462,0.02044834057324241
2019Q2,S5,LA23,0.017379910055698732,0.040852576698203136
2019Q3,S5,LA23,0.015243686862598575,0.03583124911014757
2019Q4,S5,LA23,0.008877803881544345,0.020867838948537925
2020Q1,S5,LA23,0.00979471668321352,0.02302310042202708
2020Q3,S5,LA23,0.03353048209162121,0.07881551670784015
2020Q4,S5,LA23,0.012152870362544107,0.028566089640168338
2021Q2,S5,LA23,0.028140877932807843,0.0661469116019879
2021Q3,S5,LA23,0.062438565871630665,0.14676579412792884
2021Q4,S5,LA23,0.029757263950953818,0.06994632906551844
2022Q1,S5,LA23,0.01609898819317703,0.03784168892804953
2022Q2,S5,LA23,0.033918545156663926,0.07972768346115422
2022Q3,S5,LA23,0.030703336849774263,0.07217013318977976
2022Q4,S5,LA23,0.01689981427897182,0.03972408124118617
2023Q1,S5,LA23,0.007234011063227706,0.017004000069566455
2023Q2,S5,LA23,0.026089274388719462,0.06132448784544526
2023Q3,S5,LA23,0.012804881522159714,0.030098683066769355
2019Q1,S6,LA23,0.0263628063515779,0.0866893898664807
2019Q2,S6,LA23,0.032258017484464836,0.10607474093376056
2019Q3,S6,LA23,0.03309803257545494,0.10883698083892944
2019Q4,S6,LA23,0.030238828241168463,0.0994349970008903
2020Q1,S6,LA23,0.01587836085118065,0.05221315955181974
2020Q2,S6,LA23,0.0013457963478753915,0.00442541141963336
2020Q3,S6,LA23,0.06724808488820212,0.2211333410753752
2020Q4,S6,LA23,0.02118258869395053,0.06965516740448517
2021Q2,S6,LA23,0.04076584177674938,0.1340512047120649
2021Q3,S6,LA23,0.08114815347203766,0.26684123911039664
2021Q4,S6,LA23,0.04069356846494737,0.1338135468079635
2022Q1,S6,LA23,0.025051354668452968,0.08237691475539811
2022Q2,S6,LA23,0.04470811236985669,0.14701465890003626
2022Q3,S6,LA23,0.02934971479141538,0.09651130589406078
2022Q4,S6,LA23,0.02116664766837813,0.0696027481831668
2023Q1,S6,LA23,0.02015189694949308,0.06626592130997419
2023Q2,S6,LA23,0.021835357200424045,0.07180168029069223
2023Q3,S6,LA23,0.019751942114787025,0.06495074112268955
2019Q1,S60,LA23,0.015009768563528,0.018354897629721825
2019Q2,S60,LA23,0.012950605905866231,0.01583682284233523
2019Q3,S60,LA23,0.02504330127787447,0.030624538234560513
2019Q4,S60,LA23,0.012309804088777816,0.015053209710406103
2020Q1,S60,LA23,0.008614876246435468,0.010534817437510068
2020Q3,S60,LA23,0.01850680346604797,0.022631293856062516
2020Q4,S60,LA23,0.008124666995145557,0.009935358452750478
2021Q2,S60,LA23,0.01133784052805476,0.013864630980402134
2021Q3,S60,LA23,0.030775692731295125,0.0376344703234999
2021Q4,S60,LA23,0.01436784336255652,0.017569910752682282
2022Q1,S60,LA23,0.016496655820968438,0.02017315773691446
2022Q2,S60,LA23,0.027315492995046257,0.0334031184763059
2022Q3,S60,LA23,0.033695308317918685,0.04120476156308843
2022Q4,S60,LA23,0.009348268545675614,0.011431656087486905
2023Q1,S60,LA23,0.007157078719019711,0.008752130098439698
2023Q2,S60,LA23,0.013122661016378068,0.016047222751351082
2019Q1,S61,LA23,0.01881918457351223,0.020772255209802887
2019Q2,S61,LA23,0.017386081825835432,0.01919042386634971
2019Q3,S61,LA23,0.02910971123736549,0.03213074129456675
2019Q4,S61,LA23,0.024842762111135192,0.027420964637077952
2020Q1,S61,LA23,0.0047287543356242774,0.005219508395826167
2020Q3,S61,LA23,0.04226657440514239,0.04665303467098544
2020Q4,S61,LA23,0.01262857110908719,0.013939174728235585
2021Q2,S61,LA23,0.023602176457133417,0.026051629971493358
2021Q3,S61,LA23,0.04663315554888875,0.051472783239681484
2021Q4,S61,LA23,0.01919851988806549,0.021190958258981853
2022Q1,S61,LA23,0.015624933618776362,0.01724650223274142
2022Q2,S61,LA23,0.025909171871267664,0.028598047289578987
2022Q3,S61,LA23,0.043191101883920634,0.04767351038089943
2022Q4,S61,LA23,0.0181936186515672,0.020081767535884896
2023Q1,S61,LA23,0.012850761643876465,0.014184424381631382
2023Q2,S61,LA23,0.02479402692308,0.02736717167064916
2023Q3,S61,LA23,0.016399652797712896,0.01810162241278625
2019Q1,S62,LA23,0.011392810691868564,0.01222315017820735
2019Q2,S62,LA23,0.019327128075562944,0.020735742510815603
2019Q3,S62,LA23,0.03345519454280512,0.035893501454361536
2019Q4,S62,LA23,0.019776152645172542,0.021217493230325086
2020Q1,S62,LA23,0.007442095343107781,0.007984495791215894
2020Q3,S62,LA23,0.03325430271599945,0.0356779680767752
2020Q4,S62,LA23,0.0052773022694819205,0.00566192662375331
2021Q2,S62,LA23,0.013198208893855827,0.01416013078388934
2021Q3,S62,LA23,0.03857237638944561,0.041383637636939016
2021Q4,S62,LA23,0.028947696814618482,0.031057484851463226
2022Q1,S62,LA23,0.009941887836744049,0.010666480060986996
2022Q2,S62,LA23,0.019943079533799733,0.021396586211298373
2022Q3,S62,LA23,0.019223346320017574,0.020624396854497937
2022Q4,S62,LA23,0.021080433227526462,0.02261683338121606
2023Q1,S62,LA23,0.004114474872121328,0.004414349156375825
2023Q2,S62,LA23,0.00991176417133575,0.01063416089970518
2023Q3,S62,LA23,0.026529918864163195,0.028463492571132776
2019Q1,S63,LA23,0.017478583112492754,0.032572002684506184
2019Q2,S63,LA23,0.019366088667112785,0.03608944088853094
2019Q3,S63,LA23,0.02857268809510619,0.05324628817722437
2019Q4,S63,LA23,0.01004988363177285,0.0187283393926314
2020Q1,S63,LA23,0.00859905457651043,0.016024664410590618
2020Q3,S63,LA23,0.014447687381411703,0.026923813511857003
2021Q2,S63,LA23,0.005625231358139732,0.01048283203043708
2021Q3,S63,LA23,0.007022208171633304,0.013086151317043493
2021Q4,S63,LA23,0.010715509755538215,0.019968758924959886
2022Q1,S63,LA23,0.008612866822958348,0.0160504040558173
2022Q2,S63,LA23,0.00634921034330304,0.011831994333610877
2022Q3,S63,LA23,0.003811054864717913,0.007102045313711275
2022Q4,S63,LA23,0.004810464011492922,0.008964482171559816
2023Q1,S63,LA23,0.004055291076486564,0.007557188759503294
2023Q2,S63,LA23,0.005635784535201062,0.010502498276228251
2023Q3,S63,LA23,0.008188101446239809,0.015258837662722622
2019Q1,S64,LA23,0.006796668965645621,0.004385572811431389
2019Q2,S64,LA23,0.013590536613628669,0.008769338063506972
2019Q3,S64,LA23,0.04420837840203935,0.02852560031059828
2019Q4,S64,LA23,0.010525446879945765,0.006791578918757992
2020Q1,S64,LA23,0.010602539142019824,0.00684132295222978
2020Q3,S64,LA23,0.050237486328139465,0.03241590185853875
2020Q4,S64,LA23,0.01841238867986552,0.01188065383146918
2021Q2,S64,LA23,0.02581559894581185,0.016657599394619742
2021Q3,S64,LA23,0.06513444544688654,0.042028213303219535
2021Q4,S64,LA23,0.03006441347099239,0.019399160820758217
2022Q1,S64,LA23,0.02025778470326333,0.013071401632700114
2022Q2,S64,LA23,0.030958482016179782,0.019976061464757344
2022Q3,S64,LA23,0.029731392827265488,0.019184278164539968
2022Q4,S64,LA23,0.019147342381818658,0.012354885104058513
2023Q1,S64,LA23,0.0072857790295311935,0.004701172674955164
2023Q2,S64,LA23,0.03107322398763885,0.02005009909597117
2023Q3,S64,LA23,0.024237112469304174,0.015639075848810028
2019Q1,S65,LA23,0.0085360798406315,0.02245928650776399
2019Q2,S65,LA23,0.015260932309869822,0.04015305122750611
2019Q3,S65,LA23,0.01917750437079763,0.050457947114957616
2019Q4,S65,LA23,0.024316244769980226,0.06397849109638848
2020Q1,S65,LA23,0.007342957751584922,0.01932006202334813
2020Q3,S65,LA23,0.02039978262863315,0.0536738844184339
2020Q4,S65,LA23,0.005899054139100159,0.01552100607168876
2021Q2,S65,LA23,0.008882326519934713,0.023370296423090343
2021Q3,S65,LA23,0.023941611358953188,0.0629927928284802
2021Q4,S65,LA23,0.01844219733549641,0.04852328018525106
2022Q1,S65,LA23,0.0098887227212142,0.026018226274598055
2022Q2,S65,LA23,0.016486233356175453,0.04337694179214793
2022Q3,S65,LA23,0.014233568948565863,0.0374499546644592
2022Q4,S65,LA23,0.01472254620344851,0.03873650311154786
2023Q1,S65,LA23,0.009872317223790072,0.0259750617571814
2023Q2,S65,LA23,0.012290493040085636,0.03233752608487099
2023Q3,S65,LA23,0.019905336874609127,0.05237294779887301
2019Q1,S66,LA23,0.0197537383319622,0.040654178983309835
2019Q2,S66,LA23,0.015332123206539938,0.03155427446481302
2019Q3,S66,LA23,0.022907282060407555,0.04714432930389358
2019Q4,S66,LA23,0.013745233471079431,0.028288376220742262
2020Q1,S66,LA23,0.01186267705389133,0.024413981195132883
2020Q3,S66,LA23,0.0409376096581933,0.08425164301686612
2020Q4,S66,LA23,0.014928848748418369,0.03072431551100101
2021Q2,S66,LA23,0.024558567830517145,0.05054275779993205
2021Q3,S66,LA23,0.059389655750211226,0.12222687443012265
2021Q4,S66,LA23,0.037812311653620215,0.07781962380516512
2022Q1,S66,LA23,0.02487910761237106,0.05120244466242711
2022Q2,S66,LA23,0.02218223821802469,0.0456521529044884
2022Q3,S66,LA23,0.03950097733691399,0.08129498202738672
2022Q4,S66,LA23,0.023543829660956788,0.04845437602260773
2023Q1,S66,LA23,0.008062116538685377,0.01659223804831379
2023Q2,S66,LA23,0.022801395727383912,0.046926409947957576
2023Q3,S66,LA23,0.013048259695082066,0.026853969418348642
2019Q1,S7,LA23,0.03316968392517313,0.06048520188535729
2019Q2,S7,LA23,0.055170001885299656,0.10060296955423807
2019Q3,S7,LA23,0.03605918809170172,0.06575423740753256
2019Q4,S7,LA23,0.031651479952118165,0.057716743976004424
2020Q1,S7,LA23,0.030958633354438308,0.056453332288670076
2020Q3,S7,LA23,0.04204330661417163,0.0766663286337865
2020Q4,S7,LA23,0.02531621976379884,0.046164342923549664
2021Q2,S7,LA23,0.03371150312840624,0.06147321382924099
2021Q3,S7,LA23,0.06824257471131877,0.1244409177338626
2021Q4,S7,LA23,0.05949928204215396,0.10849744888953483
2022Q1,S7,LA23,0.036528090682073834,0.06660928528520314
2022Q2,S7,LA23,0.03239329447632515,0.059069449095515585
2022Q3,S7,LA23,0.03291826236881007,0.06002673253035059
2022Q4,S7,LA23,0.015717713161627428,0.02866138416940644
2023Q1,S7,LA23,0.02359524495976444,0.043026130672373056
2023Q2,S7,LA23,0.037484571080141325,0.06835343545880772
2023Q3,S7,LA23,0.0256195037071234,0.046717383784052144
2019Q1,S70,LA23,0.02746298924434295,0.08760972678808301
2019Q2,S70,LA23,0.019513381146176723,0.06224966902612113
2019Q3,S70,LA23,0.0353266078539149,0.11269546934220775
2019Q4,S70,LA23,0.02189939680557644,0.0698613014734213
2020Q1,S70,LA23,0.010919667809117312,0.034834850090852916
2020Q3,S70,LA23,0.048405101382086896,0.15441719288105674
2020Q4,S70,LA23,0.016721351860346366,0.05334281184682442
2021Q2,S70,LA23,0.03268076523161461,0.10425496247670904
2021Q3,S70,LA23,0.060834299478195415,0.19406759800290027
2021Q4,S70,LA23,0.03224682881921977,0.10287066121965838
2022Q1,S70,LA23,0.019483531869297792,0.06215444679925725
2022Q2,S70,LA23,0.030091878746593557,0.095996151477656
2022Q3,S70,LA23,0.03660795095820521,0.11678308406942806
2022Q4,S70,LA23,0.029374702840534325,0.09370828744982487
2023Q1,S70,LA23,0.010231343937581155,0.032639026985419484
2023Q2,S70,LA23,0.017770337495720358,0.05668918263341567
2023Q3,S70,LA23,0.016453048337420943,0.05248689634066304
2019Q1,S71,LA23,0.019496177572262328,0.051277133015009024
2019Q2,S71,LA23,0.02336770843790102,0.061459693285259576
2019Q3,S71,LA23,0.03302969783914952,0.08687180875666868
2019Q4,S71,LA23,0.025260630354966968,0.06643829017014387
2020Q1,S71,LA23,0.022448957626226833,0.05904327563604352
2020Q3,S71,LA23,0.028367575591058538,0.07460990450587282
2020Q4,S71,LA23,0.009503865626713029,0.0249962322148252
2021Q2,S71,LA23,0.016490918678661492,0.04337296516156516
2021Q3,S71,LA23,0.03798673522166617,0.09990937287822807
2021Q4,S71,LA23,0.01526449726813456,0.040147339339941766
2022Q1,S71,LA23,0.013893532254250976,0.0365415476346052
2022Q2,S71,LA23,0.022327285890118696,0.05872326532769157
2022Q3,S71,LA23,0.022885667341503338,0.06019187115309705
2022Q4,S71,LA23,0.012139161071478971,0.03192735471585144
2023Q1,S71,LA23,0.018031883244305737,0.04742587474915397
2023Q2,S71,LA23,0.02950627569342436,0.07760481345132111
2023Q3,S71,LA23,0.03627137266825192,0.09539777702850988
2019Q1,S72,LA23,0.010266048689530656,0.003955662894246428
2019Q2,S72,LA23,0.013270993008926448,0.005113513115201689
2019Q3,S72,LA23,0.008289773332226014,0.003194174288832365
2019Q4,S72,LA23,0.030096166756811038,0.011596505500736437
2020Q3,S72,LA23,0.05241464292447282,0.020196149891920315
2020Q4,S72,LA23,0.012661334953867315,0.004878602701321106
2021Q4,S72,LA23,0.02768155307490864,0.010666118549115837
2022Q1,S72,LA23,0.01466500645645932,0.005650647453373078
2022Q3,S72,LA23,0.03654833426164584,0.014082622638712369
2022Q4,S72,LA23,0.01289176280601032,0.00496739001687831
2023Q1,S72,LA23,0.015168832826983716,0.00584477932818667
2023Q2,S72,LA23,0.0200674887781606,0.007732305109893803
2023Q3,S72,LA23,0.04788677315882898,0.01845149360169611
2019Q1,S73,LA23,0.00978993089517415,0.0055659813731471115
2019Q2,S73,LA23,0.012980922893585595,0.007380192547382744
2019Q3,S73,LA23,0.030305140451675663,0.01722972808191954
2019Q4,S73,LA23,0.014860647615748816,0.008448893940909639
2020Q1,S73,LA23,0.023507813721439258,0.013365166179205749
2020Q3,S73,LA23,0.05874200163311925,0.033397261983993086
2020Q4,S73,LA23,0.028566703475018374,0.016241354626164675
2021Q2,S73,LA23,0.020833011605123783,0.011844430341978822
2021Q3,S73,LA23,0.05966030839306383,0.033919357428324165
2021Q4,S73,LA23,0.04176076611790006,0.023742725952760668
2022Q1,S73,LA23,0.01570735671527948,0.008930283148547966
2022Q2,S73,LA23,0.031122854406314012,0.01769463234823291
2022Q4,S73,LA23,0.02157569426376888,0.012266676207495164
2023Q1,S73,LA23,0.011378559623221169,0.006469182632056386
2023Q2,S73,LA23,0.020972646118684112,0.011923818348885831
2023Q3,S73,LA23,0.03541642494076193,0.020135705107062155
2019Q1,S74,LA23,0.016972260883292137,0.01470557989509744
2019Q2,S74,LA23,0.02494460888598629,0.021613204124498197
2019Q3,S74,LA23,0.01967810940780972,0.017050056681952398
2019Q4,S74,LA23,0.013451052896211756,0.011654636609619164
2020Q1,S74,LA23,0.0062760398300427825,0.005437861566007564
2020Q3,S74,LA23,0.011537282154791715,0.00999645395897673
2020Q4,S74,LA23,0.01720816521249744,0.014909978707052013
2021Q2,S74,LA23,0.05116854188624443,0.04433487594835102
2021Q3,S74,LA23,0.038924381212634834,0.0337259485772529
2021Q4,S74,LA23,0.03208223775000317,0.027797587704453744
2022Q1,S74,LA23,0.02200569322617673,0.01906678680641256
2022Q2,S74,LA23,0.021325183921376854,0.01847716094454856
2022Q3,S74,LA23,0.022503787651725532,0.019498359678204867
2022Q4,S74,LA23,0.01431297571770507,0.012401447833064079
2023Q1,S74,LA23,0.010011789745098695,0.008674694255636958
2023Q2,S74,LA23,0.02317036132759818,0.020075911043572082
2023Q3,S74,LA23,0.011067976902775223,0.009589825406294552
2019Q1,S75,LA23,0.034680269028268464,0.033779090822313604
2019Q2,S75,LA23,0.04254017588837989,0.04143475541552122
2019Q3,S75,LA23,0.07655414477709603,0.07456486012672614
2019Q4,S75,LA23,0.04156492508251551,0.04048484682285791
2020Q1,S75,LA23,0.041782274325898885,0.04069654817460994
2020Q2,S75,LA23,0.002159240024431653,0.0021031314616677048
2020Q3,S75,LA23,0.1409860957385374,0.13732252563420308
2020Q4,S75,LA23,0.04788735327836579,0.04664298464096716
2021Q2,S75,LA23,0.08600943071466499,0.08377444734693329
2021Q3,S75,LA23,0.11420641232221575,0.11123872110617636
2021Q4,S75,LA23,0.06876639073958317,0.06697947344127228
2022Q1,S75,LA23,0.07886637550870429,0.07681700678168651
2022Q2,S75,LA23,0.0519237543911441,0.05057449854222002
2022Q3,S75,LA23,0.10948678633372,0.10664173615248987
2022Q4,S75,LA23,0.03161021096547816,0.03078880922881618
2023Q1,S75,LA23,0.03108495029396832,0.030277197628748774
2023Q2,S75,LA23,0.07080908762463234,0.06896909017539535
2023Q3,S75,LA23,0.09939697125255774,0.09681410823734543
2019Q1,S8,LA23,0.02920866938015773,0.08839847338858264
2019Q2,S8,LA23,0.02845225824906852,0.08610923561564113
2019Q3,S8,LA23,0.030883682128375087,0.09346780975312842
2019Q4,S8,LA23,0.01750708808758577,0.052984264373006684
2020Q1,S8,LA23,0.01282336895827296,0.038809239300025514
2020Q3,S8,LA23,0.043509742024312584,0.13167990374436978
2020Q4,S8,LA23,0.020218409408994574,0.06118993312699904
2021Q2,S8,LA23,0.03679122391615252,0.11134666855090512
2021Q3,S8,LA23,0.043463347279300416,0.13153949253361075
2021Q4,S8,LA23,0.028311521151814824,0.08568330232903894
2022Q1,S8,LA23,0.016671170410976217,0.05045440429862025
2022Q2,S8,LA23,0.018792977454362248,0.05687593966605758
2022Q3,S8,LA23,0.030261271061535745,0.0915841159972556
2022Q4,S8,LA23,0.015330620294154513,0.04639730117332597
2023Q1,S8,LA23,0.014790558705202373,0.04476283370143171
2023Q2,S8,LA23,0.025062288358369992,0.07584967331683322
2023Q3,S8,LA23,0.01710327224055144,0.05176213734135896
2019Q2,S80,LA23,0.01949368182383844,0.02856883713038916
2019Q3,S80,LA23,0.012851680766907318,0.01883469618512704
2019Q4,S80,LA23,0.015195135782507628,0.02226913126353317
2020Q1,S80,LA23,0.007778577479520114,0.011399843042824712
2020Q3,S80,LA23,0.02325674733340517,0.03408377302732831
2020Q4,S80,LA23,0.012761299309915259,0.018702238235533557
2021Q2,S80,LA23,0.0179029780477495,0.026237591678018708
2021Q3,S80,LA23,0.03222478820161443,0.04722682631289258
2021Q4,S80,LA23,0.017423048564333153,0.025534234181487373
2022Q1,S80,LA23,0.009121422936871008,0.01336784136705234
2022Q2,S80,LA23,0.0186698883910582,0.027361532085459044
2022Q3,S80,LA23,0.01942500770367853,0.028468192225457867
2022Q4,S80,LA23,0.009573379556687736,0.014030203417393987
2023Q1,S80,LA23,0.013840597964181231,0.020283997276612502
2023Q2,S80,LA23,0.018355822694982087,0.02690125517109653
2023Q3,S80,LA23,0.011818362198840363,0.01732032295683255
2019Q1,S81,LA23,0.007987131852079646,0.01416844555692605
2019Q2,S81,LA23,0.020281733396554626,0.035977950627464804
2019Q3,S81,LA23,0.022013248010891388,0.039049500089599266
2019Q4,S81,LA23,0.01995122042617524,0.03539165067481548
2020Q1,S81,LA23,0.009623963813784608,0.017072036603719
2020Q3,S81,LA23,0.020391496798852275,0.036172660921272255
2020Q4,S81,LA23,0.0070954927177820344,0.012586758818221338
2021Q2,S81,LA23,0.01740114717524591,0.03086805263097473
2021Q3,S81,LA23,0.026960549076947532,0.04782556227390985
2021Q4,S81,LA23,0.020263962567218647,0.035946426792299535
2022Q1,S81,LA23,0.0144458908636998,0.025625696684891168
2022Q2,S81,LA23,0.018055570193178,0.03202893955164774
2022Q3,S81,LA23,0.017665590158575717,0.03133715043499357
2022Q4,S81,LA23,0.010500114610587566,0.01862624844021546
2023Q1,S81,LA23,0.00817201369122638,0.014496409126443541
2023Q2,S81,LA23,0.020104881037635376,0.03566423062567107
2023Q3,S81,LA23,0.018121477145096047,0.032145852490781286
2019Q1,S9,LA23,0.015064759995107828,0.021251041531968853
2019Q2,S9,LA23,0.006519764512187715,0.00919707890946497
2019Q3,S9,LA23,0.028784081451463207,0.040604145740341116
2019Q4,S9,LA23,0.010749054456003262,0.015163109319239119
2020Q1,S9,LA23,0.006089377944191361,0.008589955873036759
2020Q3,S9,LA23,0.016996297188741582,0.02397575650491121
2020Q4,S9,LA23,0.00739878435750598,0.010437064627548063
2021Q2,S9,LA23,0.007564388621075853,0.010670673598692466
2021Q3,S9,LA23,0.022943135530027397,0.03236463947520808
2021Q4,S9,LA23,0.01008156317637762,0.014221515499612526
2022Q1,S9,LA23,0.011617413302614465,0.016388056143481912
2022Q2,S9,LA23,0.013287858537528023,0.01874446282208519
2022Q3,S9,LA23,0.005766165166081916,0.008134017101128188
2022Q4,S9,LA23,0.004255532402171407,0.006003049225381067
2023Q1,S9,LA23,0.007558750592913463,0.010662720337526918
2023Q2,S9,LA23,0.02695003089023735,0.0380169498831885
2023Q3,S9,LA23,0.013835413581699162,0.019516869086008318
2019Q2,SA1,LA23,0.004240892145613147,0.018231983593527
2019Q3,SA1,LA23,0.010686699064045723,0.04594309765839897
2019Q4,SA1,LA23,0.002402056057349188,0.010326658902095418
2020Q1,SA1,LA23,0.0014598243165387735,0.0062759183857335815
2020Q3,SA1,LA23,0.004393179667487993,0.018886681592200024
2021Q2,SA1,LA23,0.0022035020558854174,0.009473057071909468
2021Q3,SA1,LA23,0.006869874269517531,0.029534218431138168
2021Q4,SA1,LA23,0.001878711705532348,0.008076753620736244
2022Q1,SA1,LA23,0.002679957659940018,0.011521383333909127
2022Q2,SA1,LA23,0.0057617996514892425,0.02477050420247211
2022Q3,SA1,LA23,0.0061761966187997034,0.02655203470355476
2022Q4,SA1,LA23,0.0028919324722769123,0.012432682458732412
2023Q1,SA1,LA23,0.0009871695937590163,0.004243932460310411
2023Q2,SA1,LA23,0.004340000965757649,0.01865806148487765
2023Q3,SA1,LA23,0.003899603279637854,0.016764751513231934
2019Q2,SA10,LA23,0.0023141502417478965,0.005494618929779881
2019Q3,SA10,LA23,0.00429016870792676,0.010186392296084852
2019Q4,SA10,LA23,0.004823280468993678,0.011452189961768862
2020Q3,SA10,LA23,0.007884128231340302,0.01871973541009776
2021Q2,SA10,LA23,0.004963508929593048,0.011785142395108377
2021Q3,SA10,LA23,0.0076972483045871344,0.01827601573943444
2022Q1,SA10,LA23,0.0037858030199989967,0.008988848071676086
2022Q2,SA10,LA23,0.004622240665111586,0.010974849687087543
2022Q3,SA10,LA23,0.004544833336806786,0.010791057051789165
2022Q4,SA10,LA23,0.0019115529610564176,0.004538709240055296
2023Q2,SA10,LA23,0.002465006223031127,0.00585280489172645
2023Q3,SA10,LA23,0.004655919856734365,0.011054816112988414
2020Q3,SA11,LA23,0.004786417819258598,0.006616679475490177
2021Q3,SA11,LA23,0.010846769449996114,0.014994427880155281
2022Q2,SA11,LA23,0.0015614933670691413,0.0021585873827038404
2022Q3,SA11,LA23,0.0038086211856174115,0.005264986589218253
2023Q2,SA11,LA23,0.0037061081392447603,0.005123273935723042
2023Q3,SA11,LA23,0.006346499016811382,0.008773314694089747
2019Q2,SA12,LA23,0.0023621422776040056,0.004867974252308965
2019Q3,SA12,LA23,0.0038318503062267093,0.007896793011272173
2019Q4,SA12,LA23,0.0020370530079943517,0.004198020452672932
2020Q3,SA12,LA23,0.004061721328726433,0.00837051816724188
2021Q2,SA12,LA23,0.0016859313362640044,0.003474418291356568
2021Q3,SA12,LA23,0.006043797552188266,0.012455240799492874
2022Q2,SA12,LA23,0.003342707785516825,0.006888753309726136
2022Q3,SA12,LA23,0.0029298731820744787,0.006037971272135244
2023Q2,SA12,LA23,0.0016011681509222255,0.0032997357552114514
2023Q3,SA12,LA23,0.0035642638763418804,0.007345342803002798
2019Q2,SA14,LA23,0.004459777205902231,0.007254169509095932
2019Q3,SA14,LA23,0.0058447702607058475,0.009506966885424394
2020Q3,SA14,LA23,0.0008453622798721096,0.0013750465531489411
2021Q2,SA14,LA23,0.0025601790867343576,0.004164327546280703
2021Q3,SA14,LA23,0.006955325061438038,0.011313369403242941
2021Q4,SA14,LA23,0.0017875825052611676,0.0029076399797499557
2022Q2,SA14,LA23,0.0016500966743828189,0.002684008736249605
2022Q3,SA14,LA23,0.010522266703479126,0.017115273423509884
2019Q2,SA15,LA23,0.0008043716420216856,0.002291840658413878
2019Q3,SA15,LA23,0.001656653362286066,0.004720188199378245
2021Q3,SA15,LA23,0.00441183812665172,0.012570346179270615
2022Q2,SA15,LA23,0.0020784549091875885,0.0059219982638667144
2022Q3,SA15,LA23,0.0035611804768362447,0.010146625990257114
2023Q1,SA15,LA23,0.0013760951922377426,0.0039208131498664825
2023Q3,SA15,LA23,0.0027912949557530238,0.007953044258424864
2019Q2,SA18,LA23,0.0051742491547380745,0.007404919959370174
2019Q3,SA18,LA23,0.005157728499043657,0.0073812770829962265
2020Q3,SA18,LA23,0.005636170729704584,0.008065980566975639
2021Q2,SA18,LA23,0.004229439423419171,0.006052793258852857
2021Q3,SA18,LA23,0.018070768104251518,0.025861257820139844
2021Q4,SA18,LA23,0.0016929882945562493,0.002422852560522716
2022Q2,SA18,LA23,0.006767911427596394,0.009685626052152285
2022Q3,SA18,LA23,0.009089897163729049,0.01300864317186652
2023Q3,SA18,LA23,0.008146451523247299,0.011658468635453471
2019Q1,SA2,LA23,0.0036439132502253295,0.0056257754366371825
2019Q2,SA2,LA23,0.0054022024324498815,0.00834036807718703
2019Q3,SA2,LA23,0.00925067573455847,0.014281960284470685
2019Q4,SA2,LA23,0.0015739603442638144,0.002430010495571709
2020Q1,SA2,LA23,0.0043283089915764975,0.006682402333667293
2020Q3,SA2,LA23,0.008216214428228516,0.012684873140054502
2021Q2,SA2,LA23,0.007879495844656945,0.01216501906932462
2021Q3,SA2,LA23,0.018506268778056438,0.028571512318235757
2021Q4,SA2,LA23,0.0071618965600857174,0.011057129788963845
2022Q1,SA2,LA23,0.0017271462256077087,0.0026665115616854003
2022Q2,SA2,LA23,0.005517923102826145,0.00851902724391492
2022Q3,SA2,LA23,0.008205958326726125,0.012669038920097641
2023Q2,SA2,LA23,0.005388106146823311,0.008318605062543123
2023Q3,SA2,LA23,0.005973781057274774,0.00922281855469165
2021Q3,SA3,LA23,0.02908531608048614,0.00765826747867998
2019Q1,SA31,LA23,0.003263309012538204,0.0075544412692824655
2019Q2,SA31,LA23,0.003470943466764249,0.008035107453178468
2019Q3,SA31,LA23,0.006722259153426582,0.015561784610755754
2019Q4,SA31,LA23,0.005130395004360243,0.011876677200886405
2020Q1,SA31,LA23,0.0042677500546425325,0.009879685624591643
2020Q3,SA31,LA23,0.004739268910757242,0.010971234568375931
2021Q2,SA31,LA23,0.003975443969037607,0.00920300770415201
2021Q3,SA31,LA23,0.016012901536219058,0.0370692826641264
2021Q4,SA31,LA23,0.0019284893216969488,0.004464382399344543
2022Q1,SA31,LA23,0.002690690167204225,0.006228849540108386
2022Q2,SA31,LA23,0.007472123114243831,0.017297692313697856
2022Q3,SA31,LA23,0.0060810534757399564,0.014077416867767647
2022Q4,SA31,LA23,0.002278950544752069,0.0052756873406046255
2023Q2,SA31,LA23,0.004719342499536391,0.010925105653615756
2023Q3,SA31,LA23,0.005252795640056975,0.012160030205502595
2019Q3,SA4,LA23,0.002697607399036476,0.0064621693017558575
2020Q3,SA4,LA23,0.004678655758716909,0.011207807936863856
2021Q2,SA4,LA23,0.0012865827964546569,0.0030820333063981444
2021Q3,SA4,LA23,0.004077996922011438,0.009768918387267836
2022Q3,SA4,LA23,0.0018318872134567047,0.004388320301652216
2023Q2,SA4,LA23,0.0020076088227878558,0.004809264724432378
2023Q3,SA4,LA23,0.002369374403248726,0.005675880981980133
2019Q2,SA43,LA23,0.012820593764938451,0.01329069473374653
2021Q2,SA43,LA23,0.002141589655948994,0.0022201167031754856
2021Q3,SA43,LA23,0.006484121954143231,0.006721879429998102
2021Q4,SA43,LA23,0.007707867544688438,0.007990496888277172
2022Q1,SA43,LA23,0.002900136164712795,0.003006477325325443
2022Q2,SA43,LA23,0.0070468245316263455,0.007305214985303898
2023Q2,SA43,LA23,0.005631210474217475,0.00583769369551191
2023Q3,SA43,LA23,0.008460346239342043,0.008770567203868922
2019Q3,SA48,LA23,0.00822414010920895,0.004955604729878453
2022Q3,SA48,LA23,0.005919845001866543,0.003567109935122313
2019Q2,SA5,LA23,0.003613104539271893,0.0165380112676396
2019Q3,SA5,LA23,0.004043184882774635,0.018506588010861084
2019Q4,SA5,LA23,0.0010492241766071374,0.004802540603628779
2020Q3,SA5,LA23,0.002632624978484491,0.012050130596669574
2021Q2,SA5,LA23,0.0009081176386664911,0.004156663494612085
2021Q3,SA5,LA23,0.004091584125162425,0.0187281224855087
2021Q4,SA5,LA23,0.002314870683486837,0.010595696036613622
2022Q1,SA5,LA23,0.0010031469605349481,0.004591634577993303
2022Q2,SA5,LA23,0.004021907539596972,0.018409196712770245
2022Q3,SA5,LA23,0.0022645285211206844,0.01036526836993544
2022Q4,SA5,LA23,0.0008784841599721383,0.0040210242405523825
2023Q2,SA5,LA23,0.004486502355886045,0.0205357541436892
2023Q3,SA5,LA23,0.0018174041885394762,0.008318677364917355
2019Q3,SA6,LA23,0.008458023926162435,0.005103101573312245
2020Q3,SA6,LA23,0.006898598234023701,0.004162230777427967
2021Q2,SA6,LA23,0.011477291605670265,0.006924759892093797
2021Q3,SA6,LA23,0.040640577276836176,0.02452026568525429
2021Q4,SA6,LA23,0.006735860964376088,0.004064044153220572
2022Q2,SA6,LA23,0.006363290882391971,0.0038392560717325046
2022Q3,SA6,LA23,0.031935930890486124,0.019268365825772075
2022Q4,SA6,LA23,0.004385877269391031,0.002646194594526138
2023Q2,SA6,LA23,0.013386758214333798,0.008076825923110476
2023Q3,SA6,LA23,0.009812889589370035,0.0059205522163820684
2019Q1,SA61,LA23,0.00339532787631534,0.008184411855968066
2019Q2,SA61,LA23,0.00956500009560718,0.023056359514173917
2019Q3,SA61,LA23,0.0050825985963740905,0.012251565011280623
2019Q4,SA61,LA23,0.00532291739408992,0.012830851633629415
2020Q1,SA61,LA23,0.002303875004213053,0.0055534730624049325
2020Q3,SA61,LA23,0.0012562446188135647,0.003028168037595118
2021Q2,SA61,LA23,0.0025039407032600536,0.006035729898534044
2021Q3,SA61,LA23,0.0033343483311635337,0.008037421129153902
2021Q4,SA61,LA23,0.000694081000891693,0.001673076939734278
2022Q1,SA61,LA23,0.003362603486861025,0.008105529965680681
2022Q2,SA61,LA23,0.003840121617120133,0.00925658376345811
2022Q3,SA61,LA23,0.0032898959524547394,0.007930269010541705
2023Q2,SA61,LA23,0.0015388861603607734,0.003709473309985615
2023Q3,SA61,LA23,0.002674011544878718,0.006445684360430905
2019Q3,SA62,LA23,0.01845604646070191,0.005305620523536778
2021Q4,SA62,LA23,0.016902972955368998,0.004859153362652632
2022Q2,SA62,LA23,0.009848120838026792,0.002831071765438002
2021Q3,SA67,LA23,0.014230294132499275,0.004658514274158135
2021Q3,SA7,LA23,0.04176217257811797,0.01839719451864769
2022Q2,SA7,LA23,0.012170293572124857,0.005361293351695611
2022Q3,SA7,LA23,0.022240398656583883,0.009797405522715344
2023Q2,SA7,LA23,0.004370742374690631,0.0019254122258048323
2023Q3,SA7,LA23,0.0042402602046613756,0.0018679318382901933
2019Q2,SA72,LA23,0.00675345795703425,0.008591474222895638
2019Q3,SA72,LA23,0.004461327722262764,0.005675519470108972
2020Q1,SA72,LA23,0.004851325184970474,0.006171658362090675
2023Q2,SA72,LA23,0.009523337925341293,0.0121152027334786
2021Q3,SA73,LA23,0.0019660833473859047,0.0017197842734883115
2022Q2,SA73,LA23,0.005010594737878842,0.004382897623584797
2021Q3,SA8,LA23,0.03443241904445594,0.005801325601273088
2019Q1,SE1,LA23,0.0060387826626717685,0.041413715424619635
2019Q2,SE1,LA23,0.0120059899602469,0.08233657003057653
2019Q3,SE1,LA23,0.01338130390587315,0.0917684147491736
2019Q4,SE1,LA23,0.007189945210843366,0.04930833936466484
2020Q1,SE1,LA23,0.005313635338071392,0.036440685822551215
2020Q3,SE1,LA23,0.008216533519217953,0.05634863845078177
2020Q4,SE1,LA23,0.004466285913480568,0.03062959940075677
2021Q2,SE1,LA23,0.00802965107383527,0.0550670065651409
2021Q3,SE1,LA23,0.015795003601845287,0.10832146491065353
2021Q4,SE1,LA23,0.004028905504525024,0.027630063103357617
2022Q1,SE1,LA23,0.004213268210290959,0.028894414721556988
2022Q2,SE1,LA23,0.008772194090350429,0.06015933508469254
2022Q3,SE1,LA23,0.006824340481012571,0.046801037631038864
2022Q4,SE1,LA23,0.0029442788422165732,0.020191739447092148
2023Q1,SE1,LA23,0.002502175239335076,0.017159811686036953
2023Q2,SE1,LA23,0.007360876333882372,0.05048057775809232
2023Q3,SE1,LA23,0.006804446135168211,0.0466646030508626
2019Q1,SE10,LA23,0.0031700795085903475,0.01058145246888987
2019Q2,SE10,LA23,0.010610592942968728,0.035417245715293706
2019Q3,SE10,LA23,0.010629156374050805,0.03547920885001075
2019Q4,SE10,LA23,0.003769762810232464,0.012583143699509726
2020Q1,SE10,LA23,0.003022113583594238,0.010087554950509366
2020Q3,SE10,LA23,0.011723380743411584,0.03913163558672711
2020Q4,SE10,LA23,0.0013586395423116663,0.004535021818969452
2021Q2,SE10,LA23,0.0042108879840790136,0.014055581550749508
2021Q3,SE10,LA23,0.010942676912536193,0.03652571341464834
2021Q4,SE10,LA23,0.006592054163100732,0.022003709247726582
2022Q1,SE10,LA23,0.006417423613061404,0.02142080750666617
2022Q2,SE10,LA23,0.0062884326771293535,0.020990246868113124
2022Q3,SE10,LA23,0.011099242233261105,0.03704831497559905
2022Q4,SE10,LA23,0.0011563479636937965,0.003859789946014464
2023Q2,SE10,LA23,0.005199991780462758,0.01735712486531676
2023Q3,SE10,LA23,0.006646509782401011,0.02218547741654646
2019Q1,SE11,LA23,0.011427391792861829,0.023887547608347867
2019Q2,SE11,LA23,0.010548124858729606,0.022049548952989828
2019Q3,SE11,LA23,0.015093742251853044,0.03155159927696643
2019Q4,SE11,LA23,0.009453338776390078,0.01976103420379063
2020Q3,SE11,LA23,0.012511075059188751,0.02615285329541851
2020Q4,SE11,LA23,0.004984230507939172,0.01041891673161577
2021Q2,SE11,LA23,0.004713992808542017,0.009854018281739195
2021Q3,SE11,LA23,0.015921368985652495,0.03328165048759572
2021Q4,SE11,LA23,0.003193495014416981,0.006675605910489462
2022Q1,SE11,LA23,0.003001599614921856,0.006274472338248936
2022Q2,SE11,LA23,0.011592515916363942,0.02423271914293263
2022Q3,SE11,LA23,0.0039827980094564105,0.00832554609046942
2022Q4,SE11,LA23,0.0036241182522890624,0.0075757704696809815
2023Q1,SE11,LA23,0.0026719393675195416,0.005585358409441354
2023Q2,SE11,LA23,0.008702739990441319,0.018192000380576563
2023Q3,SE11,LA23,0.007761975215591298,0.01622544810383358
2019Q2,SE12,LA23,0.010469462292211951,0.008086080627012205
2019Q3,SE12,LA23,0.008263551820242191,0.006382347480603454
2019Q4,SE12,LA23,0.0077999773567727325,0.006024306123405349
2020Q1,SE12,LA23,0.00802989231684563,0.0062018807545197565
2020Q4,SE12,LA23,0.007414944689517105,0.005726926458188102
2021Q2,SE12,LA23,0.025140583034322855,0.019417308716690517
2021Q3,SE12,LA23,0.06228804423597052,0.04810811995240948
2021Q4,SE12,LA23,0.023171421313991674,0.017896428274715118
2022Q1,SE12,LA23,0.0115727919825292,0.00893823640971351
2022Q2,SE12,LA23,0.01822665824151184,0.014077344565393416
2022Q3,SE12,LA23,0.020272957554310474,0.015657802163736183
2022Q4,SE12,LA23,0.0057655669690267275,0.004453030926590079
2023Q2,SE12,LA23,0.016755239942478534,0.0129408958472109
2023Q3,SE12,LA23,0.01813894231415504,0.014009597240737795
2019Q1,SE13,LA23,0.0010325648075593106,0.003298217405352573
2019Q2,SE13,LA23,0.008349362901574741,0.02666952606168217
2019Q4,SE13,LA23,0.005257893248655424,0.01679475699853832
2020Q1,SE13,LA23,0.002174708198396667,0.0069464506043634714
2020Q3,SE13,LA23,0.008846755958577793,0.02825829843306165
2020Q4,SE13,LA23,0.002971048652498079,0.00949012043222828
2021Q2,SE13,LA23,0.005303979180395582,0.016941964632475184
2021Q3,SE13,LA23,0.02419633648200792,0.07728791214506116
2021Q4,SE13,LA23,0.006657198854866026,0.021264417471201814
2022Q1,SE13,LA23,0.0031570674084119357,0.010084301343668915
2022Q2,SE13,LA23,0.005703201959423653,0.018217161606809387
2022Q3,SE13,LA23,0.01966366286352092,0.06280965091454993
2023Q2,SE13,LA23,0.005276137482929768,0.016853032712169515
2023Q3,SE13,LA23,0.007713553600666449,0.024638624671872486
2019Q1,SE14,LA23,0.0052809478499536745,0.00915507123003603
2019Q2,SE14,LA23,0.011307230784067463,0.019602258189976608
2019Q3,SE14,LA23,0.015392581249564866,0.026684637257896708
2019Q4,SE14,LA23,0.00519265539999749,0.009002007103786356
2020Q1,SE14,LA23,0.0067111437374819975,0.011634464247208366
2020Q3,SE14,LA23,0.00966750194019532,0.016759618044661445
2020Q4,SE14,LA23,0.002954439708288199,0.005121827888238398
2021Q2,SE14,LA23,0.004494281722852331,0.007791303847267319
2021Q3,SE14,LA23,0.01194646478523819,0.020710436679834316
2021Q4,SE14,LA23,0.004523267671231901,0.007841553997358735
2022Q2,SE14,LA23,0.009089451228625782,0.015757507137802454
2022Q3,SE14,LA23,0.008175497167057613,0.014173072908876915
2022Q4,SE14,LA23,0.004095568533631208,0.007100093149607005
2023Q2,SE14,LA23,0.005807449450448179,0.010067816402343959
2023Q3,SE14,LA23,0.004845199377047576,0.008399656024057477
2019Q1,SE15,LA23,0.004529845878666311,0.019308204433974047
2019Q2,SE15,LA23,0.009218665857774715,0.039294026719252736
2019Q3,SE15,LA23,0.01301586029104037,0.05547934700538743
2019Q4,SE15,LA23,0.009480111420100155,0.040408423213294416
2020Q1,SE15,LA23,0.002510474484147472,0.01070075138637308
2020Q3,SE15,LA23,0.010484742243060414,0.044690603629573694
2020Q4,SE15,LA23,0.00384022871547026,0.0163687514095619
2021Q2,SE15,LA23,0.007647566822665102,0.032597308515487464
2021Q3,SE15,LA23,0.012322969333415666,0.052525939622748465
2021Q4,SE15,LA23,0.0068358523936792315,0.02913742300135158
2022Q1,SE15,LA23,0.002400776926789487,0.010233171932213118
2022Q2,SE15,LA23,0.0057955830106433395,0.02470333529681035
2022Q3,SE15,LA23,0.011131579564033356,0.047447710066172114
2022Q4,SE15,LA23,0.003589554445695049,0.0153002669231577
2023Q1,SE15,LA23,0.001630756729438984,0.006951005653940104
2023Q2,SE15,LA23,0.008204807344818673,0.034972513811391125
2023Q3,SE15,LA23,0.005427849386712034,0.02313589212582939
2019Q1,SE16,LA23,0.005186634565841037,0.036078017113402236
2019Q2,SE16,LA23,0.013072847417205049,0.0909341899552819
2019Q3,SE16,LA23,0.015477757487646638,0.10766264567664924
2019Q4,SE16,LA23,0.012245543717788588,0.08517949938538863
2020Q1,SE16,LA23,0.0050470390200178005,0.03510699622746311
2020Q3,SE16,LA23,0.01002138025541254,0.06970830964954586
2021Q2,SE16,LA23,0.002752537280755242,0.01914653632519073
2021Q3,SE16,LA23,0.011903446278910379,0.08279988364465678
2021Q4,SE16,LA23,0.007904205397143609,0.05498132825167568
2022Q2,SE16,LA23,0.007029046307334732,0.04889375755081712
2022Q3,SE16,LA23,0.004828654625546751,0.033587923344843534
2022Q4,SE16,LA23,0.0031389976228034873,0.02183473859914581
2023Q1,SE16,LA23,0.002311039082032832,0.01607549297967589
2023Q2,SE16,LA23,0.007376039464908605,0.05130742770981234
2023Q3,SE16,LA23,0.010617701660020068,0.07385629685925009
2019Q1,SE17,LA23,0.0032933740684695624,0.014085008617062038
2019Q2,SE17,LA23,0.012925656802792694,0.055280081662003336
2019Q3,SE17,LA23,0.01779749442762761,0.07611581835638215
2019Q4,SE17,LA23,0.005950057664868654,0.025447037518163282
2020Q1,SE17,LA23,0.004121607596979279,0.017627174233074222
2020Q3,SE17,LA23,0.009132969038653837,0.03905962242199179
2020Q4,SE17,LA23,0.0026142161508761093,0.011180405337029832
2021Q2,SE17,LA23,0.006926251019499842,0.029621993513456124
2021Q3,SE17,LA23,0.008047141375019247,0.0344157855298028
2021Q4,SE17,LA23,0.00686234698125268,0.02934869053885821
2022Q1,SE17,LA23,0.0009453571203023992,0.004043076464693218
2022Q2,SE17,LA23,0.010403459085826454,0.04449321814791965
2022Q3,SE17,LA23,0.00815921012357492,0.034895077968588394
2023Q1,SE17,LA23,0.002006569895130673,0.008581641100000053
2023Q2,SE17,LA23,0.008114747790085492,0.034704922724357566
2023Q3,SE17,LA23,0.0049008142178390566,0.02095966296381288
2019Q2,SE18,LA23,0.005716208871495899,0.014054280108013328
2019Q3,SE18,LA23,0.01104789064066915,0.027163134370565747
2019Q4,SE18,LA23,0.002734300588946302,0.006722747058488889
2020Q1,SE18,LA23,0.003145588142715384,0.007733968064501146
2020Q3,SE18,LA23,0.0036639469093597147,0.009008442015093026
2021Q2,SE18,LA23,0.0016401216027715569,0.00403252031805531
2021Q3,SE18,LA23,0.00476015498471007,0.011703657619348629
2021Q4,SE18,LA23,0.002695600859162225,0.006627597133999247
2022Q2,SE18,LA23,0.002045939437893345,0.005030293082460368
2022Q3,SE18,LA23,0.0037721944058150257,0.009274587054641941
2023Q2,SE18,LA23,0.007730859166159564,0.019007643464290583
2023Q3,SE18,LA23,0.005435606423471835,0.013364370853089192
2020Q3,SE19,LA23,0.06834407735639418,0.030782518922257977
2020Q4,SE19,LA23,0.02637048520281833,0.011877400224628729
2021Q2,SE19,LA23,0.03144170766067675,0.014161504528999756
2021Q3,SE19,LA23,0.026723645577839336,0.01203646544793968
2021Q4,SE19,LA23,0.017160704732043328,0.007729268410176049
2022Q1,SE19,LA23,0.016467226177456627,0.007416922153492727
2022Q2,SE19,LA23,0.015413363512905315,0.006942257066658002
2022Q3,SE19,LA23,0.01262371760512577,0.0056857864072499525
2022Q4,SE19,LA23,0.005682671488974329,0.0025595040478216696
2023Q3,SE19,LA23,0.014518744071999837,0.006539315935061669
2019Q3,SE2,LA23,0.007406889407441059,0.008534427649626392
2020Q3,SE2,LA23,0.006810889512560808,0.007847699699168476
2021Q3,SE2,LA23,0.007536781993501504,0.00868409356428715
2022Q2,SE2,LA23,0.007350728120231348,0.008469717024688527
2023Q2,SE2,LA23,0.0019247947752744625,0.002217803027200053
2023Q3,SE2,LA23,0.0070578109261588045,0.008132209541772382
2019Q2,SE20,LA23,0.009904396530270136,0.004557580159729914
2021Q2,SE20,LA23,0.010630315654087823,0.0048916171286829116
2022Q3,SE20,LA23,0.008554061259688054,0.0039362135555779535
2023Q2,SE20,LA23,0.009523210427590113,0.004382174599842474
2023Q3,SE20,LA23,0.016918000844090522,0.007784941238334881
2019Q1,SE21,LA23,0.006350458927797258,0.00664531121568615
2019Q2,SE21,LA23,0.013989112352927257,0.014638627896558376
2019Q3,SE21,LA23,0.01541252443400169,0.016128129108116968
2019Q4,SE21,LA23,0.002705388089630091,0.0028309994630637703
2020Q3,SE21,LA23,0.0165630139520819,0.017332035941458174
2021Q2,SE21,LA23,0.008913858190350605,0.009327729299702645
2021Q3,SE21,LA23,0.02609105155064913,0.02730246104571129
2021Q4,SE21,LA23,0.011973561951634971,0.012529495337829395
2022Q1,SE21,LA23,0.003323160402473473,0.003477454991074323
2022Q2,SE21,LA23,0.016528604980848703,0.017296029359090512
2022Q3,SE21,LA23,0.010092330907927691,0.010560918594607909
2023Q1,SE21,LA23,0.006299536414144918,0.00659202436587698
2023Q2,SE21,LA23,0.0071967952503583345,0.0075309429976569845
2023Q3,SE21,LA23,0.017361951571297652,0.018168068294705686
2019Q1,SE22,LA23,0.009222656186006359,0.013040890030774105
2019Q2,SE22,LA23,0.011869402964778756,0.01678340552578386
2019Q3,SE22,LA23,0.012225697767036895,0.017287208469434174
2019Q4,SE22,LA23,0.0049872579704718775,0.0070520120707425575
2020Q1,SE22,LA23,0.002785214965413473,0.003938310324430689
2020Q3,SE22,LA23,0.01795259470344793,0.02538507438344624
2021Q2,SE22,LA23,0.008768441672737262,0.012398628040469022
2021Q3,SE22,LA23,0.021018478751753902,0.02972025244003775
2021Q4,SE22,LA23,0.005302953164091535,0.007498406929252472
2022Q1,SE22,LA23,0.002047519053792027,0.002895203971382009
2022Q2,SE22,LA23,0.0030741675956604264,0.004346891041217136
2022Q3,SE22,LA23,0.006881480265198186,0.00973045352417628
2022Q4,SE22,LA23,0.006065857648834862,0.008577158352797652
2023Q1,SE22,LA23,0.0140955296167751,0.01993116169035912
2023Q2,SE22,LA23,0.013174215072129972,0.018628417511442428
2023Q3,SE22,LA23,0.026543144640097924,0.03753216246396127
2019Q2,SE23,LA23,0.011766309305822469,0.015924959436524347
2019Q3,SE23,LA23,0.013408426768543754,0.018147462118049497
2019Q4,SE23,LA23,0.007110268715744745,0.009623301405564085
2020Q1,SE23,LA23,0.002207421701327508,0.002987606405650825
2020Q3,SE23,LA23,0.02663452662663929,0.03604815623284432
2020Q4,SE23,LA23,0.020532798708536467,0.027789851350410896
2021Q2,SE23,LA23,0.02220216103628225,0.030049228242794494
2021Q3,SE23,LA23,0.024156899969833587,0.03269484441832677
2021Q4,SE23,LA23,0.009694364031361846,0.013120711851926507
2022Q1,SE23,LA23,0.005609130074199211,0.007591604689637843
2022Q2,SE23,LA23,0.009586880367775026,0.01297523947497122
2022Q3,SE23,LA23,0.005729808799866521,0.007754935753028498
2022Q4,SE23,LA23,0.003971927371443129,0.005375753826542061
2023Q1,SE23,LA23,0.004309122642099193,0.0058321264126960275
2023Q3,SE23,LA23,0.006256489435702728,0.008467764860584258
2019Q1,SE24,LA23,0.003718765093860684,0.004710499681231124
2019Q2,SE24,LA23,0.009999396879089828,0.012666074522754115
2019Q3,SE24,LA23,0.015326791871264891,0.01941419971459853
2019Q4,SE24,LA23,0.012906483697667335,0.016348434442402637
2020Q3,SE24,LA23,0.018899774523840538,0.023940039132040482
2020Q4,SE24,LA23,0.03388254494889364,0.04291847243714123
2021Q2,SE24,LA23,0.012028193006965351,0.015235917810090998
2021Q3,SE24,LA23,0.017530994985071862,0.022206228197951112
2021Q4,SE24,LA23,0.006274010499720506,0.007947187766112055
2022Q2,SE24,LA23,0.015654545503942532,0.01982935994744011
2022Q3,SE24,LA23,0.011474687786471613,0.014534801687160863
2022Q4,SE24,LA23,0.004938166148352561,0.006255095301954693
2023Q2,SE24,LA23,0.007046132302094312,0.008925221982351706
2023Q3,SE24,LA23,0.008015751068777527,0.010153422413434945
2019Q1,SE25,LA23,0.0026396753823655326,0.004340239222787768
2019Q2,SE25,LA23,0.0035623678901230494,0.005857359941303082
2019Q3,SE25,LA23,0.008439978257824488,0.013877283895892779
2019Q4,SE25,LA23,0.0031948387484446754,0.005253056697469932
2020Q1,SE25,LA23,0.0029590097478678482,0.004865299064462372
2020Q3,SE25,LA23,0.006342098347416271,0.010427882226020568
2021Q3,SE25,LA23,0.007474719560889574,0.012290174479120649
2021Q4,SE25,LA23,0.0047449428132094965,0.007801787691530997
2022Q2,SE25,LA23,0.00890297351180051,0.014638555594184144
2022Q3,SE25,LA23,0.004864066580235904,0.007997654823326164
2023Q2,SE25,LA23,0.005971447098887075,0.009818445513616929
2023Q3,SE25,LA23,0.003164145359967587,0.005202589640255821
2019Q2,SE26,LA23,0.015126294554783037,0.010900378241628324
2019Q3,SE26,LA23,0.010832546334275479,0.007806198136359166
2019Q4,SE26,LA23,0.004432609011188304,0.0031942465912065967
2020Q3,SE26,LA23,0.005115776008114018,0.0036865534573539923
2021Q2,SE26,LA23,0.006155124946453493,0.004435533752025875
2021Q3,SE26,LA23,0.02564058479943473,0.018477233246922797
2021Q4,SE26,LA23,0.003886797810824683,0.002800921675383155
2022Q2,SE26,LA23,0.015563545512721391,0.011215471988532474
2022Q3,SE26,LA23,0.008083223078326228,0.005824968477647035
2023Q2,SE26,LA23,0.006746788300965307,0.004861900852873457
2023Q3,SE26,LA23,0.01689556564066761,0.012175358308839831
2019Q2,SE27,LA23,0.0050698090016999455,0.0026112002453977288
2021Q2,SE27,LA23,0.0028307544931269386,0.0014579773763933324
2021Q3,SE27,LA23,0.023213590639571038,0.011956137510167648
2021Q4,SE27,LA23,0.010548543757849615,0.0054330173069340034
2022Q2,SE27,LA23,0.004006012445839992,0.0020632928534657343
2019Q3,SE28,LA23,0.005853530539875751,0.006440333984737718
2021Q3,SE28,LA23,0.004433503131105893,0.004877951979953017
2022Q3,SE28,LA23,0.004376791406649954,0.0048155550309905825
2023Q2,SE28,LA23,0.003795676946205146,0.004176185135654792
2023Q3,SE28,LA23,0.012370187396651713,0.013610271227853077
2019Q2,SE3,LA23,0.010225646030484507,0.024273280774876924
2019Q3,SE3,LA23,0.008468682796421384,0.020102662922038016
2019Q4,SE3,LA23,0.014264958813891771,0.033861660133686834
2020Q1,SE3,LA23,0.0023117119708138427,0.005487460994730888
2020Q3,SE3,LA23,0.03468859415422335,0.08234257112763779
2020Q4,SE3,LA23,0.0149075206845607,0.03538695102049039
2021Q2,SE3,LA23,0.011348393144379432,0.026938418591451914
2021Q4,SE3,LA23,0.003819338293931961,0.009066211612104594
2022Q1,SE3,LA23,0.00344612486004372,0.008180290620636828
2022Q2,SE3,LA23,0.005966724264923142,0.01416360129785249
2022Q3,SE3,LA23,0.007329426935185612,0.01739833721862915
2022Q4,SE3,LA23,0.0061667481464496325,0.014638410989435682
2023Q2,SE3,LA23,0.0058174449831565325,0.01380924736174023
2023Q3,SE3,LA23,0.004715714540230588,0.011193998183385496
2019Q1,SE4,LA23,0.006049494251247396,0.00862401029130015
2019Q2,SE4,LA23,0.0132124013758705,0.018835274604120898
2019Q3,SE4,LA23,0.008879154481347037,0.012657904354465873
2019Q4,SE4,LA23,0.0025743963941000075,0.003669996213654806
2020Q1,SE4,LA23,0.002740751526640996,0.0039071480011365865
2020Q3,SE4,LA23,0.02395529123998695,0.03415007430449928
2020Q4,SE4,LA23,0.0065354743975912215,0.009316811641193572
2021Q2,SE4,LA23,0.028967145352009938,0.04129485032138182
2021Q3,SE4,LA23,0.036834678042606185,0.05251061151941122
2021Q4,SE4,LA23,0.0234318304707932,0.03340384150004823
2022Q1,SE4,LA23,0.012718407781068905,0.01813104947909877
2022Q2,SE4,LA23,0.009565673711247896,0.013636589292073616
2022Q3,SE4,LA23,0.01438292274901485,0.02050394109902701
2022Q4,SE4,LA23,0.0041301211915275296,0.00588779924085486
2023Q1,SE4,LA23,0.004910671645736619,0.007000532780289196
2023Q2,SE4,LA23,0.003967671347158999,0.005656214736188961
2023Q3,SE4,LA23,0.006243795017334142,0.008901000686983901
2019Q1,SE5,LA23,0.004136556570616593,0.018124469963043642
2019Q2,SE5,LA23,0.014533145869027387,0.06367749631245961
2019Q3,SE5,LA23,0.015295866597180338,0.06701938435184847
2019Q4,SE5,LA23,0.010409427547832115,0.045609277596568666
2020Q1,SE5,LA23,0.004792198377824854,0.02099718789603942
2020Q3,SE5,LA23,0.016264807894765528,0.07126483516201776
2020Q4,SE5,LA23,0.004387182961633381,0.019222598422883062
2021Q2,SE5,LA23,0.010015682728497668,0.043884070645012936
2021Q3,SE5,LA23,0.014648277573670794,0.06418194997747803
2021Q4,SE5,LA23,0.011350497632984641,0.049732609696659685
2022Q1,SE5,LA23,0.010397348372284034,0.04555635225863066
2022Q2,SE5,LA23,0.011916948260087178,0.05221453329693016
2022Q3,SE5,LA23,0.010151540450201724,0.044479336092067064
2022Q4,SE5,LA23,0.005552575877934326,0.02432880899828729
2023Q1,SE5,LA23,0.0026474021457727572,0.011599686805202654
2023Q2,SE5,LA23,0.009383440198512331,0.041113877478678486
2023Q3,SE5,LA23,0.012930097359985638,0.05665368216766764
2019Q2,SE6,LA23,0.006150826409830303,0.01949206937164666
2019Q3,SE6,LA23,0.005418018588139892,0.017169789413681004
2019Q4,SE6,LA23,0.0026005448840846967,0.008241169219740383
2020Q3,SE6,LA23,0.005017539877901972,0.01590066583878231
2020Q4,SE6,LA23,0.0023434381453123435,0.0074263937645171535
2021Q2,SE6,LA23,0.002386217019675478,0.007561960716202622
2021Q3,SE6,LA23,0.012593119550321429,0.03990780157411032
2021Q4,SE6,LA23,0.007411400056463662,0.02348684785035273
2022Q1,SE6,LA23,0.001190963862269667,0.003774183934923479
2022Q2,SE6,LA23,0.004849002520611052,0.015366568200328678
2022Q3,SE6,LA23,0.004965680474474023,0.015736322542152403
2023Q2,SE6,LA23,0.001960732631409826,0.006213593739145379
2023Q3,SE6,LA23,0.0031669143652529393,0.010036003357681771
2019Q1,SE7,LA23,0.0017197311591781892,0.0023694934083393158
2019Q2,SE7,LA23,0.009345961161381505,0.012877125153138056
2019Q3,SE7,LA23,0.009404314055590165,0.012957525393284321
2019Q4,SE7,LA23,0.01053610832024155,0.0145169430007255
2020Q3,SE7,LA23,0.003725087141357931,0.0051325286396247715
2020Q4,SE7,LA23,0.010457552310681871,0.014408706346499819
2021Q2,SE7,LA23,0.0018526519155006094,0.0025526353222696057
2021Q3,SE7,LA23,0.005315151032919578,0.007323362881236193
2022Q2,SE7,LA23,0.004598963712632018,0.006336580077714439
2023Q3,SE7,LA23,0.005550556683477169,0.007647711332042071
2019Q1,SE8,LA23,0.0036193824956498905,0.005603289398250954
2019Q2,SE8,LA23,0.019800448000602617,0.030653748393750336
2019Q3,SE8,LA23,0.015485425588145776,0.02397351513131001
2019Q4,SE8,LA23,0.008314800149623526,0.01287242549881296
2020Q3,SE8,LA23,0.011962110988358384,0.0185189517168548
2021Q2,SE8,LA23,0.006594404875006696,0.010209022939219546
2021Q3,SE8,LA23,0.031808888280499936,0.04924442406584354
2021Q4,SE8,LA23,0.0020186867918136064,0.003125197823814798
2022Q1,SE8,LA23,0.006579413239337343,0.010185813877090994
2022Q2,SE8,LA23,0.011060464514113669,0.017123082079926973
2022Q3,SE8,LA23,0.017712267271480602,0.027420964637077952
2022Q4,SE8,LA23,0.003580992699636778,0.005543856846632044
2023Q1,SE8,LA23,0.003634467537148961,0.0056266430651279705
2023Q3,SE8,LA23,0.009062093490263205,0.014029335788903202
2019Q1,SE9,LA23,0.00269771685076067,0.008963976054940192
2019Q2,SE9,LA23,0.008444108981418548,0.028058093158812542
2019Q3,SE9,LA23,0.013509299265554728,0.04488871213497006
2020Q1,SE9,LA23,0.004187456939569892,0.013914085804376992
2020Q3,SE9,LA23,0.014834733625651075,0.049292866656579136
2020Q4,SE9,LA23,0.005921033605780319,0.0196744159594604
2021Q2,SE9,LA23,0.010126180991310156,0.0336472835940882
2021Q3,SE9,LA23,0.014082204249170322,0.04679236134613098
2021Q4,SE9,LA23,0.004693386286451512,0.015595188307651053
2022Q1,SE9,LA23,0.003626737256984521,0.01205092592278613
2022Q2,SE9,LA23,0.011954237259437063,0.03972155065808805
2022Q3,SE9,LA23,0.009159669024952249,0.030435756735440106
2022Q4,SE9,LA23,0.002826467611824648,0.00939178920327242
2023Q1,SE9,LA23,0.0012207495685670564,0.004056307799177721
2023Q2,SE9,LA23,0.0034880859388334872,0.011590215194178228
2019Q1,SG1,LA23,0.004512052040635304,0.02537835026264264
2019Q2,SG1,LA23,0.009186163778983418,0.051668216557231264
2019Q3,SG1,LA23,0.01323260430927878,0.07442770252280757
2019Q4,SG1,LA23,0.004256654081235121,0.023941846691396287
2020Q1,SG1,LA23,0.003029180739821561,0.017037837580707146
2020Q3,SG1,LA23,0.011486313691773442,0.06460556958810477
2020Q4,SG1,LA23,0.00413491970054659,0.02325714320741688
2021Q2,SG1,LA23,0.00716929375502477,0.04032419094731385
2021Q3,SG1,LA23,0.00914880790672567,0.05145810585771235
2021Q4,SG1,LA23,0.005507304517514724,0.030976216982826175
2022Q1,SG1,LA23,0.003684978117351242,0.02072641550453964
2022Q2,SG1,LA23,0.004874041497888633,0.027414385121022816
2022Q3,SG1,LA23,0.0049440226983604755,0.027807999246343192
2022Q4,SG1,LA23,0.00316058188442538,0.017776912450109213
2023Q1,SG1,LA23,0.0031642840493291075,0.017797735533888102
2023Q2,SG1,LA23,0.009743622401257843,0.05480368131818705
2023Q3,SG1,LA23,0.00719223946458433,0.040453250685318416
2020Q3,SG10,LA23,0.10129350923483436,0.002375783714897521
2022Q2,SG10,LA23,0.4180010338633505,0.00980398503877048
2023Q2,SG10,LA23,0.2620733341732689,0.006146786345354782
2020Q3,SG11,LA23,0.02794651064283813,0.004848669518388955
2021Q3,SG11,LA23,0.04173161115661577,0.00724035975561757
2023Q2,SG11,LA23,0.02857702719646265,0.004958063010602349
2023Q3,SG11,LA23,0.014593561924241341,0.002531956843239182
2019Q1,SG12,LA23,0.006227496281365178,0.012152872270453604
2019Q2,SG12,LA23,0.013787974055382577,0.02690703936103512
2019Q3,SG12,LA23,0.013562599481481762,0.026467224018580336
2019Q4,SG12,LA23,0.016810505329232384,0.03280546705090212
2020Q1,SG12,LA23,0.003628000826157402,0.007079993089570439
2020Q3,SG12,LA23,0.034550518682469965,0.06742485606654293
2020Q4,SG12,LA23,0.009658465711171349,0.018848361333856933
2021Q2,SG12,LA23,0.01173896609302673,0.02290842885649473
2021Q3,SG12,LA23,0.03671871619015524,0.07165606330898848
2021Q4,SG12,LA23,0.008109446220752294,0.01582547136958077
2022Q1,SG12,LA23,0.0028532132066581718,0.0055680058396256156
2022Q2,SG12,LA23,0.018243669765798432,0.035602267490954034
2022Q3,SG12,LA23,0.01862087485159232,0.036338377963012584
2022Q4,SG12,LA23,0.01182229133003198,0.023071036896143062
2023Q1,SG12,LA23,0.0015402757127697727,0.0030058266039573525
2023Q2,SG12,LA23,0.008914577712686961,0.017396674264021802
2023Q3,SG12,LA23,0.02175707523488281,0.04245862933702412
2019Q1,SG13,LA23,0.0049553547195924745,0.005480592269178825
2019Q2,SG13,LA23,0.01426508823580525,0.015777101081219394
2019Q3,SG13,LA23,0.016478625139083585,0.0182252594727234
2019Q4,SG13,LA23,0.013607564485859194,0.015049883801191415
2020Q1,SG13,LA23,0.004689024260527031,0.005186032396556636
2020Q3,SG13,LA23,0.025063108259402396,0.027719645745031374
2020Q4,SG13,LA23,0.007722471968321519,0.008541007165681527
2021Q2,SG13,LA23,0.01850937854615501,0.020471260425874032
2021Q3,SG13,LA23,0.034848301134668434,0.03854200972486311
2021Q4,SG13,LA23,0.010770040289556885,0.011911599247640582
2022Q1,SG13,LA23,0.009748583877456352,0.01078187465026167
2022Q2,SG13,LA23,0.019166183190786945,0.02119768237978545
2022Q3,SG13,LA23,0.01134748185679426,0.01255024611923405
2022Q4,SG13,LA23,0.012351222128883321,0.013660376773196026
2023Q1,SG13,LA23,0.00461116476697108,0.005099920268846025
2023Q2,SG13,LA23,0.009796829306712685,0.010835233802445068
2023Q3,SG13,LA23,0.009545796178874858,0.010557592685393226
2019Q1,SG14,LA23,0.003454133875341169,0.003970701788086736
2019Q2,SG14,LA23,0.010978973139552213,0.01262088553885896
2019Q3,SG14,LA23,0.019595124484885016,0.022525587784934964
2019Q4,SG14,LA23,0.01543674178398219,0.017745316312569717
2020Q1,SG14,LA23,0.0027274940002216,0.003135392458581545
2020Q3,SG14,LA23,0.035990718938840184,0.04137315379267535
2020Q4,SG14,LA23,0.012259917283643371,0.014093395692472975
2021Q2,SG14,LA23,0.02015181880970829,0.02316553609926461
2021Q3,SG14,LA23,0.04875355429064387,0.056044679269509394
2021Q4,SG14,LA23,0.01271044281168643,0.014611297599098584
2022Q1,SG14,LA23,0.006420004498665268,0.007380120245008511
2022Q2,SG14,LA23,0.040643717408629036,0.046722011136003015
2022Q3,SG14,LA23,0.027642379641309608,0.031776315056080265
2022Q4,SG14,LA23,0.014760922043814288,0.016968427301444187
2023Q1,SG14,LA23,0.0079564959302671,0.00914639494512816
2023Q2,SG14,LA23,0.009263667792520195,0.010649055188797022
2023Q3,SG14,LA23,0.01588990895270343,0.018266254918913084
2021Q3,SG15,LA23,0.050636347432052066,0.005469023889301664
2019Q3,SG16,LA23,0.06492689532898735,0.006855855729450462
2021Q3,SG16,LA23,0.0680314337633341,0.007183674694219486
2019Q1,SG17,LA23,0.008436806425312325,0.00715070481156958
2019Q2,SG17,LA23,0.00742831375028662,0.006295946143395914
2019Q3,SG17,LA23,0.008595647007354101,0.007285331832390031
2019Q4,SG17,LA23,0.01804930613832591,0.01529788094480804
2020Q1,SG17,LA23,0.009766477828258159,0.008277681918727669
2020Q3,SG17,LA23,0.02355157119831221,0.0199613840827882
2020Q4,SG17,LA23,0.005713569099576782,0.004842596118953445
2021Q2,SG17,LA23,0.015200497740213625,0.012883343157322029
2021Q3,SG17,LA23,0.03927346186948144,0.03328663935141775
2021Q4,SG17,LA23,0.016774230853804743,0.014217177357158587
2022Q1,SG17,LA23,0.025463800246136283,0.02158211410357833
2022Q2,SG17,LA23,0.0261549529828186,0.02216790793960802
2022Q3,SG17,LA23,0.02080666603807688,0.017634910587117074
2022Q4,SG17,LA23,0.014160271071353578,0.012001688005933969
2023Q2,SG17,LA23,0.01577964312769032,0.01337420397598478
2023Q3,SG17,LA23,0.010380087015490432,0.008797752896580248
2019Q1,SG18,LA23,0.00474032281916573,0.012969238377909944
2019Q2,SG18,LA23,0.00984094981291825,0.02692424732610239
2019Q3,SG18,LA23,0.02217115380076889,0.0606589444906374
2019Q4,SG18,LA23,0.010320069270543195,0.028235089370933095
2020Q1,SG18,LA23,0.005437622654184585,0.014877008824402106
2020Q3,SG18,LA23,0.016847034625376314,0.0460924743635628
2020Q4,SG18,LA23,0.008015671168754025,0.02193039464025508
2021Q2,SG18,LA23,0.010930133952246002,0.0299041896800846
2021Q3,SG18,LA23,0.025740712681065318,0.07042504308531017
2021Q4,SG18,LA23,0.007902220543735608,0.021620000547676026
2022Q1,SG18,LA23,0.0051857479961248286,0.014187894895594529
2022Q2,SG18,LA23,0.011891676228345487,0.032534911566525035
2022Q3,SG18,LA23,0.019377224047956845,0.05301492057968117
2022Q4,SG18,LA23,0.005609476699023803,0.015347191164034431
2023Q1,SG18,LA23,0.004959983102220256,0.01357021571252841
2023Q2,SG18,LA23,0.010622868539460274,0.029063529974886218
2023Q3,SG18,LA23,0.009119627937801158,0.02495075402143311
2019Q1,SG19,LA23,0.01092434917057568,0.008079428808582841
2019Q2,SG19,LA23,0.010547185636636073,0.007800486248794814
2019Q4,SG19,LA23,0.010691579244626952,0.00790727685553585
2020Q1,SG19,LA23,0.0041545667967421785,0.003072633997747952
2020Q3,SG19,LA23,0.03681929466212264,0.02723080939284713
2020Q4,SG19,LA23,0.02706084811097768,0.02001365869935812
2021Q2,SG19,LA23,0.0151761885739197,0.01122400366869188
2021Q3,SG19,LA23,0.06260768021276909,0.04630338038919828
2021Q4,SG19,LA23,0.03111863110818637,0.023014713346616138
2022Q1,SG19,LA23,0.012575930493119915,0.009300905118862479
2022Q2,SG19,LA23,0.017864529688436333,0.013212246657704535
2022Q3,SG19,LA23,0.033507333489803864,0.02478134955860695
2022Q4,SG19,LA23,0.018927978346340683,0.013998751884602959
2023Q2,SG19,LA23,0.014110686926328268,0.010435980091934579
2023Q3,SG19,LA23,0.021201224498413676,0.015679998992625482
2019Q1,SG2,LA23,0.0066917169258928644,0.011804157919531459
2019Q2,SG2,LA23,0.025945307293782246,0.045767402889014604
2019Q3,SG2,LA23,0.01182298552006127,0.020855692149666902
2019Q4,SG2,LA23,0.002443080633879764,0.0043095830161132935
2020Q1,SG2,LA23,0.0033771936721503767,0.0059573541248662855
2020Q3,SG2,LA23,0.015024382315461196,0.026502941391451068
2020Q4,SG2,LA23,0.007874913111753229,0.013891310556493834
2021Q2,SG2,LA23,0.013211940698993969,0.023305802705275182
2021Q3,SG2,LA23,0.037284144362415145,0.06576905939425018
2021Q4,SG2,LA23,0.012154905106893887,0.02144119677619967
2022Q1,SG2,LA23,0.004930100239985333,0.008696674177403562
2022Q2,SG2,LA23,0.023028161218891605,0.0406215706125311
2022Q3,SG2,LA23,0.018564338728944287,0.032747408244393615
2022Q4,SG2,LA23,0.003640376639185725,0.006421607669811566
2023Q1,SG2,LA23,0.005833062514364515,0.010289495481740041
2023Q2,SG2,LA23,0.017216904239251086,0.030370539993882614
2023Q3,SG2,LA23,0.026712517818150358,0.04712075872989386
2019Q3,SG3,LA23,0.03326761219691432,0.0036457749182870025
2020Q3,SG3,LA23,0.11093822368140456,0.012157644227152929
2021Q3,SG3,LA23,0.027763255371615732,0.003042556210067336
2021Q4,SG3,LA23,0.04725183217402434,0.005178296042513785
2022Q3,SG3,LA23,0.0809575233511614,0.008872079737291
2023Q2,SG3,LA23,0.07174071107147527,0.007862015569266462
2023Q3,SG3,LA23,0.17735733075517413,0.01943646884586206
2019Q2,SG4,LA23,0.020436353745783082,0.034042343766893225
2019Q3,SG4,LA23,0.032934382920178834,0.05486123400807592
2019Q4,SG4,LA23,0.006851167655303228,0.011412495958315358
2020Q1,SG4,LA23,0.00328733993506057,0.00547596491722796
2020Q3,SG4,LA23,0.02571275635647229,0.0428316372856883
2020Q4,SG4,LA23,0.011607755867979762,0.019335896243305003
2021Q2,SG4,LA23,0.029729294845859237,0.04952228209001807
2021Q3,SG4,LA23,0.047187740590736084,0.07860410456558505
2021Q4,SG4,LA23,0.004757282687490178,0.007924557122977358
2022Q1,SG4,LA23,0.0043820058600672045,0.0072994307953653205
2022Q2,SG4,LA23,0.012612400495267772,0.02100940699728467
2022Q3,SG4,LA23,0.02136916363453477,0.03559619409151852
2022Q4,SG4,LA23,0.004507271754578274,0.007508095447399594
2023Q1,SG4,LA23,0.009808935886613784,0.01633946894799784
2023Q2,SG4,LA23,0.015285130220253244,0.025461570295383963
2023Q3,SG4,LA23,0.02569430936923486,0.042800908776639585
2019Q1,SG5,LA23,0.005567556168737504,0.006941534042915679
2019Q2,SG5,LA23,0.011667355095989209,0.014546659276534956
2019Q3,SG5,LA23,0.016296788459705554,0.020318557811495514
2019Q4,SG5,LA23,0.00619038110079705,0.00771806154217005
2020Q1,SG5,LA23,0.009304795716835963,0.011601060550313066
2020Q3,SG5,LA23,0.04416692836410902,0.055066572750895514
2020Q4,SG5,LA23,0.015429588828977582,0.01923734810722644
2021Q2,SG5,LA23,0.05054276515696626,0.06301585728586029
2021Q3,SG5,LA23,0.06688275702210797,0.08338828036615882
2021Q4,SG5,LA23,0.033817190147200346,0.04216269571929152
2022Q1,SG5,LA23,0.017374553949680103,0.02166229743660189
2022Q2,SG5,LA23,0.019036058337802825,0.023733832760730104
2022Q3,SG5,LA23,0.0326360264399202,0.040690040960929034
2022Q4,SG5,LA23,0.012709977950132468,0.015846583662856586
2023Q1,SG5,LA23,0.005344696186064802,0.00666367601874114
2023Q2,SG5,LA23,0.02031029783800249,0.025322532829735345
2023Q3,SG5,LA23,0.01571635505700686,0.019594883347804917
2019Q1,SG6,LA23,0.0026039515043615826,0.006824331894285201
2019Q2,SG6,LA23,0.015321313411996766,0.040153485041751515
2019Q3,SG6,LA23,0.02355016543518286,0.06171933111112759
2019Q4,SG6,LA23,0.011350388065226223,0.029746642806632525
2020Q1,SG6,LA23,0.00543672056405102,0.014248339680452688
2020Q3,SG6,LA23,0.021275949573608646,0.05575915719366623
2021Q2,SG6,LA23,0.01368893989726396,0.035875425860803466
2021Q3,SG6,LA23,0.02001999114506988,0.05246759160674303
2021Q4,SG6,LA23,0.004570612735263621,0.011978478943805415
2022Q1,SG6,LA23,0.002991374331642638,0.007839674135628695
2022Q2,SG6,LA23,0.011294576886732344,0.029600375103560683
2022Q3,SG6,LA23,0.009111319727824635,0.02387858211394307
2022Q4,SG6,LA23,0.005428637185257789,0.01422715508480264
2023Q1,SG6,LA23,0.0040568353862317115,0.010631991828478212
2023Q2,SG6,LA23,0.012145207666021441,0.031829674208263666
2023Q3,SG6,LA23,0.017029306521515398,0.044629725030470135
2019Q2,SG7,LA23,0.008663383411813365,0.009902099360603643
2019Q3,SG7,LA23,0.016587475076515562,0.01895920087355497
2019Q4,SG7,LA23,0.004636340379996473,0.00529925791460434
2020Q1,SG7,LA23,0.00240182838590433,0.0027452488472243216
2020Q3,SG7,LA23,0.009197404198081223,0.010512476003872302
2021Q3,SG7,LA23,0.012073980984949814,0.013800354169709664
2021Q4,SG7,LA23,0.024480380736997192,0.027980657316009804
2022Q3,SG7,LA23,0.007057588853721726,0.008066703590717962
2023Q2,SG7,LA23,0.01968279669623351,0.022497100649487456
2023Q3,SG7,LA23,0.010949450362172779,0.012515034862982943
2019Q1,SG8,LA23,0.005117691309281223,0.01392102683230329
2019Q2,SG8,LA23,0.016302352917656998,0.04434528749024046
2019Q3,SG8,LA23,0.015225729031159015,0.04141667982196316
2019Q4,SG8,LA23,0.007554149241779381,0.020548623966302536
2020Q1,SG8,LA23,0.0030317175779276725,0.008246808804930497
2020Q3,SG8,LA23,0.019381462679009583,0.05272101142842707
2020Q4,SG8,LA23,0.00799551054619363,0.021749204890429055
2021Q2,SG8,LA23,0.017408799591481262,0.047355018422406366
2021Q3,SG8,LA23,0.03362314604849897,0.09146091275156384
2021Q4,SG8,LA23,0.005798379152987603,0.01577261833401699
2022Q1,SG8,LA23,0.00418821443761234,0.01139268510777572
2022Q2,SG8,LA23,0.011987564404066304,0.03260829847637077
2022Q3,SG8,LA23,0.020339327016689567,0.05532657208863468
2022Q4,SG8,LA23,0.007004102217777671,0.019052398633940343
2023Q1,SG8,LA23,0.0074191758781048545,0.02018147250995117
2023Q2,SG8,LA23,0.023405704946376126,0.06366766318956403
2023Q3,SG8,LA23,0.01364969306705553,0.037129582844236085
2019Q2,SG9,LA23,0.009009639054871434,0.004263887915598512
2019Q4,SG9,LA23,0.007032110899168724,0.003328005983536261
2020Q3,SG9,LA23,0.05498625202099353,0.02602270902180046
2021Q2,SG9,LA23,0.01193666794355408,0.005649129103514201
2021Q3,SG9,LA23,0.1166924942657772,0.055225710276580686
2021Q4,SG9,LA23,0.02187304415791969,0.010351603221205544
2022Q1,SG9,LA23,0.023250011190316826,0.011003264520160821
2022Q2,SG9,LA23,0.010555881519632491,0.004995660245203121
2022Q3,SG9,LA23,0.04874903288589474,0.0230708922913946
2022Q4,SG9,LA23,0.009319162544013404,0.004410372525793052
2023Q2,SG9,LA23,0.013826655645516241,0.006543581775141372
2023Q3,SG9,LA23,0.023813142276682724,0.011269771071580894
2019Q1,SK1,LA23,0.021191084921270458,0.026507134929156538
2019Q2,SK1,LA23,0.021974302194658662,0.02748683210000353
2019Q3,SK1,LA23,0.03148637482643595,0.03938512771078538
2019Q4,SK1,LA23,0.03419318528366813,0.04277097559370744
2020Q1,SK1,LA23,0.011734733429828687,0.014678538807134581
2020Q3,SK1,LA23,0.0386569457218529,0.04835452644379299
2020Q4,SK1,LA23,0.019407199202354845,0.02427573905560082
2021Q2,SK1,LA23,0.02722474802699941,0.034054418263390014
2021Q3,SK1,LA23,0.03719536402628877,0.0465262886089563
2021Q4,SK1,LA23,0.04644021795290933,0.05809033034366245
2022Q1,SK1,LA23,0.031831221634777945,0.03981648367545499
2022Q2,SK1,LA23,0.03324320920336296,0.041582686073200405
2022Q3,SK1,LA23,0.023442762329745542,0.029323673917373862
2022Q4,SK1,LA23,0.01578954462748051,0.019750550359526955
2023Q1,SK1,LA23,0.013922019396048826,0.017414532950457175
2023Q2,SK1,LA23,0.048429358619264166,0.0605784719481169
2023Q3,SK1,LA23,0.016492706113146006,0.020630108742062284
2019Q1,SK10,LA23,0.04885619806603572,0.11404470394775575
2019Q2,SK10,LA23,0.06027590421273458,0.14070164939632152
2019Q3,SK10,LA23,0.05234984692103903,0.122199905644534
2019Q4,SK10,LA23,0.07427026103611054,0.17336858509819467
2020Q1,SK10,LA23,0.05055772303833676,0.11801656257383022
2020Q2,SK10,LA23,0.0023287481981556363,0.0054359817042775255
2020Q3,SK10,LA23,0.08736885017100675,0.2039445361372711
2020Q4,SK10,LA23,0.0662588704117123,0.15466764830539728
2021Q1,SK10,LA23,0.0033553500054506772,0.007832371595831238
2021Q2,SK10,LA23,0.07120727448887426,0.16621867561274162
2021Q3,SK10,LA23,0.11411975039677955,0.2663889877595739
2021Q4,SK10,LA23,0.11539996720522508,0.2693773894913413
2022Q1,SK10,LA23,0.0806286009770207,0.18821081648059104
2022Q2,SK10,LA23,0.10026713053545352,0.2340529077221876
2022Q3,SK10,LA23,0.07437696641947197,0.17361766677742474
2022Q4,SK10,LA23,0.057089579251406786,0.13326383185667567
2023Q1,SK10,LA23,0.0382935111507527,0.08938829289182215
2023Q2,SK10,LA23,0.07617246646669859,0.17780889080691986
2023Q3,SK10,LA23,0.05774455516913129,0.13479273786219084
2019Q1,SK11,LA23,0.028082021412185847,0.07031586650021948
2019Q2,SK11,LA23,0.04144883548894542,0.1037856477655675
2019Q3,SK11,LA23,0.0388311386162463,0.09723107602954284
2019Q4,SK11,LA23,0.03073864228669841,0.07696790183670922
2020Q1,SK11,LA23,0.015369523270955062,0.03848445703497424
2020Q3,SK11,LA23,0.03774591550040436,0.09451373589877217
2020Q4,SK11,LA23,0.02433547073615212,0.0609347057459592
2021Q2,SK11,LA23,0.016612001664153126,0.041595555895813735
2021Q3,SK11,LA23,0.04592480694376964,0.11499323879530865
2021Q4,SK11,LA23,0.0336414834605161,0.08423645951827738
2022Q1,SK11,LA23,0.017828867602151983,0.04464252255070925
2022Q2,SK11,LA23,0.02239441046174277,0.05607439554531885
2022Q3,SK11,LA23,0.025053427992153345,0.06273243197886988
2022Q4,SK11,LA23,0.015572546013351484,0.038992815028201185
2023Q1,SK11,LA23,0.01086502294833285,0.02720543125949161
2023Q2,SK11,LA23,0.026950106819391133,0.06748161343031525
2023Q3,SK11,LA23,0.020198149647253826,0.05057507696121387
2019Q2,SK12,LA23,0.060847940286439736,0.006059589682030687
2019Q3,SK12,LA23,0.036312445362983496,0.003616203247226012
2019Q4,SK12,LA23,0.09013603477694768,0.008976267458559674
2020Q3,SK12,LA23,0.12895982170767206,0.01284256461825504
2020Q4,SK12,LA23,0.027868703694054208,0.002775326634904937
2021Q2,SK12,LA23,0.09362461420250273,0.009323680366745638
2021Q3,SK12,LA23,0.12890972556191485,0.012837575754433016
2021Q4,SK12,LA23,0.07554498780184261,0.007523206643614134
2022Q1,SK12,LA23,0.08671207211910842,0.00863528946168038
2022Q2,SK12,LA23,0.044219650050542285,0.004403648404989452
2022Q3,SK12,LA23,0.08995525303356303,0.008958264167375845
2023Q1,SK12,LA23,0.21306834630960245,0.02121857776593857
2023Q2,SK12,LA23,0.4369284188588408,0.04351185802246532
2023Q3,SK12,LA23,0.3123639894180387,0.031107011977812318
2019Q1,SK13,LA23,0.03679851410926156,0.07132520764450169
2019Q2,SK13,LA23,0.040304218054063964,0.0781201847748486
2019Q3,SK13,LA23,0.052381737440237816,0.1015295967823986
2019Q4,SK13,LA23,0.05523587583062585,0.10706166834203078
2020Q1,SK13,LA23,0.05232153094771908,0.10141290075038774
2020Q2,SK13,LA23,0.0017651618500537328,0.0034213483486700965
2020Q3,SK13,LA23,0.06824793874658408,0.13228247173122135
2020Q4,SK13,LA23,0.02888990265208505,0.05599623667877378
2021Q2,SK13,LA23,0.041182248054625344,0.07982203805952731
2021Q3,SK13,LA23,0.048776808421024116,0.0945422953365939
2021Q4,SK13,LA23,0.04992002302834864,0.09675814619968967
2022Q1,SK13,LA23,0.020995540810857846,0.0406948852200026
2022Q2,SK13,LA23,0.03193741802959646,0.061903123746425974
2022Q3,SK13,LA23,0.049222985531939004,0.09540710403478583
2022Q4,SK13,LA23,0.01649422888258261,0.03197015772139692
2023Q1,SK13,LA23,0.03412167525972952,0.06613678926959539
2023Q2,SK13,LA23,0.028635871540528293,0.055503857510252164
2023Q3,SK13,LA23,0.03453924123076717,0.0669461420467512
2019Q1,SK14,LA23,0.02818895067306117,0.06447181019577512
2019Q2,SK14,LA23,0.039744372894370335,0.09090056935126392
2019Q3,SK14,LA23,0.04115116970304178,0.09411809730697328
2019Q4,SK14,LA23,0.03033169116178185,0.06937253742361131
2020Q1,SK14,LA23,0.02039926501150909,0.04665578216120626
2020Q2,SK14,LA23,0.00119872201047195,0.002741633728512709
2020Q3,SK14,LA23,0.043308072681825266,0.0990512159984655
2020Q4,SK14,LA23,0.01521092529256404,0.034789371897460834
2021Q2,SK14,LA23,0.023596510368588976,0.05396829968630762
2021Q3,SK14,LA23,0.03728702280496882,0.08528028889506838
2021Q4,SK14,LA23,0.03483460429692846,0.07967128760925307
2022Q1,SK14,LA23,0.03141259263550365,0.07184470020336042
2022Q2,SK14,LA23,0.029346449721386038,0.06711916162828899
2022Q3,SK14,LA23,0.01930853198776602,0.044161133343070924
2022Q4,SK14,LA23,0.012883218890099036,0.029465603477991768
2023Q1,SK14,LA23,0.016009367282555604,0.036615512963444785
2023Q2,SK14,LA23,0.03490506900753111,0.07983244960141675
2023Q3,SK14,LA23,0.0262706603616751,0.06008442982498793
2019Q1,SK15,LA23,0.042665490201137614,0.05155354499169892
2019Q2,SK15,LA23,0.05205752632595555,0.06290212565119298
2019Q3,SK15,LA23,0.04628856866266667,0.055931381449087464
2019Q4,SK15,LA23,0.04940566434214004,0.05969782902996808
2020Q1,SK15,LA23,0.04132100969853482,0.04992898294507448
2020Q2,SK15,LA23,0.002675377976406312,0.003232711454298155
2020Q3,SK15,LA23,0.0871045529732462,0.10525013235564172
2020Q4,SK15,LA23,0.037689733550021184,0.045541241062416124
2021Q2,SK15,LA23,0.06378219333924047,0.07706926976538284
2021Q3,SK15,LA23,0.14687801753989455,0.17747557686170914
2021Q4,SK15,LA23,0.08963099632991071,0.10830288320047582
2022Q1,SK15,LA23,0.09632946399041492,0.1163967724839051
2022Q2,SK15,LA23,0.08303209765584696,0.10032930506776899
2022Q3,SK15,LA23,0.0953586663726203,0.11522373876436108
2022Q4,SK15,LA23,0.04467966787696264,0.05398731521073071
2023Q1,SK15,LA23,0.01397657761166284,0.016888171666046392
2023Q2,SK15,LA23,0.027435264852146403,0.03315056628311265
2023Q3,SK15,LA23,0.024972248854632662,0.03017445595496475
2019Q1,SK16,LA23,0.04276686232251226,0.07403293155949947
2019Q2,SK16,LA23,0.0384616699999964,0.06658029203313602
2019Q3,SK16,LA23,0.05330668116501594,0.0922782187898852
2019Q4,SK16,LA23,0.05985806986605425,0.10361920770008487
2020Q1,SK16,LA23,0.01884463490676464,0.0326216021132295
2020Q3,SK16,LA23,0.05317924954392088,0.0920576242461026
2020Q4,SK16,LA23,0.019013958994578282,0.03291471593836705
2021Q2,SK16,LA23,0.04178570984426107,0.07233447648640967
2021Q3,SK16,LA23,0.037379315680410134,0.06470664830728147
2021Q4,SK16,LA23,0.044261166192692034,0.0766196936024067
2022Q1,SK16,LA23,0.03424297747665719,0.05927739072380756
2022Q2,SK16,LA23,0.03068487443848337,0.053118023765336364
2022Q3,SK16,LA23,0.03206026718927354,0.05549894094880437
2022Q4,SK16,LA23,0.02140253963934561,0.037049544115961
2023Q1,SK16,LA23,0.027189547449639587,0.04706732727533623
2023Q2,SK16,LA23,0.0372716816956307,0.06452032508888496
2023Q3,SK16,LA23,0.039605422052460364,0.06856022024911196
2019Q1,SK17,LA23,0.01451014612225246,0.02618661850418497
2019Q2,SK17,LA23,0.026809328049573238,0.04838308588161473
2019Q3,SK17,LA23,0.03989807422850605,0.07200448845041367
2019Q4,SK17,LA23,0.027225343636580517,0.04913387373564242
2020Q1,SK17,LA23,0.013884199711293128,0.025056966209180288
2020Q3,SK17,LA23,0.03463417900731132,0.06250467950003827
2020Q4,SK17,LA23,0.016632410537750962,0.030016692174389983
2021Q2,SK17,LA23,0.04139927993543495,0.07471373071527035
2021Q3,SK17,LA23,0.047207673215471736,0.08519620123383627
2021Q4,SK17,LA23,0.027354026424087,0.04936610896167641
2022Q1,SK17,LA23,0.02792011851233939,0.050387741509578116
2022Q2,SK17,LA23,0.03263166330036103,0.05889071762641347
2022Q3,SK17,LA23,0.03685912523612836,0.06652006415540054
2022Q4,SK17,LA23,0.017148704150016254,0.030948452871120993
2023Q1,SK17,LA23,0.012070701872168379,0.021784126937183238
2023Q2,SK17,LA23,0.03708035386396485,0.06691931786591104
2023Q3,SK17,LA23,0.03252405372151844,0.05869651344922565
2019Q1,SK2,LA23,0.04274021442765706,0.09892533756492716
2019Q2,SK2,LA23,0.03848261474454251,0.08907081316656834
2019Q3,SK2,LA23,0.0523528009282688,0.12117436876842375
2019Q4,SK2,LA23,0.04843753729997062,0.11211220608927618
2020Q1,SK2,LA23,0.027980029472348213,0.06476181501882068
2020Q2,SK2,LA23,0.0017025275718224268,0.003940624000406121
2020Q3,SK2,LA23,0.06509126953466665,0.150658481654219
2020Q4,SK2,LA23,0.03243308464364472,0.07506873537275069
2021Q2,SK2,LA23,0.04898448154522839,0.11337814835970865
2021Q3,SK2,LA23,0.07331898658385268,0.16970213170087722
2021Q4,SK2,LA23,0.08558532569554347,0.1980934665025262
2022Q1,SK2,LA23,0.031172073432692318,0.0721500331297432
2022Q2,SK2,LA23,0.053906698611523265,0.12477097807223285
2022Q3,SK2,LA23,0.049974316618589684,0.11566919369200596
2022Q4,SK2,LA23,0.06331792566242732,0.14655394817142836
2023Q1,SK2,LA23,0.03573567950261053,0.08271283158608116
2023Q2,SK2,LA23,0.0361645757552457,0.08370554318428995
2023Q3,SK2,LA23,0.039836464969539465,0.09220439806579407
2019Q1,SK22,LA23,0.03832013660048482,0.014578327716448682
2019Q2,SK22,LA23,0.042379452166867566,0.01612263412767532
2019Q3,SK22,LA23,0.07782752655286783,0.029608328364726225
2019Q4,SK22,LA23,0.04444835563873623,0.0169097177735676
2020Q1,SK22,LA23,0.05059938088832554,0.019249784115594387
2020Q3,SK22,LA23,0.06931985946503018,0.02637171258221953
2020Q4,SK22,LA23,0.03685977886781545,0.014022756272848066
2021Q2,SK22,LA23,0.05646190756449058,0.021480095453536626
2021Q3,SK22,LA23,0.1724816658825899,0.06561809203685323
2021Q4,SK22,LA23,0.12129198422413535,0.04614373674689347
2022Q1,SK22,LA23,0.08532202770201981,0.032459500190200795
2022Q2,SK22,LA23,0.09714020641731293,0.03695555102945906
2022Q3,SK22,LA23,0.054654325264201865,0.020792427572213685
2022Q4,SK22,LA23,0.04162532677862811,0.01583573830672175
2023Q1,SK22,LA23,0.02787299129012103,0.010603866204901866
2023Q2,SK22,LA23,0.03709525299987913,0.014112338914521825
2023Q3,SK22,LA23,0.020841836334650442,0.007928967567805527
2019Q1,SK23,LA23,0.02198965807780864,0.023957464004230454
2019Q2,SK23,LA23,0.05622208024021076,0.06125327000682649
2019Q3,SK23,LA23,0.024812700908438096,0.02703313470169616
2019Q4,SK23,LA23,0.04225074245596741,0.04603166806683348
2020Q1,SK23,LA23,0.01018177491822784,0.01109291946420881
2020Q3,SK23,LA23,0.03956002872109185,0.04310016830358688
2020Q4,SK23,LA23,0.03322502212551938,0.03619825596175048
2021Q2,SK23,LA23,0.05018803274656604,0.054679248932133336
2021Q3,SK23,LA23,0.07496695456285833,0.08167558172534528
2021Q4,SK23,LA23,0.042592581559391864,0.0464040975965038
2022Q1,SK23,LA23,0.04482352800470722,0.04883468651106937
2022Q2,SK23,LA23,0.04391089524402135,0.047840384260627464
2022Q3,SK23,LA23,0.03640523406013454,0.03966305803733415
2022Q4,SK23,LA23,0.026108782774071828,0.028445200070452013
2023Q1,SK23,LA23,0.01829247339699344,0.019929426433377542
2023Q3,SK23,LA23,0.03782714138492042,0.04121220870763435
2019Q1,SK3,LA23,0.02806049447801853,0.04248313984188885
2019Q2,SK3,LA23,0.03844745631525244,0.058208833935029125
2019Q3,SK3,LA23,0.04113642625629719,0.062279891418550226
2019Q4,SK3,LA23,0.047900828954576986,0.07252108891430313
2020Q1,SK3,LA23,0.028113026480560868,0.04256267245354433
2020Q2,SK3,LA23,0.0011172601813437641,0.0016915140451635015
2020Q3,SK3,LA23,0.0347375507829802,0.05259209629517096
2020Q4,SK3,LA23,0.014803136265504988,0.02241171154551917
2021Q2,SK3,LA23,0.01169419684231717,0.017704826982999657
2021Q3,SK3,LA23,0.03185607493080073,0.04822958794111967
2021Q4,SK3,LA23,0.03574521010447425,0.05411767639147145
2022Q1,SK3,LA23,0.025334322327900602,0.03835575880884083
2022Q2,SK3,LA23,0.026103343088754574,0.03952004394110276
2022Q3,SK3,LA23,0.025384179973949886,0.0384312424875393
2022Q4,SK3,LA23,0.016710000201426132,0.0252986730462387
2023Q1,SK3,LA23,0.016549347786378454,0.02505544785932141
2023Q2,SK3,LA23,0.025892689758559774,0.0392011181683643
2023Q3,SK3,LA23,0.0247123911741652,0.03741416498921423
2019Q1,SK4,LA23,0.03814846266166947,0.11609006581241192
2019Q2,SK4,LA23,0.08635402028799623,0.26278500361359314
2019Q3,SK4,LA23,0.05572334837533352,0.16957242124150454
2019Q4,SK4,LA23,0.05638010430864888,0.17157100347003246
2020Q1,SK4,LA23,0.03940464321844237,0.11991276464044524
2020Q2,SK4,LA23,0.0025073716501930426,0.0076302141574778656
2020Q3,SK4,LA23,0.053922460976538064,0.16409211818182268
2020Q4,SK4,LA23,0.044545572422953976,0.13555719086494847
2021Q2,SK4,LA23,0.052237471683621785,0.1589645061036457
2021Q3,SK4,LA23,0.06598308683015963,0.2007939601801008
2021Q4,SK4,LA23,0.049071633426963884,0.14933050394669525
2022Q1,SK4,LA23,0.04131318422891034,0.12572066975777346
2022Q2,SK4,LA23,0.056820768960092326,0.172911995604918
2022Q3,SK4,LA23,0.03738816348411028,0.1137763898369799
2022Q4,SK4,LA23,0.03723056772021184,0.11329680818869738
2023Q1,SK4,LA23,0.028967469943053367,0.08815127157108257
2023Q2,SK4,LA23,0.03528612633295348,0.10737965418390423
2023Q3,SK4,LA23,0.049536746448835725,0.15074589522466578
2019Q1,SK5,LA23,0.02310869179020045,0.035660470902210986
2019Q2,SK5,LA23,0.0354793873991293,0.054750466770752106
2019Q3,SK5,LA23,0.03937191862851308,0.06075727571959325
2019Q4,SK5,LA23,0.03234152342033453,0.04990823216366983
2020Q1,SK5,LA23,0.027456216107711748,0.04236940820722152
2020Q3,SK5,LA23,0.056973699429827974,0.08791968706641667
2020Q4,SK5,LA23,0.032292233673788334,0.049832170065977496
2021Q2,SK5,LA23,0.033333690409747395,0.05143930724041197
2021Q3,SK5,LA23,0.05932058479532148,0.0915413129917101
2021Q4,SK5,LA23,0.037979670702067904,0.058608810669281926
2022Q1,SK5,LA23,0.04208496309025995,0.06494394469951173
2022Q2,SK5,LA23,0.04967253858924402,0.07665280808980507
2022Q3,SK5,LA23,0.04645657004058945,0.07169004542487763
2022Q4,SK5,LA23,0.023926423678480704,0.036922364239686464
2023Q1,SK5,LA23,0.02481359226294106,0.038291409695774124
2023Q2,SK5,LA23,0.03408845136707889,0.052604026186919284
2023Q3,SK5,LA23,0.029141016484189694,0.04496932928223902
2019Q1,SK6,LA23,0.04775327043534136,0.07595241499061726
2019Q2,SK6,LA23,0.0552325400520098,0.08784832462304945
2019Q3,SK6,LA23,0.058928762093773075,0.09372723067187373
2019Q4,SK6,LA23,0.062472016638665924,0.09936283923140653
2020Q1,SK6,LA23,0.03769491881720398,0.05995443015611834
2020Q2,SK6,LA23,0.0012041019486191795,0.0019151452886638526
2020Q3,SK6,LA23,0.0757994632255816,0.1205603770064435
2020Q4,SK6,LA23,0.04061652981983742,0.06460130374802507
2021Q2,SK6,LA23,0.054637398753636116,0.08690174193960082
2021Q3,SK6,LA23,0.07667649202710343,0.12195530671250633
2021Q4,SK6,LA23,0.044736333179829085,0.0711539233199455
2022Q1,SK6,LA23,0.03543772770588048,0.05636432806599018
2022Q2,SK6,LA23,0.0567455772483946,0.09025483684699567
2022Q3,SK6,LA23,0.03873941634338274,0.061615721808852775
2022Q4,SK6,LA23,0.03465329765357859,0.05511667829623846
2023Q1,SK6,LA23,0.026760311190248142,0.04256274475591856
2023Q2,SK6,LA23,0.03232355494492815,0.05141118161683562
2023Q3,SK6,LA23,0.04344008706593313,0.06909222111871287
2019Q1,SK7,LA23,0.04952550890979779,0.09184433224211748
2019Q2,SK7,LA23,0.05888352556167663,0.10919863731483916
2019Q3,SK7,LA23,0.057352200277389034,0.10635881696211907
2019Q4,SK7,LA23,0.06672893109115544,0.12374782717447225
2020Q1,SK7,LA23,0.04964878845123215,0.09207295234943984
2020Q2,SK7,LA23,0.006252089583938651,0.0115944087318837
2020Q3,SK7,LA23,0.12154438773684725,0.22540229015716995
2020Q4,SK7,LA23,0.059092344418072075,0.10958588883122712
2021Q1,SK7,LA23,0.0006988179951516361,0.001295947755738859
2021Q2,SK7,LA23,0.07556306817369414,0.1401306052446352
2021Q3,SK7,LA23,0.18536353956934656,0.34375397423556664
2021Q4,SK7,LA23,0.08742359713615087,0.16212578281220238
2022Q1,SK7,LA23,0.07978572386443772,0.14796145849060754
2022Q2,SK7,LA23,0.09240604779952977,0.17136566472721285
2022Q3,SK7,LA23,0.056100612725483334,0.10403776614451536
2022Q4,SK7,LA23,0.07014212130458715,0.13007753852663465
2023Q1,SK7,LA23,0.03552622415845279,0.06588286333129173
2023Q2,SK7,LA23,0.05140823157136175,0.09533581389379284
2023Q3,SK7,LA23,0.03346049258876331,0.062051994334970176
2019Q1,SK8,LA23,0.046802755627524534,0.21787488997585036
2019Q2,SK8,LA23,0.061115455586499716,0.2845029738783539
2019Q3,SK8,LA23,0.06845830927844862,0.3186852227393865
2019Q4,SK8,LA23,0.07269525799937561,0.3384089489180733
2020Q1,SK8,LA23,0.04860759218672319,0.2262767150711348
2020Q2,SK8,LA23,0.002174287242769439,0.010121681671146987
2020Q3,SK8,LA23,0.1186152428486552,0.5521743888496852
2020Q4,SK8,LA23,0.04391904603545594,0.2044507250592711
2021Q1,SK8,LA23,0.003022406973171165,0.014069825118473262
2021Q2,SK8,LA23,0.0602181627420363,0.2803259211142083
2021Q3,SK8,LA23,0.10838866403301607,0.5045679027696991
2021Q4,SK8,LA23,0.06767874612589536,0.3150562219719214
2022Q1,SK8,LA23,0.06099252280134551,0.2839307005863056
2022Q2,SK8,LA23,0.06367104414013905,0.2963996788369026
2022Q3,SK8,LA23,0.0614478788841188,0.28605046159404673
2022Q4,SK8,LA23,0.03319160348568512,0.15451263201504334
2023Q1,SK8,LA23,0.03963101381100753,0.1844891963717344
2023Q2,SK8,LA23,0.039378267732319706,0.18331261983585298
2023Q3,SK8,LA23,0.041645294287806216,0.19386601898354075
2019Q1,SK9,LA23,0.06768218200303745,0.21615112907177925
2019Q2,SK9,LA23,0.11061021082420533,0.35324691446039
2019Q3,SK9,LA23,0.07784140080808433,0.2485958072752625
2019Q4,SK9,LA23,0.09060288706461378,0.2893511372801232
2020Q1,SK9,LA23,0.0550218496312441,0.1757188460749882
2020Q2,SK9,LA23,0.001928353466043891,0.0061584270276061745
2020Q3,SK9,LA23,0.12304924077359587,0.3929724417490608
2020Q4,SK9,LA23,0.0884828438174462,0.2825805260498926
2021Q2,SK9,LA23,0.08554886044851646,0.2732104998612641
2021Q3,SK9,LA23,0.1054090492267069,0.33663638391139544
2021Q4,SK9,LA23,0.0907765104178012,0.28990562418811033
2022Q1,SK9,LA23,0.07529188370383429,0.24045362000584602
2022Q2,SK9,LA23,0.10139515531571963,0.3238175344718886
2022Q3,SK9,LA23,0.07208113080918856,0.23019969729222825
2022Q4,SK9,LA23,0.0710834021385706,0.22701333165981294
2023Q1,SK9,LA23,0.04501474652707952,0.1437599675239715
2023Q2,SK9,LA23,0.07531228201407315,0.2405187644450293
2023Q3,SK9,LA23,0.058423318802751326,0.18658184398913846
2019Q2,SL0,LA23,0.006617601548779635,0.0048059388152176955
2019Q3,SL0,LA23,0.021835596168010268,0.015857790530862587
2019Q4,SL0,LA23,0.013091740425198936,0.009507689909166716
2020Q1,SL0,LA23,0.008454142781972623,0.0061397007126800214
2020Q3,SL0,LA23,0.009708271361933163,0.007050493720883681
2021Q2,SL0,LA23,0.009771888744055478,0.007096694938018089
2021Q3,SL0,LA23,0.012447502428777195,0.009039821245509824
2021Q4,SL0,LA23,0.00723167355649549,0.005251899859482215
2022Q1,SL0,LA23,0.004839600254065396,0.003514690713803932
2022Q2,SL0,LA23,0.018260478496629543,0.01326141227218247
2022Q3,SL0,LA23,0.009891457563975506,0.0071835300894710205
2023Q2,SL0,LA23,0.004511856244759204,0.003276671297831363
2019Q1,SL1,LA23,0.002176430543295172,0.012480040513854537
2019Q2,SL1,LA23,0.007304141201730408,0.04188324704288387
2019Q3,SL1,LA23,0.01067296905448102,0.06120070618075964
2019Q4,SL1,LA23,0.004537507593296336,0.02601887699596615
2020Q1,SL1,LA23,0.0013656326519597872,0.00783078094359813
2020Q3,SL1,LA23,0.012850294838282622,0.07368588016318467
2020Q4,SL1,LA23,0.001994217577684117,0.011435198903824285
2021Q2,SL1,LA23,0.004976755456421842,0.02853760250472083
2021Q3,SL1,LA23,0.01483105859032789,0.08504393243370315
2021Q4,SL1,LA23,0.006094444315164843,0.03494662956141598
2022Q1,SL1,LA23,0.0016509495840646205,0.009466839067725491
2022Q2,SL1,LA23,0.005992424724495752,0.03436163105150285
2022Q3,SL1,LA23,0.009829412926023118,0.05636360504224785
2022Q4,SL1,LA23,0.0030778999062040877,0.017649226457215058
2023Q1,SL1,LA23,0.0011815031151237044,0.006774949372684574
2023Q2,SL1,LA23,0.004072902988502859,0.02335475141263041
2023Q3,SL1,LA23,0.007880348253318117,0.04518732094054925
2019Q1,SL2,LA23,0.005227789170657657,0.008224611976041197
2019Q2,SL2,LA23,0.00823436653858285,0.01295470560068926
2019Q3,SL2,LA23,0.016568138877242466,0.02606580123684288
2019Q4,SL2,LA23,0.0038597300598461866,0.006072314899895563
2020Q3,SL2,LA23,0.009477881165710527,0.0149110632426655
2020Q4,SL2,LA23,0.012714567105519391,0.020003174855094442
2021Q2,SL2,LA23,0.007392473403304857,0.011630198407128664
2021Q3,SL2,LA23,0.03552702631009913,0.05589284428362167
2021Q4,SL2,LA23,0.00468075854730409,0.007363996815554719
2022Q1,SL2,LA23,0.002775457733812358,0.004366484984634075
2022Q2,SL2,LA23,0.0059307072067992,0.009330476789923471
2022Q3,SL2,LA23,0.010127075031584044,0.015932406581070268
2022Q4,SL2,LA23,0.0018018048071242433,0.002834686884149616
2023Q2,SL2,LA23,0.007604934343552148,0.011964452283204358
2023Q3,SL2,LA23,0.008263917130098967,0.013001196027320598
2019Q2,SL3,LA23,0.012779131319678342,0.020309013898096855
2019Q3,SL3,LA23,0.011423421489513173,0.018154475448350024
2019Q4,SL3,LA23,0.003987058035040944,0.006336363170591742
2020Q3,SL3,LA23,0.01734247635826646,0.02756123124308852
2020Q4,SL3,LA23,0.0018812242517309247,0.002989703174503561
2021Q2,SL3,LA23,0.014217778799442197,0.022595359576069087
2021Q3,SL3,LA23,0.027317286931229104,0.04341352679350945
2021Q4,SL3,LA23,0.005318382467408588,0.00845214754775009
2022Q1,SL3,LA23,0.010499733557641515,0.01668652034431264
2022Q2,SL3,LA23,0.009439241724319923,0.015001152000958884
2022Q3,SL3,LA23,0.017884414527229428,0.02842249712494309
2022Q4,SL3,LA23,0.0025275737788008463,0.0040169030052211434
2023Q1,SL3,LA23,0.002398003605428907,0.0038109858434076955
2023Q2,SL3,LA23,0.0077265769853498934,0.01227932912298581
2023Q3,SL3,LA23,0.009602296324518318,0.01526028371020727
2019Q1,SL4,LA23,0.0031597131170548612,0.008713737537722373
2019Q2,SL4,LA23,0.01320164310340008,0.03640699291615898
2019Q3,SL4,LA23,0.03042593098165505,0.08390748371552062
2019Q4,SL4,LA23,0.022271994996084444,0.06142086691029685
2020Q1,SL4,LA23,0.011961883447861709,0.03298803054583855
2020Q3,SL4,LA23,0.042913139872408516,0.11834423693385078
2020Q4,SL4,LA23,0.010472111144550931,0.028879592734839376
2021Q2,SL4,LA23,0.030931042524438526,0.08530046125747917
2021Q3,SL4,LA23,0.04579798589642165,0.12629995638012226
2021Q4,SL4,LA23,0.02561237476118877,0.07063284010885366
2022Q1,SL4,LA23,0.01016557298622931,0.028034233375315902
2022Q2,SL4,LA23,0.02331910648301631,0.0643085514347587
2022Q3,SL4,LA23,0.015993887966346505,0.04410734037664213
2022Q4,SL4,LA23,0.01118269134511465,0.030839203983656062
2023Q1,SL4,LA23,0.003886784294490311,0.010718826979931146
2023Q2,SL4,LA23,0.010980893175032409,0.03028269260919043
2023Q3,SL4,LA23,0.02232626577847632,0.06157053282495761
2019Q2,SL5,LA23,0.0100029832506423,0.009775353298574508
2019Q3,SL5,LA23,0.025315128971109827,0.024739052669681082
2019Q4,SL5,LA23,0.008734345046792005,0.008535584487614108
2020Q3,SL5,LA23,0.031462183063878116,0.030746223130393387
2020Q4,SL5,LA23,0.007197581523599934,0.007033791872436032
2021Q2,SL5,LA23,0.011444896702257065,0.011184454269986838
2021Q3,SL5,LA23,0.03430783318322785,0.03352711704811421
2021Q4,SL5,LA23,0.015296386699214822,0.014948298965395103
2022Q1,SL5,LA23,0.003253904951614621,0.00317985841873438
2022Q2,SL5,LA23,0.007090893689579283,0.006929531848793125
2022Q3,SL5,LA23,0.033772322404697,0.033003792463421174
2022Q4,SL5,LA23,0.0171563951231255,0.016765980653593884
2023Q1,SL5,LA23,0.007201946698500918,0.0070380577125157325
2023Q2,SL5,LA23,0.0064420363356534035,0.006295440026776288
2023Q3,SL5,LA23,0.016310956926624813,0.01593978142324196
2019Q1,SL6,LA23,0.00552677797947938,0.03186524697638593
2019Q2,SL6,LA23,0.013721199898818195,0.07911108881370159
2019Q3,SL6,LA23,0.015814085112919717,0.09117784895644457
2019Q4,SL6,LA23,0.009367051109810672,0.054006764549399185
2020Q1,SL6,LA23,0.004413752747367818,0.0254479774490283
2020Q3,SL6,LA23,0.020788212883070648,0.11985673030041526
2020Q4,SL6,LA23,0.006917344723568646,0.03988271265025173
2021Q2,SL6,LA23,0.01313795140242912,0.07574830538815963
2021Q3,SL6,LA23,0.0401190820226267,0.2313109847841779
2021Q4,SL6,LA23,0.011644203221481344,0.06713593577911088
2022Q1,SL6,LA23,0.008631902182616159,0.049768182464781964
2022Q2,SL6,LA23,0.021246522554056055,0.1224991651714813
2022Q3,SL6,LA23,0.01467422367822221,0.08460585234822994
2022Q4,SL6,LA23,0.008392959657348532,0.04839053302616065
2023Q1,SL6,LA23,0.004108622615909229,0.023688716079209183
2023Q2,SL6,LA23,0.010527892435595241,0.060699723029704375
2023Q3,SL6,LA23,0.012713086662423491,0.07329870094917096
2019Q1,SL7,LA23,0.005538950671264425,0.008742803092163737
2019Q3,SL7,LA23,0.019669229758834426,0.031046350285831463
2019Q4,SL7,LA23,0.013098207490032302,0.020674502399840887
2020Q1,SL7,LA23,0.003956831772531362,0.006245551388556036
2020Q3,SL7,LA23,0.02978656382071148,0.047015775682508636
2021Q2,SL7,LA23,0.04518967471693535,0.07132838894896791
2021Q3,SL7,LA23,0.03537429866717353,0.05583558080322972
2021Q4,SL7,LA23,0.011936915086642493,0.018841492608304863
2022Q1,SL7,LA23,0.012032147293436726,0.01899180924433372
2022Q2,SL7,LA23,0.01891717474625736,0.02985928990568637
2022Q3,SL7,LA23,0.015315253574130862,0.024173937312681814
2022Q4,SL7,LA23,0.006373412004198795,0.010059935443552643
2023Q1,SL7,LA23,0.00451952173321456,0.007133713753625002
2023Q2,SL7,LA23,0.014386155521986832,0.022707428256129075
2023Q3,SL7,LA23,0.0212302775584211,0.03351034289729233
2020Q3,SL8,LA23,0.012910818926506869,0.0029387300006698236
2021Q2,SL8,LA23,0.02854706106348068,0.006497814372252358
2021Q3,SL8,LA23,0.02182657401641202,0.004968113040620632
2019Q1,SL9,LA23,0.007532838467513054,0.011267891209850856
2019Q2,SL9,LA23,0.010873902997115973,0.01626557592153248
2019Q3,SL9,LA23,0.022730085346255768,0.03400048069221275
2019Q4,SL9,LA23,0.01091184657015695,0.0163223332853048
2020Q1,SL9,LA23,0.005758625993574154,0.008613960261281868
2020Q3,SL9,LA23,0.03648363969049167,0.05457354286100579
2020Q4,SL9,LA23,0.0051463085626403,0.007698033784507716
2021Q2,SL9,LA23,0.023813531447801576,0.03562113841062865
2021Q3,SL9,LA23,0.03822169701457751,0.05717339163364905
2021Q4,SL9,LA23,0.012869009902643738,0.019249928720342854
2022Q1,SL9,LA23,0.002218321453684737,0.003318245163014907
2022Q2,SL9,LA23,0.011519137081859896,0.01723074031515879
2022Q3,SL9,LA23,0.0230446544842821,0.034471024543716235
2022Q4,SL9,LA23,0.005391032524814132,0.008064100705245601
2023Q1,SL9,LA23,0.00808952143657409,0.012100597653883686
2023Q2,SL9,LA23,0.0041057362818427015,0.006141508272035826
2023Q3,SL9,LA23,0.009957940310330649,0.014895445929831332
2019Q1,SM1,LA23,0.0018747886843352333,0.008414188801278158
2019Q2,SM1,LA23,0.0059443890580696684,0.02667885306795813
2019Q3,SM1,LA23,0.007377653931693189,0.033111450698653
2019Q4,SM1,LA23,0.0041364242058514935,0.01856457451499535
2020Q1,SM1,LA23,0.001606558982129591,0.007210354270311188
2020Q3,SM1,LA23,0.010481885135759702,0.0470434674918396
2020Q4,SM1,LA23,0.005137186808296943,0.023056070304676983
2021Q2,SM1,LA23,0.005075292603139339,0.02277828458287668
2021Q3,SM1,LA23,0.02454817291726408,0.11017399634323223
2021Q4,SM1,LA23,0.008018344337502101,0.035986916121869605
2022Q1,SM1,LA23,0.0042354839319093006,0.01900916181414946
2022Q2,SM1,LA23,0.01089967907551953,0.048918557265178776
2022Q3,SM1,LA23,0.010157190262008668,0.045586213139188585
2022Q4,SM1,LA23,0.002670440141526493,0.011985130762234779
2023Q1,SM1,LA23,0.0024876573066180715,0.011164788024195666
2023Q2,SM1,LA23,0.004558728915378143,0.02045990895311956
2023Q3,SM1,LA23,0.005027381784258885,0.022563257321909967
2019Q2,SM2,LA23,0.018247466275522324,0.015011925054719488
2020Q3,SM2,LA23,0.012270879913437331,0.01009507439742952
2021Q3,SM2,LA23,0.029812007964854063,0.02452590527044441
2022Q2,SM2,LA23,0.01450950716793749,0.011936760473873405
2022Q3,SM2,LA23,0.02171886773302475,0.017867796534519153
2022Q4,SM2,LA23,0.006666138397214082,0.005484135085516205
2023Q2,SM2,LA23,0.005923327563552204,0.004873035418505223
2023Q3,SM2,LA23,0.008985796364993495,0.007392483951002227
2019Q1,SM3,LA23,0.0018974821567399399,0.003102639483054336
2019Q2,SM3,LA23,0.01295370281737328,0.021181052833712032
2019Q3,SM3,LA23,0.014502747255174213,0.023713949607816236
2019Q4,SM3,LA23,0.0071084832102328655,0.0116233296815766
2020Q3,SM3,LA23,0.016003196127859158,0.02616738607263919
2020Q4,SM3,LA23,0.003775419964270357,0.0061733213166980175
2021Q2,SM3,LA23,0.007801379029493559,0.012756307885795966
2021Q3,SM3,LA23,0.02788302097033996,0.04559250344574679
2021Q4,SM3,LA23,0.005954880209040001,0.009737033040231416
2022Q1,SM3,LA23,0.002123745584127111,0.0034726107320007613
2022Q2,SM3,LA23,0.007874294486159858,0.012875534500904949
2022Q3,SM3,LA23,0.00774031399270996,0.012656458306981228
2022Q4,SM3,LA23,0.003617075361285511,0.005914406514572328
2023Q2,SM3,LA23,0.008807691923860812,0.014401765318573526
2023Q3,SM3,LA23,0.009325794049851722,0.015248932237452804
2019Q2,SM4,LA23,0.0051638056104041435,0.005894595664032691
2019Q3,SM4,LA23,0.014457287595486009,0.016503306128008117
2020Q3,SM4,LA23,0.01583198845493394,0.018072556858344885
2021Q2,SM4,LA23,0.009924081033951359,0.011328552901831714
2021Q3,SM4,LA23,0.027602072831523057,0.03150836245717554
2021Q4,SM4,LA23,0.004866620924054639,0.005555352924134971
2022Q2,SM4,LA23,0.009065843075716958,0.01034885573098472
2022Q3,SM4,LA23,0.004021620732113297,0.004590766949502517
2023Q2,SM4,LA23,0.00746572015771875,0.008522280850755374
2023Q3,SM4,LA23,0.009987229612870895,0.01140063836894127
2019Q2,SM5,LA23,0.01787360079714187,0.01810805732409292
2019Q3,SM5,LA23,0.01173046713313373,0.011884341252555023
2020Q3,SM5,LA23,0.02002757633411481,0.02029028758317071
2020Q4,SM5,LA23,0.0031780095632145647,0.0032196970269363486
2021Q2,SM5,LA23,0.018020829328477605,0.01825721712213405
2021Q3,SM5,LA23,0.03411006029091885,0.034557498183298015
2021Q4,SM5,LA23,0.006900115259683444,0.006990627355019378
2022Q1,SM5,LA23,0.003983448828679961,0.004035701622521529
2022Q2,SM5,LA23,0.01318155667634726,0.013354465427819377
2022Q3,SM5,LA23,0.012028492507277224,0.012186275967348902
2023Q2,SM5,LA23,0.003916007741858697,0.003967375878872053
2023Q3,SM5,LA23,0.004439122203657506,0.004497352281994449
2019Q1,SM6,LA23,0.0023684904813829513,0.005339313429929007
2019Q2,SM6,LA23,0.005491047880958847,0.012378527980432456
2019Q3,SM6,LA23,0.012959777456001893,0.02921536496077395
2019Q4,SM6,LA23,0.004175576201758315,0.0094130461012967
2020Q3,SM6,LA23,0.008240661121428473,0.01857701052336329
2021Q2,SM6,LA23,0.005486461450381604,0.012368188740917243
2021Q3,SM6,LA23,0.020316829050136088,0.045800445074038736
2021Q4,SM6,LA23,0.003073934820868888,0.006929604151167358
2022Q1,SM6,LA23,0.0019068325671951548,0.004298593055229992
2022Q2,SM6,LA23,0.007684259739232427,0.017322708935182216
2022Q3,SM6,LA23,0.005640219130013138,0.012714806322986652
2023Q2,SM6,LA23,0.0016299147937411155,0.0036743343561087406
2023Q3,SM6,LA23,0.005218588246317654,0.011764319311329487
2019Q1,SM7,LA23,0.009061650037239471,0.013732245333182885
2019Q2,SM7,LA23,0.009778936833603664,0.014819239227390538
2019Q3,SM7,LA23,0.006544228158607024,0.009917282859192416
2019Q4,SM7,LA23,0.005407371049137424,0.008194461885986349
2020Q1,SM7,LA23,0.0038193589611910522,0.005787949662040121
2020Q3,SM7,LA23,0.019842708187248183,0.030070123628947613
2020Q4,SM7,LA23,0.006801390313216775,0.010306992656304245
2021Q2,SM7,LA23,0.01510715537541315,0.022893751474525586
2021Q3,SM7,LA23,0.031356797755331886,0.047518855602416636
2021Q4,SM7,LA23,0.012938405301212626,0.019607174751424403
2022Q2,SM7,LA23,0.009328592941699873,0.014136777117012325
2022Q3,SM7,LA23,0.0068195204836716365,0.010334467558512502
2022Q4,SM7,LA23,0.002519330317627696,0.0038178545689597594
2023Q2,SM7,LA23,0.007318147882155218,0.011090099671613752
2023Q3,SM7,LA23,0.009629124372476646,0.014592209772301272
2019Q1,SN1,LA23,0.004131598247649435,0.020826409688102843
2019Q2,SN1,LA23,0.00797005764460415,0.04017517575402119
2019Q3,SN1,LA23,0.009508186756227595,0.047928520854816574
2019Q4,SN1,LA23,0.007255376606549878,0.03657263765552507
2020Q1,SN1,LA23,0.001763451722846393,0.008889143097609813
2020Q3,SN1,LA23,0.009605478962728665,0.04841894785923392
2020Q4,SN1,LA23,0.001889402314809516,0.009524030245743205
2021Q2,SN1,LA23,0.001875446054021437,0.009453680035615223
2021Q3,SN1,LA23,0.0060558553555884785,0.030526134703230418
2021Q4,SN1,LA23,0.0045328873617995645,0.02284921321199852
2022Q1,SN1,LA23,0.00184456442043795,0.009298013023893187
2022Q2,SN1,LA23,0.003158231533014487,0.015919898270328088
2022Q3,SN1,LA23,0.0035186845994116256,0.017736856934784544
2022Q4,SN1,LA23,0.002354993502045932,0.011870965313322058
2023Q1,SN1,LA23,0.0010863364062761686,0.00547596491722796
2023Q2,SN1,LA23,0.007473326640131435,0.03767127223198411
2023Q3,SN1,LA23,0.006541828707860723,0.0329758114445933
2019Q1,SN10,LA23,0.002144945057831823,0.004106196437397972
2019Q2,SN10,LA23,0.009623171063973828,0.01842221114013205
2019Q3,SN10,LA23,0.015490346633665724,0.029654095767615237
2019Q4,SN10,LA23,0.00515950837099147,0.009877155041493516
2020Q1,SN10,LA23,0.00199145413102825,0.003812359588518108
2020Q3,SN10,LA23,0.02196642494005232,0.042051639272470784
2020Q4,SN10,LA23,0.004526056150433022,0.008664499620870209
2021Q2,SN10,LA23,0.004535082806807544,0.008681779888311718
2021Q3,SN10,LA23,0.015121084627918056,0.02894719545474653
2021Q4,SN10,LA23,0.018013920269550166,0.03448512350669153
2022Q3,SN10,LA23,0.0136407507509333,0.02611330389671347
2022Q4,SN10,LA23,0.005662206263647857,0.010839499642524772
2023Q1,SN10,LA23,0.002967277230394373,0.005680436031556765
2023Q2,SN10,LA23,0.006417801608537692,0.012285980941415177
2023Q3,SN10,LA23,0.007562713999070053,0.014477755113891618
2019Q1,SN11,LA23,0.00247899210558678,0.003630374512575533
2019Q2,SN11,LA23,0.0064592726130512906,0.00945931962080534
2019Q3,SN11,LA23,0.01732110012521601,0.025365986556648932
2019Q4,SN11,LA23,0.004582908968176153,0.006711467888108657
2020Q3,SN11,LA23,0.00407151902912559,0.005962559895811007
2020Q4,SN11,LA23,0.002223149021578282,0.0032557036093040104
2021Q3,SN11,LA23,0.00549529418478693,0.008047615763920648
2021Q4,SN11,LA23,0.0014457454706717188,0.002117230424642993
2022Q2,SN11,LA23,0.003237486374136096,0.0047411558879055975
2022Q3,SN11,LA23,0.011677938314685077,0.017101825181902692
2023Q1,SN11,LA23,0.006532194310287986,0.009566110227546377
2023Q2,SN11,LA23,0.01079201621907556,0.015804431378679186
2019Q1,SN12,LA23,0.0026647399805891487,0.0058170152164814855
2019Q2,SN12,LA23,0.005026486432672202,0.010972608313486345
2019Q3,SN12,LA23,0.010298997781144938,0.022482278662769847
2019Q4,SN12,LA23,0.007301388871665726,0.015938624585254243
2020Q1,SN12,LA23,0.003018243470941748,0.006588698456662296
2020Q3,SN12,LA23,0.008860540310329481,0.019342186549863204
2020Q4,SN12,LA23,0.0035002575527464303,0.0076409149088642395
2021Q2,SN12,LA23,0.011664124723745213,0.025462293319126285
2021Q3,SN12,LA23,0.011860368346001291,0.02589068488645237
2021Q4,SN12,LA23,0.0028182902646025146,0.0061522090234222
2022Q1,SN12,LA23,0.001700645574406872,0.0037124377073291365
2022Q2,SN12,LA23,0.0052542946409215386,0.011469904043455765
2022Q3,SN12,LA23,0.0076350195901442935,0.0166669264008957
2022Q4,SN12,LA23,0.0034617706178837193,0.007556899550006364
2023Q1,SN12,LA23,0.0010176846476692546,0.0022215627506601307
2023Q2,SN12,LA23,0.00841621825251255,0.01837225019953757
2023Q3,SN12,LA23,0.008490443055462064,0.01853427982019204
2019Q2,SN13,LA23,0.007210563579341338,0.00729270667456172
2019Q3,SN13,LA23,0.01937924747523564,0.01960001681637541
2019Q4,SN13,LA23,0.007731710950984326,0.007819790982714826
2020Q1,SN13,LA23,0.0053297863227493815,0.0053905035108854395
2020Q3,SN13,LA23,0.02108008948705045,0.021320234904109114
2020Q4,SN13,LA23,0.008193666275477742,0.008287008925003631
2021Q2,SN13,LA23,0.00832248761480568,0.008417297803370145
2021Q3,SN13,LA23,0.030516931728628544,0.030864582117011582
2021Q4,SN13,LA23,0.020221018435605486,0.020451377272960158
2022Q1,SN13,LA23,0.002661997898198896,0.002692323509286314
2022Q2,SN13,LA23,0.012402306613388028,0.012543594300804685
2022Q3,SN13,LA23,0.014208736371144772,0.014370602995279425
2022Q4,SN13,LA23,0.013861304790049449,0.014019213456510686
2023Q2,SN13,LA23,0.010461550941870354,0.010580729445147546
2023Q3,SN13,LA23,0.02177809812034567,0.02202619528611281
2019Q1,SN14,LA23,0.005008435594839261,0.008537753558841073
2019Q2,SN14,LA23,0.013113869515141523,0.02235488187937262
2019Q3,SN14,LA23,0.010104371635396429,0.01722466691572328
2019Q4,SN14,LA23,0.006614533208993408,0.011275627563893706
2020Q1,SN14,LA23,0.004861555302293884,0.00828737043687479
2020Q3,SN14,LA23,0.028094005201894125,0.0478911405273385
2020Q4,SN14,LA23,0.0018584619631708949,0.0031680731317345226
2021Q2,SN14,LA23,0.012335017995646643,0.021027193381345802
2021Q3,SN14,LA23,0.03556577132819468,0.060628071376840224
2021Q4,SN14,LA23,0.013612532985963356,0.023204940893221192
2022Q1,SN14,LA23,0.007932299252623884,0.0135219900289155
2022Q2,SN14,LA23,0.011956853199708272,0.020382545412691057
2022Q3,SN14,LA23,0.015197762825375282,0.025907242130151557
2022Q4,SN14,LA23,0.0045225812052616405,0.007709529862010646
2023Q1,SN14,LA23,0.012779264078268732,0.0217844884490544
2023Q2,SN14,LA23,0.008381889521460444,0.014288395195777357
2023Q3,SN14,LA23,0.008176901807376754,0.013938957821112888
2019Q1,SN15,LA23,0.004971448651302161,0.010095942025920306
2019Q2,SN15,LA23,0.012111343978267368,0.02459553245683007
2019Q3,SN15,LA23,0.01108746801368723,0.022516260778659
2019Q4,SN15,LA23,0.011226854424471402,0.022799324573778264
2020Q1,SN15,LA23,0.004897429660747807,0.009945625389891456
2020Q3,SN15,LA23,0.011605351725377288,0.023567971114241318
2020Q4,SN15,LA23,0.011436307873933288,0.023224679441386595
2021Q2,SN15,LA23,0.011832072712318184,0.02402839263335229
2021Q3,SN15,LA23,0.03510636342479958,0.07129346690221372
2021Q4,SN15,LA23,0.006499785932459807,0.013199666044588124
2022Q1,SN15,LA23,0.011501070040272092,0.02335619746011506
2022Q2,SN15,LA23,0.010431016764124373,0.021183149602564767
2022Q3,SN15,LA23,0.013927390476678372,0.0282835319616687
2022Q4,SN15,LA23,0.004355656221947614,0.008845400161199302
2023Q1,SN15,LA23,0.0024022882966159053,0.0048785303989468745
2023Q2,SN15,LA23,0.01354447838268507,0.027505919926800848
2023Q3,SN15,LA23,0.01177927321111948,0.023921168212365864
2019Q2,SN16,LA23,0.026651053814049638,0.02132153634684529
2019Q3,SN16,LA23,0.013072205700622579,0.01045810461844965
2020Q1,SN16,LA23,0.0062483487578443905,0.004998841549669339
2020Q3,SN16,LA23,0.017509167751395962,0.01400778968138199
2021Q2,SN16,LA23,0.023525523809691824,0.01882103103639714
2021Q3,SN16,LA23,0.04022384680053094,0.03218012381616738
2021Q4,SN16,LA23,0.0302996744864974,0.02424052779934972
2022Q1,SN16,LA23,0.0034155434725507395,0.002732523629359445
2022Q2,SN16,LA23,0.03033898762413028,0.024271979332140745
2022Q3,SN16,LA23,0.014827198389571932,0.011862144423665724
2022Q4,SN16,LA23,0.011667687374294659,0.009334453420506244
2023Q1,SN16,LA23,0.005274196319810246,0.00421949425781991
2023Q2,SN16,LA23,0.01149769194466833,0.00919845265457538
2023Q3,SN16,LA23,0.011597285226671635,0.00927812987097932
2019Q1,SN2,LA23,0.0027134915889716585,0.009215949829139586
2019Q2,SN2,LA23,0.011654704388802437,0.03958338082093021
2019Q3,SN2,LA23,0.014285618670662904,0.048518869740422896
2019Q4,SN2,LA23,0.0031152869213812093,0.01058058484039908
2020Q1,SN2,LA23,0.002469804444217386,0.008388304551303013
2020Q3,SN2,LA23,0.024293077153394217,0.08250763744801003
2020Q4,SN2,LA23,0.00914183371816434,0.031048808566555355
2021Q2,SN2,LA23,0.02077959262192926,0.0705746366975967
2021Q3,SN2,LA23,0.0448659391155254,0.15238014578943734
2021Q4,SN2,LA23,0.024102802347784568,0.08186139882712216
2022Q1,SN2,LA23,0.01546954606372345,0.052539893980975284
2022Q2,SN2,LA23,0.022394522891961508,0.07605949480685523
2022Q3,SN2,LA23,0.030705942690096612,0.10428793235935896
2022Q4,SN2,LA23,0.015226199531733754,0.051713405541126425
2023Q1,SN2,LA23,0.0048018948900583076,0.016308885043697596
2023Q2,SN2,LA23,0.016946592028996944,0.05755644961233153
2023Q3,SN2,LA23,0.014024347391937544,0.047631502701470485
2019Q1,SN25,LA23,0.004588398702439804,0.014789667556329546
2019Q2,SN25,LA23,0.011641598342638969,0.03752406459804725
2019Q3,SN25,LA23,0.014076004809323322,0.04537082436635071
2019Q4,SN25,LA23,0.0049359723772052925,0.015909992845058268
2020Q1,SN25,LA23,0.005690338474808604,0.01834152169048886
2020Q3,SN25,LA23,0.014865027333355334,0.04791406037997012
2020Q4,SN25,LA23,0.008283828032905468,0.026701049896847438
2021Q2,SN25,LA23,0.016843157832411113,0.05429011755401537
2021Q3,SN25,LA23,0.022944348803315532,0.07395592953094214
2021Q4,SN25,LA23,0.012596186616489893,0.040600964435874916
2022Q1,SN25,LA23,0.00483779038466263,0.01559352535304371
2022Q2,SN25,LA23,0.016322728221037502,0.052612630169452924
2022Q3,SN25,LA23,0.020250344392903463,0.06527241438564885
2022Q4,SN25,LA23,0.009416566040540678,0.030352175190827627
2023Q1,SN25,LA23,0.002882517425109016,0.009291144298341127
2023Q2,SN25,LA23,0.003652114405265783,0.01177176645587541
2023Q3,SN25,LA23,0.006012519868203681,0.019380000691586668
2021Q3,SN26,LA23,0.21853860178703569,0.004819387056824893
2019Q2,SN3,LA23,0.008740207307362705,0.01031545203408942
2019Q3,SN3,LA23,0.012957494711573484,0.015292819778611782
2020Q3,SN3,LA23,0.017075110022022538,0.020152551560258268
2021Q2,SN3,LA23,0.012875098297246795,0.015195573085269403
2021Q3,SN3,LA23,0.013562082230525215,0.016006371909909858
2021Q4,SN3,LA23,0.008330063073967038,0.0098313876386045
2022Q1,SN3,LA23,0.005918084170717711,0.006984698560332333
2022Q3,SN3,LA23,0.01646065943786144,0.019427358746708798
2023Q2,SN3,LA23,0.01037698604192065,0.012247226868826691
2019Q2,SN38,LA23,0.07745428441960281,0.005919467680768585
2019Q3,SN4,LA23,0.004639409619568038,0.0027841475245612727
2021Q3,SN4,LA23,0.014144253541133531,0.008488081827743521
2023Q2,SN4,LA23,0.009765808453624195,0.005860541245769301
2019Q2,SN5,LA23,0.008132367012515742,0.022280555038661862
2019Q3,SN5,LA23,0.009149051437898724,0.02506600400595932
2019Q4,SN5,LA23,0.009099121082731313,0.024929207913911903
2020Q1,SN5,LA23,0.0036772703751256452,0.010074757430270257
2020Q3,SN5,LA23,0.006415206150975966,0.017575984152117786
2021Q2,SN5,LA23,0.002548981577648059,0.0069835417223446175
2021Q3,SN5,LA23,0.00334258921009756,0.009157818720256854
2021Q4,SN5,LA23,0.0032102157103513947,0.008795150011107887
2022Q2,SN5,LA23,0.0066409747495262935,0.01819453096367469
2022Q3,SN5,LA23,0.002700039375205286,0.007397400512450018
2022Q4,SN5,LA23,0.0019894026923574486,0.005450442179123976
2023Q1,SN5,LA23,0.003783016111465933,0.010364473043818885
2023Q2,SN5,LA23,0.006164868228609114,0.01689012383015066
2023Q3,SN5,LA23,0.011962964746797134,0.0327753892632215
2019Q1,SN6,LA23,0.008963417676460838,0.006397892491063388
2019Q2,SN6,LA23,0.01876819403681874,0.013396328502499848
2019Q3,SN6,LA23,0.020579961604863882,0.01468952876801788
2019Q4,SN6,LA23,0.01937292692182542,0.013827973676666385
2020Q1,SN6,LA23,0.005043391224723223,0.0035998629106495225
2020Q3,SN6,LA23,0.013673243509169486,0.009759663683366109
2020Q4,SN6,LA23,0.020439262446191472,0.014589100770209284
2021Q2,SN6,LA23,0.02169208260059057,0.01548333653471376
2021Q3,SN6,LA23,0.04398130093939127,0.031392895565526636
2021Q4,SN6,LA23,0.02336365748641641,0.016676470314294357
2022Q1,SN6,LA23,0.04401908408279285,0.03141986435111527
2022Q2,SN6,LA23,0.04658367825073241,0.03325041586192739
2022Q3,SN6,LA23,0.04913176128630077,0.035069182085739656
2022Q4,SN6,LA23,0.03867332641556629,0.027604178853382483
2023Q1,SN6,LA23,0.016799418768311227,0.011991059556921826
2023Q2,SN6,LA23,0.02708291667214343,0.0193311965889799
2023Q3,SN6,LA23,0.017690412144612533,0.012627031240668702
2019Q1,SN7,LA23,0.012626080318038736,0.01282231995347001
2019Q2,SN7,LA23,0.027876580955365767,0.028309850025889236
2019Q3,SN7,LA23,0.015095792120322709,0.015330417013212553
2019Q4,SN7,LA23,0.009474526146978687,0.009621783055705208
2020Q1,SN7,LA23,0.007116520586378928,0.007227128421133069
2020Q3,SN7,LA23,0.021785920940323857,0.02212452651506867
2020Q4,SN7,LA23,0.009010329400145642,0.009150371575710931
2021Q2,SN7,LA23,0.01660642503049196,0.016864528789672442
2021Q3,SN7,LA23,0.0214968659108542,0.02183097887568573
2021Q4,SN7,LA23,0.013162825605519462,0.013367407552806949
2022Q2,SN7,LA23,0.015134309058978638,0.015369532597672196
2022Q3,SN7,LA23,0.01093048066733693,0.011100366608754731
2022Q4,SN7,LA23,0.006803401369726822,0.006909142579259632
2023Q1,SN7,LA23,0.0054565188457103295,0.005541326263533915
2023Q2,SN7,LA23,0.02455650627820851,0.0249381734083167
2023Q3,SN7,LA23,0.024001463664970715,0.024374504098802083
2019Q2,SN8,LA23,0.013037518799670857,0.01576415895623182
2019Q3,SN8,LA23,0.011164269805549428,0.013499142478658108
2019Q4,SN8,LA23,0.00923122418250977,0.011161823626852144
2020Q1,SN8,LA23,0.003030373560318118,0.003664139721341994
2020Q3,SN8,LA23,0.014737895739589675,0.0178201492699001
2020Q4,SN8,LA23,0.007320363108798775,0.008851328955886346
2021Q2,SN8,LA23,0.017041919648438042,0.020606032051442943
2021Q3,SN8,LA23,0.032199826909549374,0.03893403319795037
2021Q4,SN8,LA23,0.017125634928923564,0.02070725537536809
2022Q1,SN8,LA23,0.005051439821125413,0.006107887668017831
2022Q2,SN8,LA23,0.01111254572153516,0.013436600924947209
2022Q3,SN8,LA23,0.02522323462040151,0.030498370591525232
2023Q2,SN8,LA23,0.014097533640504341,0.017045863144246932
2023Q3,SN8,LA23,0.011300307136338405,0.013663630380036478
2019Q2,SN9,LA23,0.009442689179275768,0.003557855231220585
2019Q3,SN9,LA23,0.008798311227235286,0.003315063858548688
2020Q3,SN9,LA23,0.027543991209049042,0.01037813819254878
2021Q2,SN9,LA23,0.02802430032577248,0.010559111035252105
2021Q3,SN9,LA23,0.04154376424927101,0.01565303020703685
2021Q4,SN9,LA23,0.018915889405119263,0.007127206539944099
2022Q2,SN9,LA23,0.017156994733170762,0.00646448297773129
2022Q3,SN9,LA23,0.034013676335030225,0.012815812739789108
2023Q2,SN9,LA23,0.03000291291168356,0.011304620815960837
2019Q2,SO14,LA23,0.009988416594082195,0.011054671508239949
2019Q3,SO14,LA23,0.01122423775703882,0.01242241552159143
2019Q4,SO14,LA23,0.0036855130786170053,0.004078938442312415
2020Q3,SO14,LA23,0.018183236421818037,0.020124281331933457
2020Q4,SO14,LA23,0.007041443360431337,0.007793111406623125
2021Q2,SO14,LA23,0.01759377644648592,0.01947189700923586
2021Q3,SO14,LA23,0.05387564875060575,0.05962682809847202
2021Q4,SO14,LA23,0.009736640162193694,0.010776018157948855
2022Q1,SO14,LA23,0.00981157206862237,0.010858948981193248
2022Q2,SO14,LA23,0.02579715432107629,0.028550978443953795
2022Q3,SO14,LA23,0.027705729426842414,0.030663292307148995
2022Q4,SO14,LA23,0.005847105859708551,0.006471279400909122
2023Q1,SO14,LA23,0.009539217127121805,0.010557520383018994
2023Q2,SO14,LA23,0.012879795187479521,0.014254702289385125
2023Q3,SO14,LA23,0.027068187600480225,0.02995769343701647
2019Q1,SO15,LA23,0.002951577788361897,0.005155882306501787
2019Q2,SO15,LA23,0.006617064056511567,0.011558835963761432
2019Q3,SO15,LA23,0.007476212845643917,0.013059616345700256
2019Q4,SO15,LA23,0.003159856282697013,0.005519707853638472
2020Q1,SO15,LA23,0.0018295974334449718,0.0031959818481881717
2020Q3,SO15,LA23,0.01716683337152008,0.02998740971282592
2020Q4,SO15,LA23,0.006997611051129423,0.012223583992452743
2021Q2,SO15,LA23,0.010630439979845386,0.018569491076443144
2021Q3,SO15,LA23,0.024408360393857145,0.042637071596629314
2021Q4,SO15,LA23,0.012962604479708676,0.0226433683525593
2022Q1,SO15,LA23,0.0061426427325709685,0.010730106150311376
2022Q2,SO15,LA23,0.010073402623573131,0.017596445724025515
2022Q3,SO15,LA23,0.01256082400583925,0.021941529205886844
2022Q4,SO15,LA23,0.009809205161462432,0.01713493966930106
2023Q1,SO15,LA23,0.007857173748239386,0.01372508739813389
2023Q2,SO15,LA23,0.009838716800266278,0.017186491262128657
2023Q3,SO15,LA23,0.01999076193958597,0.03492031149719545
2019Q1,SO16,LA23,0.002412452713047895,0.011382201263512044
2019Q2,SO16,LA23,0.0057971349796857394,0.02735148205544076
2019Q3,SO16,LA23,0.012604841305485141,0.059470944179627276
2019Q4,SO16,LA23,0.005066020439512309,0.02390200808319432
2020Q1,SO16,LA23,0.001144430481882908,0.005399541307664472
2020Q3,SO16,LA23,0.006174377148573145,0.029131349601916073
2020Q4,SO16,LA23,0.0013946941963932154,0.006580311381251354
2021Q2,SO16,LA23,0.003507860255568947,0.016550447276007546
2021Q3,SO16,LA23,0.008353361752468844,0.03941202419399978
2021Q4,SO16,LA23,0.002515954098621505,0.011870531499076664
2022Q1,SO16,LA23,0.0032508078064111554,0.015337647250635775
2022Q2,SO16,LA23,0.00503273571794496,0.02374496732636187
2022Q3,SO16,LA23,0.00708774546112249,0.03344071571090667
2022Q4,SO16,LA23,0.001722009282929598,0.008124617792477995
2023Q1,SO16,LA23,0.001927311039300585,0.009093252700067457
2023Q2,SO16,LA23,0.0043486212887508405,0.02051724473588574
2023Q3,SO16,LA23,0.005250879369653625,0.02477419162355796
2019Q1,SO17,LA23,0.00451690925966846,0.01289845435353657
2019Q2,SO17,LA23,0.013473528422894655,0.038474913121575575
2019Q3,SO17,LA23,0.016063213612466674,0.04586999995805017
2019Q4,SO17,LA23,0.004241533662075721,0.012112093731386614
2020Q1,SO17,LA23,0.002406903244093721,0.006873135996891971
2020Q3,SO17,LA23,0.010440598914505193,0.029814100921791205
2020Q4,SO17,LA23,0.0017963472344990816,0.0051296365446554795
2021Q2,SO17,LA23,0.004468396971604127,0.012759923004507578
2021Q3,SO17,LA23,0.011891485993289371,0.03395724387242187
2021Q4,SO17,LA23,0.002928334382087915,0.008362131091830939
2022Q1,SO17,LA23,0.0020266540049756862,0.005787298940672031
2022Q2,SO17,LA23,0.007331508152202625,0.02093580318031624
2022Q3,SO17,LA23,0.007457447672469845,0.02129543518974745
2022Q4,SO17,LA23,0.00252476582287215,0.0072097035489430954
2023Q1,SO17,LA23,0.001738745222314135,0.00496514864327711
2023Q2,SO17,LA23,0.00868643407662155,0.024804920132606663
2023Q3,SO17,LA23,0.005886419253985639,0.01680921747338477
2019Q1,SO18,LA23,0.0029264922298735075,0.007095176588159211
2019Q2,SO18,LA23,0.006664351537745716,0.01615748387205526
2019Q3,SO18,LA23,0.009812301918875091,0.02378957789126317
2019Q4,SO18,LA23,0.0038428625600364827,0.009316883943567805
2020Q1,SO18,LA23,0.001362775806347875,0.0033040015952911536
2020Q3,SO18,LA23,0.00617586722350237,0.014973170982131
2021Q2,SO18,LA23,0.00440324770954483,0.010675517857766027
2021Q3,SO18,LA23,0.011226878534370748,0.02721916871059574
2021Q4,SO18,LA23,0.009259670488640449,0.022449742594365333
2022Q1,SO18,LA23,0.0026449725762436424,0.006412642175406766
2022Q2,SO18,LA23,0.01079690497864666,0.026176713078915156
2022Q3,SO18,LA23,0.008264182399888484,0.020036217040118574
2022Q4,SO18,LA23,0.003846918351656575,0.009326717066463392
2023Q1,SO18,LA23,0.0010986125550922245,0.0026635471643418787
2023Q2,SO18,LA23,0.003620450104870008,0.008777652836543682
2023Q3,SO18,LA23,0.004743785095646464,0.011501138669124096
2019Q1,SO19,LA23,0.0020932963151383244,0.007634913811802963
2019Q2,SO19,LA23,0.004738398043576179,0.017282436512734853
2019Q3,SO19,LA23,0.006613557170614631,0.02412173499848613
2019Q4,SO19,LA23,0.0034167887929918155,0.01246210952504494
2020Q1,SO19,LA23,0.0018988481437395926,0.006925699822958815
2020Q3,SO19,LA23,0.0072285795498220565,0.026364916159041702
2020Q4,SO19,LA23,0.003462739538358546,0.012629706428515295
2021Q2,SO19,LA23,0.008809281225748597,0.03213023517794713
2021Q3,SO19,LA23,0.025098443812800717,0.0915419637130782
2021Q4,SO19,LA23,0.0121187260644001,0.04420082734652443
2022Q1,SO19,LA23,0.003847056665375286,0.014031432557755935
2022Q2,SO19,LA23,0.008136909620334979,0.02967788324873765
2022Q3,SO19,LA23,0.00968000622121377,0.035306044663724494
2022Q4,SO19,LA23,0.0036598638748239327,0.013348681237880794
2023Q1,SO19,LA23,0.0032643861483069906,0.011906248871947396
2023Q2,SO19,LA23,0.003192843335525053,0.011645309603343205
2023Q3,SO19,LA23,0.005525626688961682,0.020153708398245984
2020Q3,SO20,LA23,0.0742574478712031,0.004624315251146281
2021Q3,SO20,LA23,0.083810440164337,0.005219219186329238
2023Q2,SO20,LA23,0.16925329490866262,0.01054009551082902
2023Q3,SO20,LA23,0.05483682292136704,0.003414913437363426
2019Q2,SO21,LA23,0.013715295884904952,0.007184108508464879
2019Q3,SO21,LA23,0.02408300058001184,0.01261473983704922
2019Q4,SO21,LA23,0.01095986889617211,0.0057408085140406954
2020Q3,SO21,LA23,0.027634881517496736,0.01447522453079349
2021Q2,SO21,LA23,0.01805838549383643,0.009459030411308413
2021Q3,SO21,LA23,0.13530096185937773,0.0708710041295747
2021Q4,SO21,LA23,0.02782881874418593,0.014576809366589803
2022Q1,SO21,LA23,0.005970091808921158,0.003127149987919069
2022Q2,SO21,LA23,0.0834585734426708,0.043715823020174495
2022Q3,SO21,LA23,0.03376757692288755,0.01768754671555815
2023Q2,SO21,LA23,0.02062318806259933,0.010802480826917859
2023Q3,SO21,LA23,0.02967929736411141,0.015546094995547353
2019Q1,SO22,LA23,0.010744453443761914,0.023154618440755545
2019Q2,SO22,LA23,0.0128383078591717,0.02766693731421607
2019Q3,SO22,LA23,0.013631274404192612,0.029375803929195313
2019Q4,SO22,LA23,0.006862389852000543,0.014788655323090297
2020Q1,SO22,LA23,0.009560623338364709,0.020603429165970584
2020Q3,SO22,LA23,0.027406849595782514,0.05906258036996352
2020Q4,SO22,LA23,0.009999363491072069,0.021548927313805723
2021Q2,SO22,LA23,0.02602741995759614,0.05608986825340455
2021Q3,SO22,LA23,0.03960021580507322,0.08533964914431305
2021Q4,SO22,LA23,0.01860876248061372,0.04010243956554354
2022Q1,SO22,LA23,0.0093173820668859,0.02007923695278677
2022Q2,SO22,LA23,0.019701804878338967,0.042457978615656033
2022Q3,SO22,LA23,0.01921351060729034,0.041405689861079856
2022Q4,SO22,LA23,0.012415806158243059,0.026756433515509336
2023Q1,SO22,LA23,0.00304759505324814,0.006567658465760712
2023Q2,SO22,LA23,0.014018011250583814,0.030209233396970462
2023Q3,SO22,LA23,0.010511277328344296,0.022652116939841403
2019Q1,SO23,LA23,0.007055214490993691,0.017422052397377326
2019Q2,SO23,LA23,0.013535028501507104,0.03342321853634247
2019Q3,SO23,LA23,0.016330428973362055,0.04032614311141812
2019Q4,SO23,LA23,0.0054766987824829685,0.013524086797768236
2020Q1,SO23,LA23,0.0037341886667276907,0.009221155600084305
2020Q3,SO23,LA23,0.006615846507577905,0.016337082969648174
2020Q4,SO23,LA23,0.001798082582270216,0.004440161103976739
2021Q2,SO23,LA23,0.008806274216982036,0.021746095888337067
2021Q3,SO23,LA23,0.00412966669898126,0.010197743768839316
2021Q4,SO23,LA23,0.00904589753940472,0.02233781851905381
2022Q1,SO23,LA23,0.00310623150690373,0.00767048657992523
2022Q2,SO23,LA23,0.0035158515314263773,0.008681996795434415
2022Q3,SO23,LA23,0.0015661012059805135,0.0038673093929346173
2022Q4,SO23,LA23,0.003938910840527717,0.009726693800716205
2023Q1,SO23,LA23,0.002148704440287279,0.0053059820354079395
2023Q2,SO23,LA23,0.008151643444410387,0.020129559405252413
2023Q3,SO23,LA23,0.004054945447903217,0.010013228109798612
2020Q3,SO24,LA23,0.01932066082251617,0.006079472834944556
2021Q3,SO24,LA23,0.06216967883049409,0.01956241958177464
2022Q2,SO24,LA23,0.017521498386853004,0.005513345244706034
2022Q3,SO24,LA23,0.0350434563298837,0.01102683509416053
2019Q1,SO30,LA23,0.003372093403889118,0.00954188893217857
2019Q2,SO30,LA23,0.006083422892519146,0.017214038466711143
2019Q3,SO30,LA23,0.011956402954176966,0.033832594579245465
2019Q4,SO30,LA23,0.003459326505462766,0.009788729237807476
2020Q1,SO30,LA23,0.003299935735803593,0.009337707027346695
2020Q3,SO30,LA23,0.014307531788769588,0.040485497544226
2020Q4,SO30,LA23,0.003828419110099949,0.010833137033592332
2021Q2,SO30,LA23,0.009536898085661943,0.02698621046081943
2021Q3,SO30,LA23,0.012363618519431572,0.03498487751738484
2021Q4,SO30,LA23,0.006964722513601948,0.019707819656355697
2022Q1,SO30,LA23,0.004580351070588908,0.012960851302499002
2022Q2,SO30,LA23,0.009583197552578013,0.027117222362928267
2022Q3,SO30,LA23,0.008053143259862252,0.022787683891526876
2022Q4,SO30,LA23,0.005576096228270529,0.01577847482632981
2023Q2,SO30,LA23,0.007709346721586495,0.02181485544623194
2023Q3,SO30,LA23,0.006381839820837433,0.018058457895369598
2019Q1,SO31,LA23,0.0034240482877433273,0.007883778583910369
2019Q2,SO31,LA23,0.014651380751892028,0.03373440795503807
2019Q3,SO31,LA23,0.011123234663601477,0.025610947000547796
2019Q4,SO31,LA23,0.005796818697139721,0.013347018283273452
2020Q1,SO31,LA23,0.004090996458428866,0.009419408710229138
2020Q3,SO31,LA23,0.02256579678836879,0.05195713684466334
2020Q4,SO31,LA23,0.006373862794532136,0.014675646712165287
2021Q2,SO31,LA23,0.01030197681210475,0.023720023007251744
2021Q3,SO31,LA23,0.026617917507106112,0.06128703521559295
2021Q4,SO31,LA23,0.008079904847603122,0.018603762401829232
2022Q1,SO31,LA23,0.00817040555987374,0.018812137844366576
2022Q3,SO31,LA23,0.013433797609081113,0.030930955696556788
2022Q4,SO31,LA23,0.0025542742667607914,0.005881147422425493
2023Q1,SO31,LA23,0.002664275652980079,0.0061344226393610654
2023Q3,SO31,LA23,0.006804447723975146,0.015667056867637908
2020Q3,SO32,LA23,0.02361348062597856,0.012505490949584287
2021Q2,SO32,LA23,0.009324240067486066,0.004938035252940017
2021Q3,SO32,LA23,0.031149244700608893,0.016496365100081824
2021Q4,SO32,LA23,0.02309591478713,0.012231392648869828
2022Q3,SO32,LA23,0.00677177081844556,0.00358627006429386
2023Q3,SO32,LA23,0.01613587615233726,0.008545417610509694
2019Q1,SO40,LA23,0.0008375002736431863,0.002294515846260472
2019Q2,SO40,LA23,0.013118761573305458,0.03594172713797445
2019Q3,SO40,LA23,0.010647139527352214,0.029170175976878786
2019Q4,SO40,LA23,0.006732066560737625,0.018443974154775958
2020Q1,SO40,LA23,0.0012198448132537886,0.0033420326441373173
2020Q3,SO40,LA23,0.010864042465719106,0.029764429190693657
2020Q4,SO40,LA23,0.0009573656034962617,0.002622913230023353
2021Q2,SO40,LA23,0.0056471560124637535,0.015471623550088137
2021Q3,SO40,LA23,0.0163577381318386,0.04481561443462126
2021Q4,SO40,LA23,0.004431454496609112,0.012140942378705279
2022Q1,SO40,LA23,0.003831309744035623,0.01049671408628967
2022Q2,SO40,LA23,0.009195850649190571,0.025194051510724638
2022Q3,SO40,LA23,0.00987168315297908,0.02704564301243834
2022Q4,SO40,LA23,0.0026795522383601987,0.007341221567671559
2023Q2,SO40,LA23,0.0033559125507345872,0.009194259116869913
2023Q3,SO40,LA23,0.002450641654664563,0.006714070773581019
2019Q2,SO41,LA23,0.007274249304923394,0.011721733212906692
2019Q3,SO41,LA23,0.014965244296982497,0.024115010877682527
2019Q4,SO41,LA23,0.007337335484522102,0.011823390351077236
2020Q1,SO41,LA23,0.004376413015305315,0.007052156675491024
2020Q3,SO41,LA23,0.013969326201411414,0.02251018737922349
2021Q2,SO41,LA23,0.008860960947276982,0.014278562072881768
2021Q3,SO41,LA23,0.02265462399568061,0.036505685656985996
2021Q4,SO41,LA23,0.01208486214951513,0.019473559963843205
2022Q2,SO41,LA23,0.010517713504533543,0.016948254939033392
2022Q3,SO41,LA23,0.0050085760198332035,0.0080708248260492
2022Q4,SO41,LA23,0.006841350684177772,0.011024159906313941
2023Q1,SO41,LA23,0.003406429352030145,0.00548912394933823
2023Q2,SO41,LA23,0.008248405809381125,0.013291490059863085
2023Q3,SO41,LA23,0.014090428334225719,0.02270533148727634
2020Q3,SO42,LA23,0.05603003161755115,0.012628332683404882
2021Q3,SO42,LA23,0.06622938364576839,0.014927114369745056
2022Q2,SO42,LA23,0.024466382980690437,0.005514357477945285
2022Q3,SO42,LA23,0.029504466380173087,0.0066498662652627796
2023Q3,SO42,LA23,0.010755610329057912,0.002424154003258897
2021Q3,SO43,LA23,0.1944216992521302,0.002864041648087909
2019Q2,SO45,LA23,0.002522922264289492,0.0048107830742912545
2019Q3,SO45,LA23,0.009449744365716798,0.018019053101413017
2019Q4,SO45,LA23,0.0023660193030855016,0.004511595849718202
2020Q3,SO45,LA23,0.00646983938310191,0.01233688181287468
2021Q2,SO45,LA23,0.0030167608739368515,0.0057524491962920865
2021Q3,SO45,LA23,0.004683504099080354,0.008930644660419124
2022Q1,SO45,LA23,0.001202025319750533,0.002292057565536575
2022Q2,SO45,LA23,0.0015318324624649625,0.002920943616608691
2023Q2,SO45,LA23,0.0016263609985407352,0.003101193435569691
2019Q1,SO50,LA23,0.0036004553969168525,0.016385308653261082
2019Q2,SO50,LA23,0.008336993630110544,0.037940815483121934
2019Q3,SO50,LA23,0.014951751263995743,0.06804390899471946
2019Q4,SO50,LA23,0.004602002944028952,0.020943250324862158
2020Q1,SO50,LA23,0.0037334019368000064,0.01699033492083656
2020Q3,SO50,LA23,0.01280644722157674,0.058280847099764437
2020Q4,SO50,LA23,0.0025760457476427232,0.011723323865139804
2021Q2,SO50,LA23,0.006453833219153307,0.02937074276299905
2021Q3,SO50,LA23,0.016256177974149483,0.07398022312868416
2021Q4,SO50,LA23,0.006119544482814701,0.027849428506778268
2022Q1,SO50,LA23,0.001515221964834632,0.0068956220352782
2022Q2,SO50,LA23,0.004696231663919846,0.02137207570643364
2022Q3,SO50,LA23,0.00454922469289465,0.020703061837662625
2022Q4,SO50,LA23,0.0014734537462217244,0.006705539093421613
2023Q1,SO50,LA23,0.0015690170155091493,0.0071404378744286
2023Q2,SO50,LA23,0.003088179078562116,0.0140539908985164
2023Q3,SO50,LA23,0.00507120826935988,0.023078556343063217
2019Q1,SO51,LA23,0.006333926716651181,0.009758651450126858
2019Q2,SO51,LA23,0.013743123959038664,0.021173967201037272
2019Q3,SO51,LA23,0.012812674488704195,0.01974042802713444
2019Q4,SO51,LA23,0.012074584547239505,0.018603256285209605
2020Q3,SO51,LA23,0.010336027956354295,0.01592467022702742
2020Q4,SO51,LA23,0.003674963333933126,0.005661998926127541
2021Q2,SO51,LA23,0.017868130689376063,0.027529345896052097
2021Q4,SO51,LA23,0.009716291450315207,0.014969845072916313
2022Q1,SO51,LA23,0.011620833806902391,0.017904164628757973
2022Q2,SO51,LA23,0.012693523270406964,0.01955685229895876
2022Q3,SO51,LA23,0.021017683609738567,0.03238184744027536
2022Q4,SO51,LA23,0.0070429210475037125,0.0108509957200277
2023Q1,SO51,LA23,0.0023397563772600922,0.0036048517744715477
2023Q2,SO51,LA23,0.010044367924169462,0.01547531097117398
2023Q3,SO51,LA23,0.016865317619744892,0.02598431646108313
2019Q2,SO53,LA23,0.010325552329298913,0.012565068105951665
2019Q3,SO53,LA23,0.009546078145634771,0.01161653325839877
2019Q4,SO53,LA23,0.0014780836395314268,0.0017986661637756972
2020Q1,SO53,LA23,0.006042098382893028,0.007352573040426023
2020Q3,SO53,LA23,0.00975165636619106,0.011866699473242356
2021Q2,SO53,LA23,0.006859360933110288,0.00834709219799063
2021Q3,SO53,LA23,0.018261465799478373,0.02222220702265644
2021Q4,SO53,LA23,0.00657814656377708,0.008004885060749391
2022Q2,SO53,LA23,0.010857797907259378,0.013212752774324163
2022Q3,SO53,LA23,0.013711889064092259,0.016685869622944553
2022Q4,SO53,LA23,0.009063385237022268,0.011029148770135964
2023Q1,SO53,LA23,0.00636591378810452,0.007746620979991789
2023Q2,SO53,LA23,0.007875012407731433,0.00958302898311672
2023Q3,SO53,LA23,0.009578756764509326,0.011656299564226506
2019Q1,SP1,LA23,0.0027593348548702874,0.009242484800482821
2019Q2,SP1,LA23,0.006142801633872589,0.02057552044951693
2019Q3,SP1,LA23,0.013945270946058042,0.04671015354662892
2019Q4,SP1,LA23,0.006611256742730338,0.02214462657510524
2020Q1,SP1,LA23,0.0014144961214791018,0.004737902281065146
2020Q3,SP1,LA23,0.007549397351248753,0.02528696006161308
2020Q4,SP1,LA23,0.003228415952031275,0.010813687694923857
2021Q2,SP1,LA23,0.007164198686721681,0.023996724193438568
2021Q3,SP1,LA23,0.012411923390177928,0.041574154393041
2021Q4,SP1,LA23,0.0057694319896963615,0.019324906282421696
2022Q1,SP1,LA23,0.0023619617971354103,0.00791147039324132
2022Q2,SP1,LA23,0.005357164727505128,0.017944003236959945
2022Q3,SP1,LA23,0.0048403574186731205,0.0162129397930914
2022Q4,SP1,LA23,0.003416471472645445,0.011443585979235223
2023Q1,SP1,LA23,0.002900398081134475,0.00971498081609058
2023Q2,SP1,LA23,0.010036017163942798,0.033615976666045634
2023Q3,SP1,LA23,0.01073006550580545,0.0359407149047352
2019Q2,SP10,LA23,0.017788242219197514,0.08207685990233428
2019Q3,SP10,LA23,0.014060682449551292,0.06487749881759228
2019Q4,SP10,LA23,0.004270457419223796,0.01970434914239255
2020Q1,SP10,LA23,0.002361571868975844,0.010896546215794016
2020Q3,SP10,LA23,0.007820242731949806,0.03608343979146966
2021Q2,SP10,LA23,0.005343215402543103,0.02465416968233242
2021Q3,SP10,LA23,0.014798826439651197,0.06828337445817667
2021Q4,SP10,LA23,0.005803062843070249,0.026775955156552046
2022Q1,SP10,LA23,0.003146412014353157,0.01451788293159052
2022Q2,SP10,LA23,0.014320943000894419,0.06607836895121573
2022Q3,SP10,LA23,0.012215964938182873,0.05636577411347483
2022Q4,SP10,LA23,0.003050559537228351,0.01407560930841184
2023Q2,SP10,LA23,0.00807852888209664,0.03727519982593985
2023Q3,SP10,LA23,0.006832242971414229,0.03152470279375203
2019Q2,SP11,LA23,0.0027762088873559323,0.002323219888830675
2019Q3,SP11,LA23,0.029537697887752394,0.024718084981153732
2019Q4,SP11,LA23,0.01751200978257616,0.014654606721263704
2020Q3,SP11,LA23,0.011826190211459541,0.00989653207778776
2020Q4,SP11,LA23,0.008817392181667341,0.007378674197523865
2021Q2,SP11,LA23,0.022251229560033132,0.018620536552651112
2021Q3,SP11,LA23,0.02837604817747913,0.023745979559601126
2021Q4,SP11,LA23,0.016581653212831084,0.01387605475553083
2022Q3,SP11,LA23,0.017313462290258718,0.01448845586527799
2022Q4,SP11,LA23,0.01145873047045603,0.009589030080177998
2023Q2,SP11,LA23,0.00947195954537357,0.007926436984707396
2023Q3,SP11,LA23,0.011987585649078763,0.010031592912853604
2019Q2,SP2,LA23,0.005322759159742096,0.0072324787968262565
2019Q3,SP2,LA23,0.02240671369210504,0.03044587906783262
2019Q4,SP2,LA23,0.0042160215707599214,0.0057286617151696756
2020Q1,SP2,LA23,0.003009832443059171,0.004089711496073021
2020Q3,SP2,LA23,0.010375791273061256,0.014098456858669232
2020Q4,SP2,LA23,0.00326923653682753,0.0044421855704552425
2021Q2,SP2,LA23,0.011200031152542669,0.015218420635526794
2021Q3,SP2,LA23,0.06366388388681342,0.08650545262643386
2021Q4,SP2,LA23,0.008085532483341474,0.010986490369338936
2022Q1,SP2,LA23,0.003925276141354729,0.00533360154236466
2022Q2,SP2,LA23,0.013610440597386341,0.018493645885873516
2022Q3,SP2,LA23,0.019113851428583527,0.025971591243218257
2022Q4,SP2,LA23,0.01443138138890598,0.019609126915528675
2023Q1,SP2,LA23,0.0039748156718774665,0.005400915052774884
2023Q2,SP2,LA23,0.006833209335272074,0.00928485399178292
2023Q3,SP2,LA23,0.010335776528750732,0.01404408547324658
2021Q3,SP3,LA23,0.033911708603481895,0.006604460374244927
2019Q1,SP4,LA23,0.002962161490081387,0.006367597796260074
2019Q2,SP4,LA23,0.007652096357673484,0.016449296254456628
2019Q3,SP4,LA23,0.01099896987041382,0.023643888607185186
2019Q4,SP4,LA23,0.005173297035596272,0.011120755878288226
2020Q3,SP4,LA23,0.011097384573884714,0.023855445354188747
2020Q4,SP4,LA23,0.003913413931490757,0.008412453544296584
2021Q2,SP4,LA23,0.005133843704368877,0.011035945193313796
2021Q3,SP4,LA23,0.019719669626574583,0.04239030359337465
2021Q4,SP4,LA23,0.0074170244634294375,0.015943974960947425
2022Q1,SP4,LA23,0.005073267873558528,0.010905728617321513
2022Q2,SP4,LA23,0.015133430087349112,0.03253151335493612
2022Q3,SP4,LA23,0.00674369433739259,0.014496553731192003
2022Q4,SP4,LA23,0.0017952779263371234,0.0038592115270206055
2023Q1,SP4,LA23,0.004460681751099408,0.009588885475429531
2023Q2,SP4,LA23,0.004040518909076713,0.008685684216520259
2023Q3,SP4,LA23,0.007046573491444331,0.015147636611153419
2020Q3,SP5,LA23,0.02035596559953568,0.008281152432690817
2021Q3,SP5,LA23,0.024220462181334296,0.009853295257996874
2021Q4,SP5,LA23,0.01018002666063478,0.00414140769364908
2022Q2,SP5,LA23,0.011433535416679005,0.004651356339109143
2022Q3,SP5,LA23,0.0055767188071963215,0.0022687038986595573
2023Q3,SP5,LA23,0.01779047589394964,0.007237467660648281
2020Q3,SP6,LA23,0.02205727686310158,0.01134257956243277
2021Q3,SP6,LA23,0.02110469585538526,0.010852730977009272
2021Q4,SP6,LA23,0.010744551357589043,0.005525202834080123
2022Q3,SP6,LA23,0.013803918168939512,0.0070984301949996624
2022Q4,SP6,LA23,0.009321655446431971,0.004793502806849747
2023Q2,SP6,LA23,0.01593207553171357,0.008192798931379008
2023Q3,SP6,LA23,0.009273850643092704,0.004768919999610782
2019Q1,SP7,LA23,0.0037251517620931203,0.004959292150964298
2019Q2,SP7,LA23,0.01443039428057201,0.01921117464775436
2019Q3,SP7,LA23,0.006886243717490039,0.00916765184315244
2020Q3,SP7,LA23,0.004702507845407663,0.006260445677647879
2020Q4,SP7,LA23,0.004635435453604292,0.00617115224547105
2021Q2,SP7,LA23,0.0016235863586734971,0.0021614794776731307
2021Q3,SP7,LA23,0.007689211582115819,0.010236642446176268
2021Q4,SP7,LA23,0.005360903477660508,0.007136967360465453
2022Q2,SP7,LA23,0.011135754947487244,0.014825023417329119
2022Q3,SP7,LA23,0.006941150752399519,0.009240749543501249
2022Q4,SP7,LA23,0.004840997399333651,0.006444816731940118
2023Q2,SP7,LA23,0.006543984435591382,0.008712002280740799
2023Q3,SP7,LA23,0.0044192288205927785,0.0058833164936524605
2019Q2,SP8,LA23,0.003048073036779287,0.0026759108703355928
2019Q3,SP8,LA23,0.006498712434103757,0.005705235745918427
2020Q3,SP8,LA23,0.007899376528578366,0.006934882224486311
2021Q3,SP8,LA23,0.009330183685237829,0.008190991372023202
2021Q4,SP8,LA23,0.005693167922546386,0.004998046223552785
2022Q2,SP8,LA23,0.007578179964313593,0.006652902964980535
2023Q3,SP8,LA23,0.0070442524447934625,0.006184166672832854
2019Q2,SP9,LA23,0.006482651450021678,0.0029239080139522125
2019Q3,SP9,LA23,0.04323178299340865,0.019499082701947192
2020Q3,SP9,LA23,0.009929325258798038,0.004478481362319832
2021Q3,SP9,LA23,0.01401416512648974,0.0063208904625060396
2022Q3,SP9,LA23,0.01618643045288053,0.0073006599357272675
2019Q1,SR1,LA23,0.008950836391522889,0.003182461304206741
2019Q2,SR1,LA23,0.011814672926006187,0.004200695640519525
2019Q3,SR1,LA23,0.022435453620673063,0.007976904041921508
2019Q4,SR1,LA23,0.01458496655018186,0.005185670884685474
2020Q1,SR1,LA23,0.02374078392777016,0.008441012982118324
2020Q3,SR1,LA23,0.02207348322861312,0.0078482058157881
2023Q3,SR1,LA23,0.016175399379564366,0.005751147753555906
2019Q1,SR2,LA23,0.03171783246676448,0.033677361381768835
2019Q2,SR2,LA23,0.02461956426075628,0.026140561891799027
2019Q3,SR2,LA23,0.03654314312817993,0.03880077992224033
2019Q4,SR2,LA23,0.02544624284883129,0.027018312714978548
2020Q1,SR2,LA23,0.019631028840229145,0.020843834560292814
2020Q3,SR2,LA23,0.03974771432709346,0.04220332965361005
2020Q4,SR2,LA23,0.02252535723458997,0.023916974674660398
2021Q2,SR2,LA23,0.018569693381107463,0.01971692975550896
2021Q3,SR2,LA23,0.02030517365258027,0.021559628065192096
2021Q4,SR2,LA23,0.01827701919893725,0.019406174151058747
2022Q1,SR2,LA23,0.01790610336127295,0.01901234311861568
2022Q3,SR2,LA23,0.02478210806551205,0.02631314765909141
2022Q4,SR2,LA23,0.014120133333283272,0.01499247571605101
2023Q1,SR2,LA23,0.02506511269582834,0.026613636326400642
2023Q2,SR2,LA23,0.010960573217295414,0.011637717854048815
2019Q1,SR3,LA23,0.030186347887223793,0.08717056216699633
2019Q2,SR3,LA23,0.0430415704819015,0.12429320398330612
2019Q3,SR3,LA23,0.06887928196432702,0.19890600058414826
2019Q4,SR3,LA23,0.04049995019031516,0.1169536453702419
2020Q1,SR3,LA23,0.027246954706004387,0.07868233573450435
2020Q2,SR3,LA23,0.0017645522861320711,0.00509558212639209
2020Q3,SR3,LA23,0.08749849337005136,0.25267358887958713
2020Q4,SR3,LA23,0.035849860673464136,0.1035253592183314
2021Q2,SR3,LA23,0.06483107212859197,0.18721579120640686
2021Q3,SR3,LA23,0.10421356768069892,0.3009425093122891
2021Q4,SR3,LA23,0.05511869852813539,0.15916890491560026
2022Q1,SR3,LA23,0.042068307577274026,0.12148266609215007
2022Q2,SR3,LA23,0.056316473895867275,0.1626277781964969
2022Q3,SR3,LA23,0.07236201683862425,0.2089632608398543
2022Q4,SR3,LA23,0.030351946797781682,0.08764877007016843
2023Q1,SR3,LA23,0.029221773041556643,0.08438511319969888
2023Q2,SR3,LA23,0.0484961692509518,0.1400447100240473
2023Q3,SR3,LA23,0.060620242860732115,0.1750559779080269
2019Q1,SR4,LA23,0.024425903649440698,0.03757359172439634
2019Q2,SR4,LA23,0.05041957398336778,0.0775588291413094
2019Q3,SR4,LA23,0.05182109300594357,0.07971474133616666
2019Q4,SR4,LA23,0.032644845876472886,0.05021652948739614
2020Q1,SR4,LA23,0.020166259711552427,0.031021116757224406
2020Q3,SR4,LA23,0.12108954206189558,0.1862681962897189
2020Q4,SR4,LA23,0.03722565754798717,0.05726304657769705
2021Q2,SR4,LA23,0.05647969373045815,0.08688091885582193
2021Q3,SR4,LA23,0.10501855872427852,0.1615467130969763
2021Q4,SR4,LA23,0.05618212122620141,0.08642317252455756
2022Q1,SR4,LA23,0.06245737118210287,0.0960761902059311
2022Q2,SR4,LA23,0.08906696160697614,0.13700887793478356
2022Q3,SR4,LA23,0.10960303658681034,0.16859886977246732
2022Q4,SR4,LA23,0.05673834820699026,0.08727879882122201
2023Q1,SR4,LA23,0.029565621441333564,0.045479856346692944
2023Q2,SR4,LA23,0.07824507075994179,0.12036190698917595
2023Q3,SR4,LA23,0.08046664150922223,0.12377927870726327
2019Q1,SR5,LA23,0.035008835010704974,0.08045381620556871
2019Q2,SR5,LA23,0.05233909572107843,0.12028049451579045
2019Q3,SR5,LA23,0.07361186607567859,0.16916745564342975
2019Q4,SR5,LA23,0.03663959450020871,0.08420146516914896
2020Q1,SR5,LA23,0.025331248194345343,0.05821375049647691
2020Q2,SR5,LA23,0.0012908776619979178,0.0029665664147492405
2020Q3,SR5,LA23,0.09753787296431744,0.2241518205948232
2020Q4,SR5,LA23,0.04321706137256085,0.09931714413089172
2021Q2,SR5,LA23,0.057828424771888785,0.1328955235623366
2021Q3,SR5,LA23,0.12133463477775552,0.2788391673928705
2021Q4,SR5,LA23,0.05740850412468707,0.13193050377345875
2022Q1,SR5,LA23,0.049890046270304814,0.1146523331008036
2022Q2,SR5,LA23,0.050185724268536736,0.1153318308138383
2022Q3,SR5,LA23,0.0766304370335808,0.17610443463676878
2022Q4,SR5,LA23,0.04408562729054225,0.10131319577632146
2023Q1,SR5,LA23,0.04114174664630278,0.09454786261940977
2023Q2,SR5,LA23,0.06196961568434645,0.1424123958730308
2023Q3,SR5,LA23,0.071693514270593,0.16475889067699248
2019Q2,SR6,LA23,0.04919604977956743,0.010562292339718322
2019Q3,SR6,LA23,0.06984973587314905,0.01499659695138225
2020Q1,SR6,LA23,0.033322717087231384,0.007154319930281193
2020Q3,SR6,LA23,0.1689062691949227,0.036263834215179126
2020Q4,SR6,LA23,0.15388595764843768,0.033039003719672284
2021Q2,SR6,LA23,0.05825464267425603,0.01250715390419163
2021Q3,SR6,LA23,0.09249975412330576,0.019859510037494955
2021Q4,SR6,LA23,0.053854831671277976,0.011562523384847277
2022Q1,SR6,LA23,0.12424978713982092,0.026676177880111538
2022Q2,SR6,LA23,0.05346081874563816,0.011477929606995544
2022Q3,SR6,LA23,0.08655318981480319,0.018582794713301883
2022Q4,SR6,LA23,0.04287500481011485,0.00920517677537898
2023Q1,SR6,LA23,0.05153924801597931,0.011065372259626323
2023Q2,SR6,LA23,0.05979398718972581,0.012837648056807248
2023Q3,SR6,LA23,0.10179172390471952,0.021854477147311216
2019Q1,SR7,LA23,0.02538225396586414,0.03516700719807588
2019Q2,SR7,LA23,0.043430922091158834,0.060173361745293585
2019Q3,SR7,LA23,0.04541609919897285,0.06292381636346264
2019Q4,SR7,LA23,0.034871558140512286,0.048314398626094095
2020Q1,SR7,LA23,0.03802745797477143,0.052686884707789435
2020Q2,SR7,LA23,0.0010612381815542592,0.0014703410823870473
2020Q3,SR7,LA23,0.07022426380432957,0.09729542514260954
2020Q4,SR7,LA23,0.0206430552317055,0.02860086708217405
2021Q2,SR7,LA23,0.035374466891281285,0.04901117660657029
2021Q3,SR7,LA23,0.07929269435908026,0.10985969792244464
2021Q4,SR7,LA23,0.027202212737584476,0.03768855249942562
2022Q1,SR7,LA23,0.024658654013787456,0.0341644624769715
2022Q2,SR7,LA23,0.04478778941799756,0.06205329577770634
2022Q3,SR7,LA23,0.045944996178224035,0.0636566009263065
2022Q4,SR7,LA23,0.02745551968748929,0.03803950822394896
2023Q1,SR7,LA23,0.03370636704502923,0.0467000312142364
2023Q2,SR7,LA23,0.04925781690213374,0.06824650024731824
2023Q3,SR7,LA23,0.05697699916891798,0.0789413951413785
2019Q1,SR8,LA23,0.01851975242333871,0.035231790125387984
2019Q2,SR8,LA23,0.03405781421684309,0.0647912420851332
2019Q3,SR8,LA23,0.04449975538420703,0.08465588559119866
2019Q4,SR8,LA23,0.02335800182819473,0.04443602696990194
2020Q1,SR8,LA23,0.015034215252521703,0.02860093938454828
2020Q3,SR8,LA23,0.04568653309324565,0.08691359952897491
2020Q4,SR8,LA23,0.01623889382305258,0.030892707740587926
2021Q2,SR8,LA23,0.022956011569163756,0.04367128475764743
2021Q3,SR8,LA23,0.04565894068253784,0.0868611080052823
2021Q4,SR8,LA23,0.018948118898666138,0.03604671018535968
2022Q1,SR8,LA23,0.017320280685131483,0.03294992719461815
2022Q2,SR8,LA23,0.028654224441079817,0.054511507423914515
2022Q3,SR8,LA23,0.034395612214599296,0.06543386558730946
2022Q4,SR8,LA23,0.013284301524946442,0.025271921167772767
2023Q1,SR8,LA23,0.02740709308437729,0.05213897731585745
2023Q2,SR8,LA23,0.04023794412426193,0.07654825885666522
2023Q3,SR8,LA23,0.044044822662206384,0.08379042617163862
2019Q3,SS0,LA23,0.00801533116793891,0.0096222168699506
2020Q3,SS0,LA23,0.007102153292716005,0.008525968271841218
2021Q2,SS0,LA23,0.004337384109091984,0.005206927782709757
2021Q3,SS0,LA23,0.009136115172689141,0.010967691752038551
2021Q4,SS0,LA23,0.004456997040116433,0.005350520297935007
2022Q1,SS0,LA23,0.003459499878169345,0.004153048375900472
2022Q2,SS0,LA23,0.006937610227479957,0.00832843818543871
2023Q1,SS0,LA23,0.0037048690025367178,0.00444760824852266
2023Q2,SS0,LA23,0.0038611005952242407,0.004635160607281119
2023Q3,SS0,LA23,0.008625080067078645,0.010354206106677906
2019Q2,SS1,LA23,0.0048241008525703255,0.006911456255235063
2019Q3,SS1,LA23,0.008409764666904044,0.012048612246810695
2020Q4,SS1,LA23,0.004162844107989465,0.005964078245669884
2021Q2,SS1,LA23,0.006810545787332732,0.00975742230976491
2021Q3,SS1,LA23,0.04336109221411542,0.062123139871214685
2021Q4,SS1,LA23,0.010574859443368062,0.015150528706122709
2022Q2,SS1,LA23,0.008640747809691695,0.012379540213671708
2022Q3,SS1,LA23,0.015887168931142174,0.02276143812968057
2023Q2,SS1,LA23,0.007399535138321302,0.010601263319429505
2023Q3,SS1,LA23,0.010260708238680902,0.014700446426526953
2019Q2,SS11,LA23,0.01822992047564111,0.00999457409724669
2019Q3,SS11,LA23,0.024420679244444653,0.01338866445083123
2020Q3,SS11,LA23,0.015212547051909662,0.008340295774812798
2021Q2,SS11,LA23,0.003960434496856598,0.0021713126005687166
2021Q3,SS11,LA23,0.024045221983196245,0.013182819591392012
2021Q4,SS11,LA23,0.01568427540578586,0.008598921367441559
2022Q3,SS11,LA23,0.04369678955271083,0.02395681328286236
2019Q2,SS12,LA23,0.0074942296884942874,0.015655633092509214
2019Q3,SS12,LA23,0.015443311667969929,0.03226146398717867
2020Q3,SS12,LA23,0.01706267165811111,0.035644347472757194
2020Q4,SS12,LA23,0.00718062318959138,0.015000501279590791
2021Q2,SS12,LA23,0.007466091283946438,0.015596851262258394
2021Q3,SS12,LA23,0.033746738141131286,0.07049777927378781
2021Q4,SS12,LA23,0.006007497455090323,0.012549812304988658
2022Q1,SS12,LA23,0.006311239937638819,0.013184337941250887
2022Q2,SS12,LA23,0.008678430809779245,0.018129458826865664
2022Q3,SS12,LA23,0.017811783131707244,0.037209260060640036
2022Q4,SS12,LA23,0.0042413539794787436,0.008860294450291144
2023Q1,SS12,LA23,0.002789889930864765,0.005828149782113253
2023Q2,SS12,LA23,0.00574487234597706,0.01200118188931434
2023Q3,SS12,LA23,0.005962953633868818,0.012456759149351751
2019Q2,SS13,LA23,0.004107132193827989,0.005805085324733165
2019Q3,SS13,LA23,0.013263250608221885,0.01874648728856369
2020Q3,SS13,LA23,0.012578754153095874,0.017779009218961948
2020Q4,SS13,LA23,0.0021997396729189693,0.0031091466967352378
2021Q2,SS13,LA23,0.0036587130976741423,0.005171282712213256
2021Q3,SS13,LA23,0.01785865114254593,0.025241698775343692
2022Q2,SS13,LA23,0.0027353257939240765,0.0038661525549469017
2022Q3,SS13,LA23,0.004919821468365537,0.00695375314416093
2023Q3,SS13,LA23,0.001722367210529317,0.002434420940399876
2019Q1,SS14,LA23,0.0009023796508875783,0.0031573000779739173
2019Q2,SS14,LA23,0.00484592007080106,0.016955195966959685
2019Q3,SS14,LA23,0.005937091067537061,0.020773050535919442
2019Q4,SS14,LA23,0.0037852706171712463,0.01324413200474096
2020Q1,SS14,LA23,0.0014874137787679082,0.005204252594863162
2020Q3,SS14,LA23,0.0031862052585738547,0.011148086175748015
2020Q4,SS14,LA23,0.001565091829232468,0.005476037219602193
2021Q2,SS14,LA23,0.0012856450943475929,0.004498292212859468
2022Q2,SS14,LA23,0.0007348727934612089,0.002571217032447294
2022Q3,SS14,LA23,0.001591583784724771,0.005568728863367938
2023Q2,SS14,LA23,0.0016681872784922952,0.005836753764646891
2023Q3,SS14,LA23,0.0019783415374501514,0.00692194009949874
2019Q1,SS15,LA23,0.0045153554103577005,0.006717758194666864
2019Q2,SS15,LA23,0.018940222785368062,0.028178476611909243
2019Q3,SS15,LA23,0.01502763077645115,0.022357484764844983
2019Q4,SS15,LA23,0.003398034329770329,0.005055454308693191
2020Q3,SS15,LA23,0.012289511324384965,0.01828382439585152
2023Q2,SS15,LA23,0.004268039200575216,0.00634981141219894
2023Q3,SS15,LA23,0.0016645853443642586,0.002476500922203046
2019Q2,SS16,LA23,0.004732412045064245,0.006782035005359334
2019Q3,SS16,LA23,0.012418362601894368,0.01779679560302308
2019Q4,SS16,LA23,0.012144662584362855,0.017404555222813117
2020Q3,SS16,LA23,0.0025595113897527674,0.003668044049550535
2021Q2,SS16,LA23,0.003028106000413173,0.0043395885014196785
2021Q3,SS16,LA23,0.00580657740419115,0.008321424855138182
2023Q2,SS16,LA23,0.010759109850451708,0.015418915119272824
2023Q3,SS16,LA23,0.009676973135975498,0.013868101494365282
2019Q2,SS17,LA23,0.007211335891790108,0.00966812887758808
2019Q3,SS17,LA23,0.006344797765963492,0.008506374328424278
2019Q4,SS17,LA23,0.0071316821195816235,0.009561338270847044
2020Q3,SS17,LA23,0.0187439833023978,0.02512977470003216
2021Q2,SS17,LA23,0.010358819376829864,0.013887912344904921
2021Q3,SS17,LA23,0.017637782777319658,0.023646708399780243
2021Q4,SS17,LA23,0.01811236178573852,0.024282969293024047
2022Q1,SS17,LA23,0.0036425017484802906,0.004883446960394667
2022Q2,SS17,LA23,0.01061644027719542,0.014233300786612382
2022Q3,SS17,LA23,0.013075730270595056,0.017530433656351468
2022Q4,SS17,LA23,0.005706219352476252,0.007650241915140198
2020Q3,SS2,LA23,0.0375565405892948,0.014305603160844631
2021Q2,SS2,LA23,0.02296560305551552,0.008747791955985764
2021Q3,SS2,LA23,0.028660071905290824,0.01091686318295328
2022Q2,SS2,LA23,0.009870982119828856,0.0037599403671997257
2022Q3,SS2,LA23,0.012654058862342377,0.004820037778192982
2023Q2,SS2,LA23,0.020862825524921816,0.007946826254240891
2023Q3,SS2,LA23,0.026260802363252164,0.01000296117265763
2019Q2,SS3,LA23,0.00593930287195395,0.004207058249451963
2019Q3,SS3,LA23,0.01944719269034806,0.013775265245851072
2021Q3,SS3,LA23,0.013322525836482885,0.009436905884793343
2022Q3,SS3,LA23,0.0040667796075478935,0.002880671194161327
2021Q3,SS4,LA23,0.04042528586958742,0.006752318729549879
2022Q3,SS4,LA23,0.03654897753933626,0.006104850968300076
2020Q3,SS5,LA23,0.07962070512043326,0.022581188310719563
2020Q4,SS5,LA23,0.01602784913652083,0.004545650267981593
2021Q2,SS5,LA23,0.016269273872202155,0.004614120616379534
2021Q3,SS5,LA23,0.06739829107315765,0.01911479558290277
2021Q4,SS5,LA23,0.04115641655641243,0.011672350691306066
2022Q2,SS5,LA23,0.015623520064936256,0.004430978702449243
2022Q3,SS5,LA23,0.030856477621885394,0.008751190167574677
2023Q2,SS5,LA23,0.039303539070739885,0.011146857035386069
2023Q3,SS5,LA23,0.02155665403907733,0.00611367185795641
2019Q1,SS6,LA23,0.006328743217870068,0.019946200584199426
2019Q2,SS6,LA23,0.007759175178575947,0.024454470524702943
2019Q3,SS6,LA23,0.013634125080731887,0.042970457844214216
2019Q4,SS6,LA23,0.003111011149284305,0.009804924969635498
2020Q1,SS6,LA23,0.0018634637906143712,0.00587304955651148
2020Q3,SS6,LA23,0.017242058378122142,0.054341524542094496
2020Q4,SS6,LA23,0.005772564806961959,0.018193301823312743
2021Q2,SS6,LA23,0.01103015300247097,0.034763559949859926
2021Q3,SS6,LA23,0.024325349695034387,0.07666582251716687
2021Q4,SS6,LA23,0.0059752932600718,0.01883223790440314
2022Q1,SS6,LA23,0.008589909901220908,0.0270726841004012
2022Q2,SS6,LA23,0.008708376545088648,0.027446053560936545
2022Q3,SS6,LA23,0.010552134129838886,0.03325699537798252
2022Q4,SS6,LA23,0.004078037570461072,0.012852686950647556
2023Q1,SS6,LA23,0.0011673460831157874,0.0036791063128080695
2023Q2,SS6,LA23,0.005896491377483557,0.018583879248915358
2023Q3,SS6,LA23,0.0061304423523408785,0.01932121886133585
2019Q2,SS7,LA23,0.009484661442885258,0.03476189699525259
2019Q3,SS7,LA23,0.02280571984240996,0.08358443670745093
2019Q4,SS7,LA23,0.0049955818446537105,0.01830913022683281
2020Q1,SS7,LA23,0.001187848871034766,0.0043535428596465035
2020Q3,SS7,LA23,0.009196226414844813,0.03370476398160285
2020Q4,SS7,LA23,0.002897784672996991,0.010620568053349516
2021Q2,SS7,LA23,0.008786408394701715,0.03220275445930207
2021Q3,SS7,LA23,0.02106733705936338,0.07721315149010502
2021Q4,SS7,LA23,0.00804246657523429,0.02947615962462968
2022Q1,SS7,LA23,0.0026486269953996428,0.009707389066796192
2022Q2,SS7,LA23,0.004744056873207456,0.017387274955371616
2022Q3,SS7,LA23,0.010319882167676743,0.037823034915497614
2022Q4,SS7,LA23,0.001694607574290559,0.0062108462489245545
2023Q2,SS7,LA23,0.007950497209204297,0.029139085955958918
2023Q3,SS7,LA23,0.003596136358424236,0.013180072101171187
2019Q2,SS8,LA23,0.005429762998019175,0.008213260503286733
2019Q3,SS8,LA23,0.0057917440112942855,0.008760806383347568
2020Q3,SS8,LA23,0.002228575566214005,0.0033710258962044498
2021Q2,SS8,LA23,0.003843843542129196,0.005814340028634893
2021Q3,SS8,LA23,0.020280974510841404,0.030677752781995443
2022Q2,SS8,LA23,0.004325130591207114,0.006542352634779424
2022Q3,SS8,LA23,0.006595769182864416,0.009977004620308256
2023Q1,SS8,LA23,0.0024114063302147037,0.0036475824776428093
2023Q2,SS8,LA23,0.005766553994920856,0.00872270303212717
2023Q3,SS8,LA23,0.013839213359770522,0.020933706411463502
2019Q1,SS9,LA23,0.0020669967783561592,0.006925049101590725
2019Q2,SS9,LA23,0.008076672457392235,0.027059235858794
2019Q3,SS9,LA23,0.007558838822705549,0.025324340389091152
2019Q4,SS9,LA23,0.008577435602183645,0.028736940150479142
2020Q1,SS9,LA23,0.0025398989845194985,0.008509411028142032
2020Q3,SS9,LA23,0.011812951654711308,0.03957687360724931
2020Q4,SS9,LA23,0.00311468460761786,0.010435112463443794
2021Q2,SS9,LA23,0.015106369255139132,0.0506107943340846
2021Q3,SS9,LA23,0.021371972797219568,0.07160241494730814
2021Q4,SS9,LA23,0.005962909874228157,0.01997750751224199
2022Q1,SS9,LA23,0.002461063966077721,0.008245290455071622
2022Q2,SS9,LA23,0.005086423304560932,0.01704101888517337
2022Q3,SS9,LA23,0.009173931608132384,0.03073537777425855
2022Q4,SS9,LA23,0.003973215870593718,0.013311445515151184
2023Q1,SS9,LA23,0.002558026938390589,0.008570145022497123
2023Q2,SS9,LA23,0.003194253376573468,0.0107016913172381
2023Q3,SS9,LA23,0.005054548319004265,0.016934228278432332
2019Q1,ST1,LA23,0.00503761881456821,0.00469784676574048
2019Q2,ST1,LA23,0.009399161660486405,0.008765216828175736
2019Q3,ST1,LA23,0.009219443300930129,0.008597619924705377
2019Q4,ST1,LA23,0.0168872457348198,0.015748252433900725
2020Q1,ST1,LA23,0.005441946357745944,0.0050749036473616655
2020Q3,ST1,LA23,0.053726485709593166,0.050102797852728816
2020Q4,ST1,LA23,0.033173853794280464,0.030936378374624207
2021Q2,ST1,LA23,0.060521746979355875,0.05643973944231441
2021Q3,ST1,LA23,0.0951506372075417,0.08873301647415527
2021Q4,ST1,LA23,0.06468767747792269,0.060324690614561687
2022Q1,ST1,LA23,0.032701763590942165,0.03049612921792403
2022Q2,ST1,LA23,0.06708704938180021,0.06256223218992715
2022Q3,ST1,LA23,0.061596645744191166,0.05744213955867033
2022Q4,ST1,LA23,0.03916387137019005,0.03652238750543365
2023Q1,ST1,LA23,0.011559425962607438,0.010779777881408931
2023Q2,ST1,LA23,0.03341598513030041,0.03116217868935152
2023Q3,ST1,LA23,0.033213705061239884,0.030973541794979586
2019Q1,ST10,LA23,0.017408428117089387,0.016057200478995132
2019Q2,ST10,LA23,0.042221262314491914,0.038944083227968655
2019Q3,ST10,LA23,0.02332811203387075,0.021517403478640458
2019Q4,ST10,LA23,0.02141336052716094,0.01975127338326928
2020Q1,ST10,LA23,0.01103480691880163,0.01017829443017084
2020Q3,ST10,LA23,0.041165158533843386,0.03796995333993754
2020Q4,ST10,LA23,0.017192159258571663,0.015857718228488353
2021Q2,ST10,LA23,0.03175342627414576,0.029288751870619682
2021Q3,ST10,LA23,0.07210328491765106,0.06650668821616758
2021Q4,ST10,LA23,0.01833362613705483,0.016910585402058385
2022Q1,ST10,LA23,0.014227261359124659,0.013122953225527707
2022Q2,ST10,LA23,0.03954075130112765,0.036471631238722615
2022Q3,ST10,LA23,0.049076020973302235,0.0452667812498305
2022Q4,ST10,LA23,0.018234702143053613,0.016819339805777284
2023Q1,ST10,LA23,0.025126145769528416,0.023175875338779826
2023Q2,ST10,LA23,0.030368960678226958,0.028011747336929668
2023Q3,ST10,LA23,0.01906450356975481,0.01758473273939989
2019Q1,ST11,LA23,0.010256920057689935,0.00569988537022524
2019Q2,ST11,LA23,0.03921657934531635,0.021793092431588036
2019Q3,ST11,LA23,0.028815890144062124,0.016013312937836158
2019Q4,ST11,LA23,0.02629388011795332,0.014611803715718212
2020Q1,ST11,LA23,0.02015981673109169,0.011203035980164528
2020Q3,ST11,LA23,0.007832100574787034,0.0043523860216587865
2023Q2,ST11,LA23,0.008853446979293541,0.004919959659381953
2023Q3,ST11,LA23,0.014832551949879088,0.00824261526722503
2023Q3,ST12,LA23,0.06467356174864201,0.004948591399577925
2019Q1,ST13,LA23,0.018161294090236,0.03729342002424637
2019Q2,ST13,LA23,0.027400633011756576,0.056265996837034316
2019Q3,ST13,LA23,0.04885308465049517,0.1003176643855176
2019Q4,ST13,LA23,0.028403381169748325,0.058325096152794575
2020Q1,ST13,LA23,0.01671419459428098,0.034321864745675106
2020Q3,ST13,LA23,0.03580436607332911,0.0735226937045425
2020Q4,ST13,LA23,0.016283363930943533,0.03343717289456929
2021Q2,ST13,LA23,0.02062262023357866,0.04234764519257762
2021Q3,ST13,LA23,0.04215165381844009,0.08655657040501606
2021Q4,ST13,LA23,0.02945827547128395,0.06049127528479281
2022Q1,ST13,LA23,0.02161892494506905,0.04439351317385338
2022Q2,ST13,LA23,0.04095958100559663,0.08410870122300898
2022Q3,ST13,LA23,0.03257528391379872,0.06689191526607703
2022Q4,ST13,LA23,0.018815286305079882,0.038636364323236194
2023Q1,ST13,LA23,0.012010865959273408,0.02466378589810531
2023Q2,ST13,LA23,0.027221484072964413,0.055898122356940624
2023Q3,ST13,LA23,0.021865219525818103,0.04489926828160797
2019Q1,ST14,LA23,0.014114330694516371,0.026017430948481503
2019Q2,ST14,LA23,0.027381115917278168,0.05047255219455254
2019Q3,ST14,LA23,0.03059714462516882,0.05640076846260321
2019Q4,ST14,LA23,0.028437488309229958,0.05241979973737551
2020Q1,ST14,LA23,0.013245839772839687,0.024416511778231013
2020Q3,ST14,LA23,0.021409858399783283,0.03946552795093165
2020Q4,ST14,LA23,0.011724078310989344,0.02161139656514239
2021Q2,ST14,LA23,0.02027448949820017,0.03737266342640491
2021Q3,ST14,LA23,0.02728650837942774,0.05029815886790435
2021Q4,ST14,LA23,0.0169600485546268,0.03126304050140551
2022Q1,ST14,LA23,0.008589830994648506,0.015833930747365943
2022Q2,ST14,LA23,0.01437438375253807,0.026496795689641327
2022Q3,ST14,LA23,0.0187496293649194,0.034561836325751945
2022Q4,ST14,LA23,0.006271554080423107,0.011560571220743006
2023Q1,ST14,LA23,0.010106924837508715,0.018630441977920933
2023Q2,ST14,LA23,0.016755261674395838,0.030885549805538936
2023Q3,ST14,LA23,0.03497223334279418,0.06446551988921692
2019Q1,ST15,LA23,0.025774356451620045,0.04037219972380406
2019Q2,ST15,LA23,0.04129269959461057,0.06467967952169283
2019Q3,ST15,LA23,0.04266427312447095,0.06682807226962993
2019Q4,ST15,LA23,0.025400282550900242,0.03978626128302591
2020Q1,ST15,LA23,0.02379218944215433,0.03726739116952276
2020Q3,ST15,LA23,0.06709373604556627,0.10509367001780316
2020Q4,ST15,LA23,0.027673252321290788,0.04334657479497039
2021Q2,ST15,LA23,0.02573909084696186,0.040316960709890624
2021Q3,ST15,LA23,0.06369619045542785,0.09977185376243834
2021Q4,ST15,LA23,0.04401982942289627,0.06895137609370845
2022Q1,ST15,LA23,0.024763055231127654,0.03878812700674969
2022Q2,ST15,LA23,0.03163509374512859,0.049552287575324455
2022Q3,ST15,LA23,0.049092906666814116,0.0768976962313297
2022Q4,ST15,LA23,0.022768840678709337,0.03566444753279377
2023Q1,ST15,LA23,0.021895601530903638,0.03429663121706805
2023Q2,ST15,LA23,0.02829898600813158,0.04432670578006278
2023Q3,ST15,LA23,0.03280135129394236,0.051379079362676494
2019Q1,ST16,LA23,0.016673731916455325,0.052140640270464785
2019Q2,ST16,LA23,0.019232524003869118,0.060142271724373725
2019Q3,ST16,LA23,0.03111694551734897,0.09730619819637014
2019Q4,ST16,LA23,0.0305626858428287,0.09557296568127464
2020Q1,ST16,LA23,0.014906445395446184,0.04661413599364849
2020Q3,ST16,LA23,0.030785272939717005,0.0962690206380085
2020Q4,ST16,LA23,0.013920121206585844,0.04352978901127491
2021Q2,ST16,LA23,0.01955682094174753,0.06115638482535528
2021Q3,ST16,LA23,0.037470446455141936,0.11717431221639872
2021Q4,ST16,LA23,0.021968724504539797,0.06869867929576673
2022Q1,ST16,LA23,0.017506092515601396,0.054743525742825816
2022Q2,ST16,LA23,0.02091842415518397,0.0654142716438925
2022Q3,ST16,LA23,0.027357889445966538,0.08555120589131661
2022Q4,ST16,LA23,0.018047311874068373,0.056435979718854334
2023Q1,ST16,LA23,0.011929877650644323,0.03730607293973701
2023Q2,ST16,LA23,0.028057742861954102,0.0877397264569526
2023Q3,ST16,LA23,0.015005935608171891,0.04692525310996986
2019Q1,ST17,LA23,0.022397578612740308,0.048228720312628884
2019Q2,ST17,LA23,0.021927997781399592,0.04721757160899085
2019Q3,ST17,LA23,0.03138730657524878,0.06758630726820355
2019Q4,ST17,LA23,0.021058106426551974,0.045344433999755934
2020Q1,ST17,LA23,0.024183530335170147,0.05207441129566805
2020Q3,ST17,LA23,0.025150225518173308,0.05415599664981455
2020Q4,ST17,LA23,0.00644452262847504,0.01387699468639585
2021Q2,ST17,LA23,0.013661293347046976,0.029416871677759224
2021Q3,ST17,LA23,0.045488229655920635,0.09794983393178563
2021Q4,ST17,LA23,0.017307772339021973,0.037268837217007404
2022Q1,ST17,LA23,0.02744353271872672,0.059094176507503024
2022Q2,ST17,LA23,0.023601465000076025,0.05082104963835199
2022Q3,ST17,LA23,0.02391722746971693,0.05150098116563207
2022Q4,ST17,LA23,0.018655168806668752,0.04017018689019916
2023Q1,ST17,LA23,0.021552803200820318,0.04640966487931968
2023Q2,ST17,LA23,0.02331907852945926,0.050212986671058765
2023Q3,ST17,LA23,0.03586489495137432,0.07722790117444839
2019Q2,ST18,LA23,0.03550662360715881,0.005515803525429929
2019Q3,ST18,LA23,0.04159815425117221,0.006462096999381626
2020Q1,ST18,LA23,0.05181757191243461,0.008049640230399151
2020Q3,ST18,LA23,0.08640311214975062,0.013422357357223458
2021Q2,ST18,LA23,0.1211669115738528,0.018822766293378715
2021Q3,ST18,LA23,0.09987634175571793,0.015515366486498646
2021Q4,ST18,LA23,0.09523881032716126,0.014794945629648504
2022Q1,ST18,LA23,0.04500695394835697,0.006991639588258629
2022Q2,ST18,LA23,0.0573152155529516,0.008903675874830494
2022Q3,ST18,LA23,0.10726967643482496,0.016663889701177947
2022Q4,ST18,LA23,0.02808070892002297,0.0043622191445543725
2023Q1,ST18,LA23,0.07282469566071892,0.01131300789137178
2023Q2,ST18,LA23,0.07105560122475506,0.011038186566914996
2023Q3,ST18,LA23,0.17920586873372987,0.02783887236014036
2019Q1,ST19,LA23,0.00854614427480288,0.003234663618402425
2019Q2,ST19,LA23,0.023610113277047186,0.00893628424560924
2019Q3,ST19,LA23,0.03877398914718281,0.01467571901453952
2019Q4,ST19,LA23,0.01596828852919939,0.006043900066822289
2020Q1,ST19,LA23,0.030004152822091713,0.01135638931591113
2020Q3,ST19,LA23,0.09366927906291672,0.035453252297661365
2020Q4,ST19,LA23,0.015253276279644491,0.005773272280070975
2021Q2,ST19,LA23,0.07481973759221677,0.028318815520294038
2021Q3,ST19,LA23,0.10166966058138023,0.03848134803288225
2021Q4,ST19,LA23,0.06706730849157917,0.025384568266826616
2022Q1,ST19,LA23,0.057972154009664136,0.0219421076248807
2022Q2,ST19,LA23,0.0474593917521822,0.017963091063757257
2022Q3,ST19,LA23,0.0834012217724879,0.03156685507792943
2022Q4,ST19,LA23,0.028981778908221064,0.010969427009020124
2023Q1,ST19,LA23,0.024360847485102425,0.009220432576341985
2023Q2,ST19,LA23,0.03722361794296492,0.014088912945270576
2023Q3,ST19,LA23,0.007226342075450806,0.0027351265148318057
2019Q1,ST2,LA23,0.01239911702118244,0.0188572545258875
2019Q2,ST2,LA23,0.02535274785096602,0.03855784394481997
2019Q3,ST2,LA23,0.049985825774411116,0.07602117454851214
2019Q4,ST2,LA23,0.013305003562925816,0.020234976266883038
2020Q1,ST2,LA23,0.02245029783015696,0.034143639393192614
2020Q3,ST2,LA23,0.018496439425343892,0.0281303955330448
2020Q4,ST2,LA23,0.007916416743351617,0.012039719054780131
2021Q2,ST2,LA23,0.00800370132433513,0.012172466213870544
2021Q3,ST2,LA23,0.02474879179605613,0.03763931458257346
2021Q4,ST2,LA23,0.0165649115164228,0.025192822370362692
2022Q1,ST2,LA23,0.0111398610401959,0.016942109237223647
2022Q2,ST2,LA23,0.012337361753917959,0.01876333374175981
2022Q3,ST2,LA23,0.021671297207065544,0.032958892689022946
2022Q4,ST2,LA23,0.020496378288532572,0.03117201181224712
2023Q1,ST2,LA23,0.010251279284660584,0.015590705560448653
2023Q2,ST2,LA23,0.028107203917199,0.042746971205462336
2023Q3,ST2,LA23,0.04003248356438216,0.06088358796737699
2019Q4,ST20,LA23,0.02039647210661374,0.002654147855691686
2020Q3,ST20,LA23,0.032891387923811966,0.0042800836474265365
2021Q2,ST20,LA23,0.06354804837444841,0.008269367145690959
2021Q3,ST20,LA23,0.05055918110930065,0.006579154543263639
2021Q3,ST21,LA23,0.4462558661461428,0.010904137965088405
2021Q4,ST21,LA23,0.2727932907367339,0.0066656281828454105
2022Q3,ST21,LA23,0.3250078280379933,0.007941475878547703
2019Q1,ST3,LA23,0.011711199368110691,0.05059315255477193
2019Q2,ST3,LA23,0.026049529052468042,0.11253568109515448
2019Q3,ST3,LA23,0.0273313368810523,0.11807317533285408
2019Q4,ST3,LA23,0.01679700807870109,0.07256418112934553
2020Q1,ST3,LA23,0.009762663351464192,0.042175348634782166
2020Q3,ST3,LA23,0.032333597455116186,0.13968327045526027
2020Q4,ST3,LA23,0.012160019555857387,0.0525320853245582
2021Q2,ST3,LA23,0.016489526835859532,0.07123584190995062
2021Q3,ST3,LA23,0.02363716029229274,0.1021140891756921
2021Q4,ST3,LA23,0.023857294234546998,0.1030650823039689
2022Q1,ST3,LA23,0.015135886354636691,0.0653880258820462
2022Q2,ST3,LA23,0.02724648330489256,0.11770660229549655
2022Q3,ST3,LA23,0.016984188038419147,0.07337281088275903
2022Q4,ST3,LA23,0.015697911589551927,0.06781601191113941
2023Q1,ST3,LA23,0.02011096700608058,0.08688070194869922
2023Q2,ST3,LA23,0.028854667778189062,0.12465406513309928
2023Q3,ST3,LA23,0.02473965427176941,0.10687693577586738
2019Q1,ST4,LA23,0.01561891613871379,0.0672021647539076
2019Q2,ST4,LA23,0.02502286614611858,0.10766373021226272
2019Q3,ST4,LA23,0.024796529153163167,0.10668988953372854
2019Q4,ST4,LA23,0.023687193895166925,0.10191684829878653
2020Q1,ST4,LA23,0.015107359917795488,0.06500113587752943
2020Q2,ST4,LA23,0.0001541793682059465,0.0006633742835808988
2020Q3,ST4,LA23,0.02781138696785841,0.1196616584947366
2020Q4,ST4,LA23,0.01772931660900046,0.07628240302661325
2021Q2,ST4,LA23,0.020142849681256292,0.08666690382809447
2021Q3,ST4,LA23,0.046718902818605315,0.20101339788589564
2021Q4,ST4,LA23,0.03629389049284305,0.1561585955644405
2022Q1,ST4,LA23,0.02985656998550124,0.1284612912530469
2022Q2,ST4,LA23,0.029830640964777336,0.12834972868960653
2022Q3,ST4,LA23,0.028161588388393773,0.12116843997373672
2022Q4,ST4,LA23,0.025198454180819826,0.10841921772061552
2023Q1,ST4,LA23,0.014613733875174268,0.06287725363445706
2023Q2,ST4,LA23,0.028736311938476783,0.12364125347485395
2023Q3,ST4,LA23,0.027320012700206092,0.1175474647698114
2019Q1,ST5,LA23,0.018247710943479524,0.08697238135922572
2019Q2,ST5,LA23,0.02864145993777944,0.13651114839056874
2019Q3,ST5,LA23,0.025920090497482288,0.12354053626754842
2019Q4,ST5,LA23,0.025991646400410368,0.12388158656680193
2020Q1,ST5,LA23,0.0208955220684707,0.0995923992695939
2020Q3,ST5,LA23,0.024576942055430987,0.1171388117506507
2020Q4,ST5,LA23,0.015139815235086609,0.07215950474076763
2021Q2,ST5,LA23,0.025454408261296888,0.12132099798336675
2021Q3,ST5,LA23,0.03179395483095264,0.15153659398926966
2021Q4,ST5,LA23,0.023766177419455862,0.11327453905743386
2022Q1,ST5,LA23,0.022363942642466064,0.10659119679290152
2022Q2,ST5,LA23,0.016718626376308537,0.07968444664136334
2022Q3,ST5,LA23,0.024057725627718518,0.11466411838780348
2022Q4,ST5,LA23,0.013751460816625368,0.06554231914865784
2023Q1,ST5,LA23,0.013117014658439764,0.06251841695114241
2023Q2,ST5,LA23,0.021743725747996073,0.10363511422241596
2023Q3,ST5,LA23,0.019075268537805598,0.09091669278071768
2019Q1,ST6,LA23,0.034130792480361466,0.04421832452108864
2019Q2,ST6,LA23,0.032172656330652215,0.04168145111640166
2019Q3,ST6,LA23,0.02761023872552689,0.03577058741816671
2019Q4,ST6,LA23,0.023290865066364026,0.03017460055971322
2020Q1,ST6,LA23,0.013955689412409062,0.01808036551476197
2020Q3,ST6,LA23,0.027770575179430476,0.035978312139335965
2020Q4,ST6,LA23,0.016778291859008813,0.021737202696306503
2021Q2,ST6,LA23,0.019989708811124118,0.02589777051912713
2021Q3,ST6,LA23,0.05227068851700322,0.06771956054391359
2021Q4,ST6,LA23,0.03864488033641595,0.050066574363238456
2022Q1,ST6,LA23,0.020565424390124917,0.026643641811707027
2022Q2,ST6,LA23,0.031303725391815224,0.04055570314960552
2022Q3,ST6,LA23,0.03835149755250677,0.049686480781899516
2022Q4,ST6,LA23,0.022957691161106675,0.029742955385546683
2023Q2,ST6,LA23,0.01782547362755969,0.023093884446400453
2023Q3,ST6,LA23,0.03235364175355833,0.04191592771603685
2019Q1,ST7,LA23,0.02129856151186914,0.05310284026674758
2019Q2,ST7,LA23,0.029191285756713186,0.07278144976391343
2019Q3,ST7,LA23,0.032349262828257445,0.0806551060154313
2019Q4,ST7,LA23,0.02266259394113137,0.05650372704350995
2020Q1,ST7,LA23,0.020573641073348463,0.05129542551568978
2020Q3,ST7,LA23,0.03549329131467776,0.08849398482494343
2020Q4,ST7,LA23,0.013915932095154493,0.034696029532327005
2021Q2,ST7,LA23,0.01431194431646973,0.035683390754842614
2021Q3,ST7,LA23,0.046229438986909184,0.11526198672032995
2021Q4,ST7,LA23,0.01516956480806148,0.0378216611703872
2022Q1,ST7,LA23,0.01278824263628764,0.03188440710555748
2022Q2,ST7,LA23,0.03291373103914652,0.08206247172986206
2022Q3,ST7,LA23,0.020203293088695787,0.05037205189436971
2022Q4,ST7,LA23,0.01091344839873416,0.027210058611442482
2023Q1,ST7,LA23,0.014010179291937923,0.03493101224858182
2023Q2,ST7,LA23,0.013612833110298978,0.03394032511685152
2023Q3,ST7,LA23,0.008869676187132358,0.02211440418267616
2019Q1,ST8,LA23,0.021815262759063415,0.022427618067850263
2019Q2,ST8,LA23,0.032498195356823814,0.033410421016103364
2019Q3,ST8,LA23,0.05185084386158226,0.05330629914783713
2019Q4,ST8,LA23,0.031235240513928893,0.032112014979640606
2020Q1,ST8,LA23,0.02833377793466212,0.029129108228314868
2020Q3,ST8,LA23,0.05999021438099428,0.06167414212723243
2020Q4,ST8,LA23,0.03045093978957405,0.031305698902202535
2021Q2,ST8,LA23,0.031693358781364984,0.03258299264538948
2021Q3,ST8,LA23,0.05232316843697386,0.05379188189318093
2021Q4,ST8,LA23,0.021121404173474752,0.02171428284367488
2022Q1,ST8,LA23,0.019216141357522736,0.01975553922334898
2022Q2,ST8,LA23,0.03194942396584992,0.032846245589969104
2022Q3,ST8,LA23,0.02023913618683277,0.020807249558931297
2022Q4,ST8,LA23,0.011857555149605306,0.01219039720268014
2023Q1,ST8,LA23,0.011859875982093086,0.012192783181029804
2023Q2,ST8,LA23,0.02164387279625381,0.02225141718184627
2023Q3,ST8,LA23,0.013426648896115416,0.013803535474175885
2019Q2,ST9,LA23,0.019020695579948337,0.002500939124693547
2019Q3,ST9,LA23,0.03572690409149533,0.004697557556243551
2019Q4,ST9,LA23,0.02252294507832044,0.0029614329461787503
2020Q3,ST9,LA23,0.0635672856039904,0.008358154461248164
2020Q4,ST9,LA23,0.04026459648599471,0.005294196748408082
2021Q2,ST9,LA23,0.02023210328051573,0.002660221255127195
2021Q3,ST9,LA23,0.08233833111763933,0.010826268308040269
2021Q4,ST9,LA23,0.08495855703375536,0.011170789121256942
2022Q1,ST9,LA23,0.0470975297984098,0.0061926260506180286
2022Q2,ST9,LA23,0.16080598642761007,0.02114360020385973
2023Q1,ST9,LA23,0.04991131699940997,0.006562597299564454
2023Q3,ST9,LA23,0.12149324955563358,0.01597455886524767
2019Q1,SW10,LA23,0.0035229323576151,0.006897646501756703
2019Q2,SW10,LA23,0.008415857037401716,0.01647763878515567
2019Q3,SW10,LA23,0.020366352612265118,0.03987584392469967
2019Q4,SW10,LA23,0.016131928244857874,0.03158514757861019
2020Q1,SW10,LA23,0.002373067915776327,0.004646295172912885
2020Q3,SW10,LA23,0.04721216808964408,0.09243800703693847
2020Q4,SW10,LA23,0.015610615497557538,0.03056445496157352
2021Q2,SW10,LA23,0.00969279076899472,0.018977782583732658
2021Q3,SW10,LA23,0.02216146021012704,0.0433905346385036
2021Q4,SW10,LA23,0.0130235866794749,0.02549923983235897
2022Q1,SW10,LA23,0.008323130798932413,0.01629608752345849
2022Q2,SW10,LA23,0.009796263058995114,0.019180373836331432
2022Q3,SW10,LA23,0.02235887736299717,0.043777063131149214
2022Q4,SW10,LA23,0.007237447242183106,0.014170397721030322
2023Q2,SW10,LA23,0.010226068192226585,0.020021901170020596
2023Q3,SW10,LA23,0.012040562996459031,0.023574550630296454
2019Q1,SW11,LA23,0.005239346439601772,0.02433415937398048
2019Q2,SW11,LA23,0.016648761552173034,0.07732522017016501
2019Q3,SW11,LA23,0.01748656256502505,0.08121638934659628
2019Q4,SW11,LA23,0.010889420552530086,0.050575944589704665
2020Q1,SW11,LA23,0.004045256605516261,0.0187882057584957
2020Q3,SW11,LA23,0.021126384379603003,0.09812155207058723
2020Q4,SW11,LA23,0.008930384674936407,0.04147719690919555
2021Q2,SW11,LA23,0.012929204021146534,0.06004972468535645
2021Q3,SW11,LA23,0.03637379305028795,0.16893818481473927
2021Q4,SW11,LA23,0.008659949519500209,0.040221160064032896
2022Q1,SW11,LA23,0.004872658661205525,0.02263107694893982
2022Q2,SW11,LA23,0.010754794532255377,0.04995067365734415
2022Q3,SW11,LA23,0.012319868719852288,0.0572196651531577
2022Q4,SW11,LA23,0.00511907347097985,0.023775551230662117
2023Q1,SW11,LA23,0.0017668886795998387,0.008206319475360439
2023Q2,SW11,LA23,0.007533982195211427,0.034991601638188444
2023Q3,SW11,LA23,0.007831426618128733,0.03637308310264405
2019Q1,SW12,LA23,0.008513233749236928,0.01471772669396846
2019Q2,SW12,LA23,0.005408231670003504,0.00934978152384348
2019Q3,SW12,LA23,0.009989597559953349,0.017270072806741137
2019Q4,SW12,LA23,0.011391183361730615,0.01969314227438655
2020Q3,SW12,LA23,0.007570018740509486,0.013087091247908512
2020Q4,SW12,LA23,0.002685818643217145,0.0046432584731951314
2021Q2,SW12,LA23,0.0043963446866238905,0.0076004255792941795
2021Q3,SW12,LA23,0.021306839355797826,0.03683538448348506
2021Q4,SW12,LA23,0.0029768171813595442,0.005146338393103129
2022Q1,SW12,LA23,0.003243809803880539,0.005607916750201818
2022Q2,SW12,LA23,0.005222039446403338,0.009027891353761502
2022Q3,SW12,LA23,0.0036311665817297632,0.006277581340340922
2022Q4,SW12,LA23,0.0048776340193262095,0.008432481301958918
2023Q2,SW12,LA23,0.004891393507548234,0.008456268783081328
2023Q3,SW12,LA23,0.0031646404689130822,0.0054710483557801675
2019Q1,SW13,LA23,0.007694393791904323,0.009639714044514806
2019Q2,SW13,LA23,0.019505353187982924,0.024436756443016044
2019Q3,SW13,LA23,0.024135609391382703,0.030237648230043733
2019Q4,SW13,LA23,0.028884174293626694,0.036186759884247535
2020Q1,SW13,LA23,0.002362999841061485,0.0029604207129394987
2020Q3,SW13,LA23,0.012436437287821777,0.015580655530430369
2021Q2,SW13,LA23,0.020967129301653613,0.026268103279944718
2021Q3,SW13,LA23,0.03990690919760082,0.049996296455484715
2021Q4,SW13,LA23,0.016494829639100952,0.02066510309119069
2022Q1,SW13,LA23,0.004635161686034785,0.005807037488837436
2022Q2,SW13,LA23,0.010932474023490056,0.013696455657937921
2022Q3,SW13,LA23,0.018432206722125352,0.023092293794167343
2022Q4,SW13,LA23,0.024422435846629398,0.030596991029978024
2023Q1,SW13,LA23,0.004970177294225331,0.00622675277125565
2023Q2,SW13,LA23,0.027419628025056236,0.03435194253335572
2023Q3,SW13,LA23,0.030084401615511076,0.037690432361155664
2019Q1,SW14,LA23,0.0058636020257485,0.011109838219779157
2019Q2,SW14,LA23,0.018938085965836245,0.035882222283981316
2019Q3,SW14,LA23,0.016868435707024496,0.031960830715120965
2019Q4,SW14,LA23,0.007497998378446103,0.014206548908146446
2020Q1,SW14,LA23,0.0033655285156704434,0.006376707895413339
2020Q3,SW14,LA23,0.024806839602782838,0.047001821324281816
2020Q4,SW14,LA23,0.01553271832356724,0.0294300307098695
2021Q2,SW14,LA23,0.012086366752211216,0.022900186385832254
2021Q3,SW14,LA23,0.025034502657655444,0.04743317728895143
2021Q4,SW14,LA23,0.007833768948312697,0.01484273749901602
2022Q1,SW14,LA23,0.005125547861435534,0.009711437999753198
2022Q2,SW14,LA23,0.015881692282134117,0.030091235922223424
2022Q3,SW14,LA23,0.022715018335777826,0.04303842207599254
2022Q4,SW14,LA23,0.004825495129209028,0.009142924431165012
2023Q1,SW14,LA23,0.002307807336495282,0.004372630686443817
2023Q2,SW14,LA23,0.019849959307981047,0.03760995981863517
2023Q3,SW14,LA23,0.011399523419215556,0.021598815952025976
2019Q1,SW15,LA23,0.007641707615725894,0.009117257088312562
2019Q2,SW15,LA23,0.010821555846182671,0.012911107269027212
2019Q3,SW15,LA23,0.011538342796743784,0.013766299751446274
2019Q4,SW15,LA23,0.004104132519428547,0.004896605992504937
2020Q3,SW15,LA23,0.018083296081115682,0.02157502847090357
2020Q4,SW15,LA23,0.00811184907349163,0.009678178907606362
2021Q2,SW15,LA23,0.02213416044620341,0.026408080676458355
2021Q3,SW15,LA23,0.06110857217052035,0.07290812352356836
2021Q4,SW15,LA23,0.01551818295604375,0.018514613574400863
2022Q2,SW15,LA23,0.01985914362924241,0.023693777245405438
2022Q3,SW15,LA23,0.01544594673309238,0.018428429144316024
2023Q1,SW15,LA23,0.011134195673536813,0.013284115217691395
2023Q2,SW15,LA23,0.01991174517414324,0.02375653570623903
2023Q3,SW15,LA23,0.032527207624190466,0.038807937857289324
2019Q1,SW16,LA23,0.002692275196220497,0.008335451515739237
2019Q2,SW16,LA23,0.008365749037542015,0.025900879521219118
2019Q3,SW16,LA23,0.010984368837887216,0.03400828934862984
2019Q4,SW16,LA23,0.004524388947838965,0.01400778968138199
2020Q1,SW16,LA23,0.00255909297596786,0.007923111075492713
2020Q3,SW16,LA23,0.02588592499135164,0.08014443434622892
2020Q4,SW16,LA23,0.004176312322752947,0.012930122793450296
2021Q2,SW16,LA23,0.012241251228947564,0.0378996754321838
2021Q3,SW16,LA23,0.013415463961986812,0.04153511111095559
2021Q4,SW16,LA23,0.004145416289543368,0.012834466752341029
2022Q1,SW16,LA23,0.0032751896973122157,0.010140191078950443
2022Q2,SW16,LA23,0.002472126363970522,0.007653857033851809
2022Q3,SW16,LA23,0.005493959247759881,0.017009639654756572
2022Q4,SW16,LA23,0.0039666256393146825,0.012280919775218918
2023Q2,SW16,LA23,0.003493937348917765,0.010817447418383934
2023Q3,SW16,LA23,0.006144480714945125,0.01902369459137014
2019Q1,SW17,LA23,0.004306366370302296,0.015166362926079572
2019Q2,SW17,LA23,0.014817375577347587,0.05218452781162377
2019Q3,SW17,LA23,0.01814718633249116,0.06391161140022365
2019Q4,SW17,LA23,0.005352435467485225,0.018850458102709668
2020Q1,SW17,LA23,0.0040211270556997185,0.014161793738496685
2020Q3,SW17,LA23,0.033252141607474625,0.11710895087009278
2020Q4,SW17,LA23,0.009361183128719322,0.0329686535095443
2021Q2,SW17,LA23,0.02810572143594714,0.09898404709280374
2021Q3,SW17,LA23,0.04321511112088844,0.15219700387550705
2021Q4,SW17,LA23,0.013658146907536948,0.048101901948225514
2022Q1,SW17,LA23,0.009734966934748476,0.034285062837190884
2022Q2,SW17,LA23,0.018730413890325086,0.06596564954978765
2022Q3,SW17,LA23,0.01709202258895952,0.060195486271808665
2022Q4,SW17,LA23,0.008269866626225891,0.029125203900106325
2023Q1,SW17,LA23,0.00681806954757681,0.024012196901524268
2023Q2,SW17,LA23,0.014966790557315745,0.052710744491286085
2023Q3,SW17,LA23,0.008316345812080234,0.029288896475368142
2019Q1,SW18,LA23,0.005520632888538167,0.03079278585939896
2019Q2,SW18,LA23,0.011557644297648141,0.06446580909871384
2019Q3,SW18,LA23,0.015570388648581224,0.08684794897317202
2019Q4,SW18,LA23,0.008400691440041462,0.04685707197106885
2020Q1,SW18,LA23,0.004940063524662021,0.027554507122284917
2020Q3,SW18,LA23,0.016214021108716576,0.09043797876092596
2020Q4,SW18,LA23,0.005611098941733031,0.031297384129165835
2021Q2,SW18,LA23,0.007485297867249517,0.04175122290753578
2021Q3,SW18,LA23,0.013473505050785815,0.07515202770786622
2021Q4,SW18,LA23,0.007069003656280454,0.03942923215906705
2022Q1,SW18,LA23,0.003156965820216392,0.017608809430019228
2022Q2,SW18,LA23,0.005327697405553158,0.029716637321326136
2022Q3,SW18,LA23,0.003679358991695553,0.020522595111578928
2022Q4,SW18,LA23,0.0015275657791511204,0.008520400989025335
2023Q1,SW18,LA23,0.004244113971720467,0.023672664952129614
2023Q2,SW18,LA23,0.00802760160724957,0.04477606503591622
2023Q3,SW18,LA23,0.006661459206868422,0.037156045513205095
2019Q1,SW19,LA23,0.006626842155652726,0.04189018807081017
2019Q2,SW19,LA23,0.019270611073459964,0.12181511240886995
2019Q3,SW19,LA23,0.023163768605362425,0.1464248884334238
2019Q4,SW19,LA23,0.008829841824933404,0.05581598685981278
2020Q1,SW19,LA23,0.0038166035650454393,0.02412585623381737
2020Q3,SW19,LA23,0.029457515792718412,0.18620948676184235
2020Q4,SW19,LA23,0.008449554018260452,0.05341207752133892
2021Q2,SW19,LA23,0.02559456579502624,0.16179066130763592
2021Q3,SW19,LA23,0.033121926457270884,0.20937328760412535
2021Q4,SW19,LA23,0.015787342672931786,0.09979636426730308
2022Q1,SW19,LA23,0.005015388587957458,0.03170372347235108
2022Q2,SW19,LA23,0.01630369591957651,0.1030603826496438
2022Q3,SW19,LA23,0.017394278264098062,0.10995426942794044
2022Q4,SW19,LA23,0.007956065164226991,0.05029259158508847
2023Q1,SW19,LA23,0.0035370266022655135,0.022358569300458462
2023Q2,SW19,LA23,0.009746865243250215,0.06161275741150925
2023Q3,SW19,LA23,0.011082093157337693,0.07005311967225948
2019Q1,SW1A,LA23,0.012995019176146963,0.0064448890343143505
2019Q2,SW1A,LA23,0.018376541510822283,0.00911385887672365
2019Q3,SW1A,LA23,0.008009449993689717,0.003972292440319845
2020Q1,SW1A,LA23,0.00649809272968205,0.003222733726654104
2021Q3,SW1A,LA23,0.03571479938758818,0.017712780244165206
2021Q4,SW1A,LA23,0.0072741084252847124,0.0036075992646923743
2019Q4,SW1P,LA23,0.004513119412512279,0.004070262157404546
2020Q3,SW1P,LA23,0.008691051823271045,0.00783822808814405
2021Q2,SW1P,LA23,0.006310029591250182,0.0056908475734462095
2021Q3,SW1P,LA23,0.016962498583835115,0.015298025549556503
2021Q4,SW1P,LA23,0.028133260799652882,0.02537263837507829
2022Q1,SW1P,LA23,0.005530064429791225,0.0049874177745406435
2022Q2,SW1P,LA23,0.009792094225108577,0.00883122889584978
2022Q3,SW1P,LA23,0.012703515214269174,0.01145696191846819
2023Q3,SW1P,LA23,0.010098981535013488,0.009108002384410835
2019Q1,SW1V,LA23,0.005209614745832096,0.016003407512566337
2019Q2,SW1V,LA23,0.021554775126703528,0.06621408050764968
2019Q3,SW1V,LA23,0.017361640149680734,0.05333319563105153
2019Q4,SW1V,LA23,0.007994289634279223,0.02455764601273237
2020Q1,SW1V,LA23,0.00646193231961672,0.01985039993834169
2020Q3,SW1V,LA23,0.0204457960990566,0.06280740954094871
2020Q4,SW1V,LA23,0.008757537971578595,0.026902267404335788
2021Q2,SW1V,LA23,0.020732637948281576,0.06368855857571716
2021Q3,SW1V,LA23,0.011558382577791996,0.03550617763559937
2021Q4,SW1V,LA23,0.005838091898372119,0.01793402550931589
2022Q1,SW1V,LA23,0.007870392408192388,0.0241770463147738
2022Q2,SW1V,LA23,0.012818302507964544,0.03937652372825174
2022Q3,SW1V,LA23,0.005994352096698582,0.018414040971843803
2022Q4,SW1V,LA23,0.004076251689646803,0.012521831286160776
2023Q1,SW1V,LA23,0.005073549042183162,0.015585427487129697
2023Q2,SW1V,LA23,0.007073039382329218,0.021727658782907847
2023Q3,SW1V,LA23,0.007789426135825611,0.023928326147414858
2019Q2,SW1W,LA23,0.028004734025139637,0.02407842587632101
2019Q3,SW1W,LA23,0.0140830955626567,0.012108623217423464
2019Q4,SW1W,LA23,0.009979982912251207,0.008580773471509264
2020Q1,SW1W,LA23,0.007574103935182755,0.006512202544724575
2020Q3,SW1W,LA23,0.01023780971909119,0.008802452550905344
2021Q2,SW1W,LA23,0.012180004086598112,0.0104723481861734
2021Q3,SW1W,LA23,0.04981464503022677,0.042830552750074816
2021Q4,SW1W,LA23,0.020176251064943525,0.017347508649543878
2022Q2,SW1W,LA23,0.024325193985971254,0.020914763189414654
2022Q3,SW1W,LA23,0.012636961316985737,0.010865239287751452
2023Q2,SW1W,LA23,0.008330177262090215,0.007162273191446741
2023Q3,SW1W,LA23,0.009344581949275704,0.00803445673181038
2019Q1,SW1X,LA23,0.012433396597069036,0.0094419670509896
2019Q2,SW1X,LA23,0.012415592437763944,0.00942844650700817
2019Q3,SW1X,LA23,0.009218555724899396,0.007000605082663428
2021Q3,SW1X,LA23,0.019084440215121345,0.014492794007731928
2022Q2,SW1X,LA23,0.002761548880450167,0.0020971303646064275
2022Q3,SW1X,LA23,0.011501010864048915,0.008733909900133171
2023Q3,SW1X,LA23,0.018658378114103785,0.014169240883042606
2019Q1,SW2,LA23,0.0024333090351191023,0.008376157752431994
2019Q2,SW2,LA23,0.011858414388577952,0.040820112932172865
2019Q3,SW2,LA23,0.011859401583328452,0.040823511143761766
2019Q4,SW2,LA23,0.008518335468909767,0.029322589381760376
2020Q1,SW2,LA23,0.006142136700314232,0.021143021784865868
2020Q3,SW2,LA23,0.01366481274884272,0.04703826172089487
2020Q4,SW2,LA23,0.0050509924430016786,0.01738698574587469
2021Q2,SW2,LA23,0.01121302006733129,0.0385984778791385
2021Q3,SW2,LA23,0.015883228390507386,0.05467469388255671
2021Q4,SW2,LA23,0.0042883319878818695,0.01476168653750167
2022Q1,SW2,LA23,0.002333644373605925,0.008033082986699965
2022Q2,SW2,LA23,0.005519636895621703,0.01900019631974466
2022Q3,SW2,LA23,0.005642364106838035,0.0194226590923837
2022Q4,SW2,LA23,0.002136793539527631,0.007355465135395312
2023Q1,SW2,LA23,0.0031777588977137416,0.01093877080234565
2023Q3,SW2,LA23,0.006190572255519583,0.02130975105984544
2019Q1,SW20,LA23,0.00387336441248674,0.007743367373151337
2019Q2,SW20,LA23,0.021276035522855213,0.04253360689910296
2019Q3,SW20,LA23,0.017124764799775757,0.03423466808235101
2020Q1,SW20,LA23,0.003796473624313899,0.007589652525533574
2020Q3,SW20,LA23,0.024996197029086002,0.04997070141500649
2020Q4,SW20,LA23,0.01072883279863457,0.021448354711248663
2021Q2,SW20,LA23,0.01961836271706311,0.039219699878541986
2021Q3,SW20,LA23,0.03620568767100235,0.07237995467980178
2021Q4,SW20,LA23,0.013116497922620766,0.02622161285331338
2022Q1,SW20,LA23,0.0023149696939638955,0.004627930369857894
2022Q2,SW20,LA23,0.010188101766662721,0.020367361914102284
2022Q3,SW20,LA23,0.01748133407569111,0.03494749718990677
2022Q4,SW20,LA23,0.005685180463430611,0.011365427112690162
2023Q2,SW20,LA23,0.00979337643170581,0.0195782538017315
2023Q3,SW20,LA23,0.008197657492395394,0.016388200748230376
2019Q1,SW3,LA23,0.003460019227594362,0.013734631311532549
2019Q2,SW3,LA23,0.0143703699694379,0.05704353656952794
2019Q3,SW3,LA23,0.01508590313328109,0.059883863038867675
2019Q4,SW3,LA23,0.005933311592219644,0.023552426103781388
2020Q1,SW3,LA23,0.0031825415721115392,0.012633176942478444
2020Q3,SW3,LA23,0.008492338978793043,0.033710548171541434
2020Q4,SW3,LA23,0.007117609685924065,0.02825352647636232
2021Q2,SW3,LA23,0.00870047454195454,0.034536747401893365
2021Q3,SW3,LA23,0.020442420389398957,0.08114668985783638
2021Q4,SW3,LA23,0.006901441587245442,0.027395441898973968
2022Q1,SW3,LA23,0.002486843853116763,0.00987158775867763
2022Q2,SW3,LA23,0.006851297436953712,0.027196393462712583
2022Q3,SW3,LA23,0.005890598903358728,0.02338287703620676
2022Q4,SW3,LA23,0.0035683764924274533,0.01416475813584021
2023Q2,SW3,LA23,0.00798113457556468,0.031681309736339085
2023Q3,SW3,LA23,0.004410718074117004,0.017508453734584862
2019Q1,SW4,LA23,0.0067586992274817044,0.03672374961767046
2019Q2,SW4,LA23,0.014966425863618375,0.08132086627736186
2019Q3,SW4,LA23,0.011690342489878136,0.06352009404375601
2019Q4,SW4,LA23,0.00800155343562517,0.043476863673336905
2020Q1,SW4,LA23,0.0036622822118998703,0.019899204040948464
2020Q3,SW4,LA23,0.00734675991227613,0.03991900844211632
2020Q4,SW4,LA23,0.004296011311832765,0.0233426046137594
2021Q2,SW4,LA23,0.005752144470395638,0.03125458112362034
2021Q3,SW4,LA23,0.005745664132932808,0.03121936986736924
2021Q4,SW4,LA23,0.0021977658652433973,0.0119416770353212
2022Q1,SW4,LA23,0.002056316199473598,0.011173102797232376
2022Q2,SW4,LA23,0.0025743839170103413,0.013988051133216587
2022Q3,SW4,LA23,0.00575604331819155,0.03127576571927038
2022Q4,SW4,LA23,0.0010002474060442164,0.005434897168664042
2023Q1,SW4,LA23,0.00053737566344756,0.0029198590809952065
2023Q2,SW4,LA23,0.0016984206011156945,0.009228458139881764
2023Q3,SW4,LA23,0.004066764384092211,0.02209697931048618
2019Q1,SW5,LA23,0.00697338202366341,0.013702456754999195
2019Q2,SW5,LA23,0.027150658839943,0.053350114386621884
2019Q3,SW5,LA23,0.029385632267607768,0.05774176059748878
2019Q4,SW5,LA23,0.01004556899099983,0.01973919888677249
2020Q1,SW5,LA23,0.006370005430531261,0.012516842422338751
2020Q3,SW5,LA23,0.04239366332042383,0.08330209593607399
2020Q4,SW5,LA23,0.007952663926921066,0.015626712142816315
2021Q2,SW5,LA23,0.05385814975162136,0.10582941897799053
2021Q3,SW5,LA23,0.04282501981519686,0.08414969666919866
2021Q4,SW5,LA23,0.01938764017226106,0.03809604868059858
2022Q1,SW5,LA23,0.008165821665914513,0.01604555979674374
2022Q2,SW5,LA23,0.028585324858129525,0.05616918395793733
2022Q4,SW5,LA23,0.008736082090378598,0.01716610199259516
2023Q1,SW5,LA23,0.00449651338174991,0.008835494735929483
2023Q2,SW5,LA23,0.023893426081238033,0.0469497636148346
2023Q3,SW5,LA23,0.009152977858166577,0.01798528789264656
2019Q1,SW6,LA23,0.005529496987329568,0.042650953652481914
2019Q2,SW6,LA23,0.017435457855848394,0.13448581428357495
2019Q3,SW6,LA23,0.016138995594096657,0.1244857452058866
2019Q4,SW6,LA23,0.00782860397477532,0.0603847738875487
2020Q1,SW6,LA23,0.003961676491367107,0.03055780314314415
2020Q3,SW6,LA23,0.03071557929705795,0.23692005837236746
2020Q4,SW6,LA23,0.012594362841659023,0.09714474699470953
2021Q2,SW6,LA23,0.01825328202456521,0.1407939795282161
2021Q3,SW6,LA23,0.024841928191484338,0.19161452304994847
2021Q4,SW6,LA23,0.015429343521921754,0.11901194935988565
2022Q1,SW6,LA23,0.006932359722898223,0.05347172698008053
2022Q2,SW6,LA23,0.01569653047511331,0.12107285623500165
2022Q3,SW6,LA23,0.010398525523849518,0.08020748201655943
2022Q4,SW6,LA23,0.005408089275508872,0.0417144933014258
2023Q1,SW6,LA23,0.005326500893507072,0.041085173436108284
2023Q2,SW6,LA23,0.011721983941410677,0.09041578193203666
2023Q3,SW6,LA23,0.01201759184752382,0.09269590960582492
2019Q1,SW7,LA23,0.005464523813625439,0.02045463087980061
2019Q2,SW7,LA23,0.01808631365875611,0.0677001112052451
2019Q3,SW7,LA23,0.016150462482649182,0.06045389495731472
2019Q4,SW7,LA23,0.00801286044630509,0.029993483112261424
2020Q1,SW7,LA23,0.001797124929643615,0.006726940596194359
2020Q3,SW7,LA23,0.013569984319182148,0.05079473157413145
2020Q4,SW7,LA23,0.005691252953278237,0.021303316148538767
2021Q2,SW7,LA23,0.009034841367236248,0.03381892943051557
2021Q3,SW7,LA23,0.015733086162184218,0.05889158525490426
2021Q4,SW7,LA23,0.005411984772915299,0.02025796842188889
2022Q1,SW7,LA23,0.0033710361995643,0.012618354955760832
2022Q2,SW7,LA23,0.00963090837358705,0.0360501083969486
2022Q3,SW7,LA23,0.01581019493075586,0.0591802163328394
2022Q4,SW7,LA23,0.010479780881707815,0.039227580837333305
2023Q1,SW7,LA23,0.0057507843222005355,0.02152615206592257
2023Q2,SW7,LA23,0.0137159539995669,0.051341120616204564
2023Q3,SW7,LA23,0.012608964138133784,0.04719747154895428
2019Q1,SW8,LA23,0.005209135499009601,0.022682194727522014
2019Q2,SW8,LA23,0.02261765377432386,0.09848429308211044
2019Q3,SW8,LA23,0.01308818686110665,0.05699003281259608
2019Q4,SW8,LA23,0.00913438937123478,0.03977396987940642
2020Q1,SW8,LA23,0.008197863147330635,0.035696043670333265
2020Q3,SW8,LA23,0.009697191800854946,0.042224586551634316
2020Q4,SW8,LA23,0.0028595756657404684,0.012451481076032795
2021Q2,SW8,LA23,0.006098304888982172,0.026553914565284803
2021Q3,SW8,LA23,0.003999145145365252,0.01741352071721792
2021Q4,SW8,LA23,0.003881317623072672,0.016900463069665868
2022Q1,SW8,LA23,0.0036265836857149398,0.01579127234656891
2022Q2,SW8,LA23,0.004006434643996375,0.01744526145950588
2022Q3,SW8,LA23,0.010866384208857684,0.047315613628449785
2022Q4,SW8,LA23,0.0045895945344861435,0.019984520842542517
2023Q1,SW8,LA23,0.0023183428459650113,0.01009478518793259
2023Q2,SW8,LA23,0.0047316650362808615,0.020603139956473653
2023Q3,SW8,LA23,0.006854320544278278,0.029845841664079168
2019Q2,SW9,LA23,0.012263097122750016,0.048622912856943104
2019Q3,SW9,LA23,0.014504027161404262,0.05750815162634437
2019Q4,SW9,LA23,0.007949785473688579,0.03152072616316925
2020Q1,SW9,LA23,0.002649217316426797,0.010504088928461363
2020Q3,SW9,LA23,0.00767563670486176,0.0304337322689616
2020Q4,SW9,LA23,0.002386246756678787,0.009461416389658077
2021Q2,SW9,LA23,0.003061370467485982,0.012138267190858688
2021Q3,SW9,LA23,0.012070314045456072,0.04785853215655976
2021Q4,SW9,LA23,0.0025898980437785565,0.01026888930508385
2022Q1,SW9,LA23,0.003510668825549307,0.013919725389567109
2022Q2,SW9,LA23,0.003974245385421293,0.01575779634729938
2022Q3,SW9,LA23,0.005918560825582986,0.02346696469743887
2023Q1,SW9,LA23,0.0018446050857686472,0.007313818967837537
2023Q2,SW9,LA23,0.004542401111797323,0.018010521421253613
2023Q3,SW9,LA23,0.004368819754177095,0.017322275120936818
2019Q1,SY1,LA23,0.01054353472557428,0.040898127193969465
2019Q2,SY1,LA23,0.010100659071765336,0.03918022278221119
2019Q3,SY1,LA23,0.018622977161309288,0.07223809742155808
2019Q4,SY1,LA23,0.009874002171499478,0.03830102591154701
2020Q1,SY1,LA23,0.007496005952575337,0.029076833611744957
2020Q3,SY1,LA23,0.015426928472083509,0.059840698521451026
2020Q4,SY1,LA23,0.00927997842523528,0.035996821547139415
2021Q2,SY1,LA23,0.012575189508327377,0.04877886907816207
2021Q3,SY1,LA23,0.018082132044688063,0.07014017173083513
2021Q4,SY1,LA23,0.01293385168554083,0.050170111363139036
2022Q1,SY1,LA23,0.010688662244116215,0.04146107347974176
2022Q2,SY1,LA23,0.01676129641420786,0.06501668088798937
2022Q3,SY1,LA23,0.010040919321325194,0.03894849367279682
2022Q4,SY1,LA23,0.0073417823347464144,0.028478603767347312
2023Q1,SY1,LA23,0.01033027966011855,0.040070915730378284
2023Q2,SY1,LA23,0.01517186490109354,0.0588513128324569
2023Q3,SY1,LA23,0.00912254880519865,0.03538615569437383
2019Q2,SY10,LA23,0.030693084376394293,0.011817244649267495
2019Q3,SY10,LA23,0.029014600338287736,0.011171006028379641
2019Q4,SY10,LA23,0.020161338815296505,0.007762382897574418
2020Q3,SY10,LA23,0.02485914108619309,0.0095710990913684
2021Q2,SY10,LA23,0.009485369071913436,0.0036519929224709756
2021Q3,SY10,LA23,0.06174522687326965,0.023772731438067053
2021Q4,SY10,LA23,0.04388922147168943,0.016897932486567742
2022Q1,SY10,LA23,0.018874025313257967,0.0072667501222123424
2022Q2,SY10,LA23,0.005686714437451647,0.0021894604965010107
2022Q3,SY10,LA23,0.014089087598897355,0.005424485626774597
2022Q4,SY10,LA23,0.006955812124800508,0.0026780799415625604
2023Q2,SY10,LA23,0.012893604337923277,0.004964208712412091
2023Q3,SY10,LA23,0.026214059673677854,0.010092760721454087
2019Q1,SY11,LA23,0.01426786005047096,0.0347092608668115
2019Q2,SY11,LA23,0.018105696458641688,0.04404552184667356
2019Q3,SY11,LA23,0.022831780023854963,0.055542611582840636
2019Q4,SY11,LA23,0.013117055997714237,0.03190971293653876
2020Q1,SY11,LA23,0.009207205172709069,0.02239826330391197
2020Q3,SY11,LA23,0.035262544276161004,0.08578279039598251
2020Q4,SY11,LA23,0.008331708401478313,0.02026845226615256
2021Q2,SY11,LA23,0.011952401875520923,0.029076472099873792
2021Q3,SY11,LA23,0.03666740496742404,0.08920037902119253
2021Q4,SY11,LA23,0.020090120141349883,0.04887300676941246
2022Q1,SY11,LA23,0.013909511794683568,0.03383751114069326
2022Q2,SY11,LA23,0.013700007203570909,0.033327851704730134
2022Q3,SY11,LA23,0.014980425318158009,0.03644271028902971
2022Q4,SY11,LA23,0.01615506575651161,0.03930024472343672
2023Q1,SY11,LA23,0.012417389721734222,0.030207642744737355
2023Q2,SY11,LA23,0.014554936918900125,0.03540762949952082
2023Q3,SY11,LA23,0.016721491986817334,0.04067818337155495
2019Q1,SY12,LA23,0.020563694384134898,0.009709630440397393
2019Q4,SY12,LA23,0.012869842000293286,0.006076797647097962
2020Q3,SY12,LA23,0.0154451272902017,0.007292778976935951
2020Q4,SY12,LA23,0.015653379638535355,0.0073911102058918125
2021Q2,SY12,LA23,0.0061843291118760324,0.0029200759881179033
2021Q3,SY12,LA23,0.04718615396423877,0.02228004892204224
2021Q4,SY12,LA23,0.01156106786705228,0.0054588292545349176
2022Q1,SY12,LA23,0.021633437696972343,0.010214734826783894
2022Q3,SY12,LA23,0.012513975487405477,0.005908766929382212
2022Q4,SY12,LA23,0.01015184260108563,0.004793430504475515
2023Q1,SY12,LA23,0.008108519559788337,0.0038286276227203642
2023Q2,SY12,LA23,0.016691425718942606,0.007881248000812241
2023Q3,SY12,LA23,0.027256251101981082,0.012869678008592136
2019Q1,SY13,LA23,0.01989122671918466,0.02521400696601274
2019Q2,SY13,LA23,0.02176056739325297,0.027583572676726283
2019Q3,SY13,LA23,0.023700579446052864,0.03004272102911358
2019Q4,SY13,LA23,0.018373816962609462,0.023290546904312176
2020Q1,SY13,LA23,0.018944264467609225,0.024013642949008908
2020Q3,SY13,LA23,0.014278014143739585,0.01809873031781696
2020Q4,SY13,LA23,0.009363358771947343,0.011868940846843557
2021Q2,SY13,LA23,0.012669170795472091,0.0160593695502221
2021Q3,SY13,LA23,0.031335084715696175,0.039720176912977634
2021Q4,SY13,LA23,0.01459178593906042,0.01849646567846857
2022Q1,SY13,LA23,0.012623767714382221,0.016001816860333227
2022Q2,SY13,LA23,0.039407079472725565,0.04995219200720303
2022Q3,SY13,LA23,0.012006377074034515,0.015219215961643346
2022Q4,SY13,LA23,0.015657845719926882,0.01984779705286933
2023Q1,SY13,LA23,0.012448315607055028,0.015779414757194826
2023Q2,SY13,LA23,0.03510359748520213,0.044497122476128186
2023Q3,SY13,LA23,0.029745292408991517,0.03770496513837634
2019Q3,SY14,LA23,0.27216161904527103,0.034766162835332286
2020Q3,SY14,LA23,0.05456544892405917,0.006970238085485882
2020Q4,SY14,LA23,0.08010317028421668,0.010232448908470795
2021Q2,SY14,LA23,0.05998101482698226,0.0076620272021400565
2021Q3,SY14,LA23,0.07815553626749862,0.00998365643873762
2021Q4,SY14,LA23,0.07818383667460002,0.009987271557449232
2022Q1,SY14,LA23,0.0727960051706363,0.009299025257132441
2022Q2,SY14,LA23,0.18089563618397972,0.023107766502253047
2022Q3,SY14,LA23,0.04198535195934671,0.005363245515799882
2022Q4,SY14,LA23,0.06219806871930561,0.00794523560200778
2023Q1,SY14,LA23,0.08859159439020932,0.011316767614831856
2023Q2,SY14,LA23,0.031754754792192134,0.0040563801015519535
2023Q3,SY14,LA23,0.05332645710116005,0.0068119681882914855
2019Q1,SY16,LA23,0.004026726079346371,0.004655549876814613
2019Q2,SY16,LA23,0.009529376404672765,0.011017508087884572
2019Q3,SY16,LA23,0.011776563466875476,0.013615621603546265
2019Q4,SY16,LA23,0.00405624331353571,0.0046896765974522355
2020Q1,SY16,LA23,0.0069568744012562045,0.008043277621466713
2020Q3,SY16,LA23,0.010946703937865905,0.0126561690974843
2021Q3,SY16,LA23,0.011737790828745412,0.01357079413152227
2021Q4,SY16,LA23,0.005552992218382363,0.0064201616223269215
2022Q2,SY16,LA23,0.00446835893495041,0.0051661492436427675
2022Q3,SY16,LA23,0.0065046728749360684,0.0075204591533933095
2022Q4,SY16,LA23,0.0032041207858579074,0.0037044844461635897
2023Q1,SY16,LA23,0.005837971108638326,0.006749643541703286
2021Q3,SY18,LA23,0.02325793067838404,0.004745132518488372
2019Q1,SY2,LA23,0.009867017694557884,0.014651714626294412
2019Q2,SY2,LA23,0.018576452035613738,0.027584512607591302
2019Q3,SY2,LA23,0.033156188566663365,0.04923422943107678
2019Q4,SY2,LA23,0.0191472583640862,0.028432113340715975
2020Q1,SY2,LA23,0.004085820305477242,0.006067109128950841
2020Q3,SY2,LA23,0.009523842483172241,0.014142127492705513
2020Q4,SY2,LA23,0.00480041159411171,0.00712821877318335
2021Q2,SY2,LA23,0.011006390558692968,0.016343590183329076
2021Q3,SY2,LA23,0.02246726429319093,0.03336205072774198
2021Q4,SY2,LA23,0.007413957656304652,0.011009121012473632
2022Q1,SY2,LA23,0.008694875687791905,0.012911179571401449
2022Q2,SY2,LA23,0.020623038370029368,0.03062352600132125
2022Q3,SY2,LA23,0.01711688618196787,0.02541717663760536
2022Q4,SY2,LA23,0.008285237059331712,0.012302899696985522
2023Q1,SY2,LA23,0.0072369653331793935,0.0107463018821394
2023Q2,SY2,LA23,0.01855829023739483,0.027557543822002675
2023Q3,SY2,LA23,0.019671126425848142,0.02921001458508076
2020Q3,SY20,LA23,0.013211924401024257,0.0039850176581847216
2023Q3,SY20,LA23,0.03190652415766624,0.009623735219809476
2019Q1,SY21,LA23,0.006108282705384904,0.008588799035049045
2019Q2,SY21,LA23,0.009397263077485491,0.013213403495692251
2019Q3,SY21,LA23,0.022408434874704602,0.03150829015480131
2019Q4,SY21,LA23,0.013107071681431106,0.018429730587052204
2020Q1,SY21,LA23,0.008320047702495104,0.011698741057900836
2020Q3,SY21,LA23,0.008288578142635726,0.0116544920048707
2020Q4,SY21,LA23,0.004422038789586543,0.006217787276850851
2021Q2,SY21,LA23,0.016071483651844774,0.022597962461541447
2021Q3,SY21,LA23,0.02114019104403188,0.02972502439673708
2021Q4,SY21,LA23,0.003573543352920525,0.005024725799644485
2022Q1,SY21,LA23,0.0102845812554813,0.014461053265443969
2022Q2,SY21,LA23,0.010065425595153409,0.014152900546466115
2022Q3,SY21,LA23,0.0075293493006035,0.010586947449331521
2022Q4,SY21,LA23,0.007914799988031442,0.011128926046576473
2023Q1,SY21,LA23,0.003119908619130597,0.0043868742541675705
2023Q2,SY21,LA23,0.008825977440168999,0.01241012411797195
2023Q3,SY21,LA23,0.013036573696844165,0.018330604031979787
2021Q3,SY22,LA23,0.29463627463460784,0.01163041531425136
2019Q2,SY23,LA23,0.010167483386079831,0.02015096090802516
2019Q3,SY23,LA23,0.007077262165054428,0.014026443693933913
2019Q4,SY23,LA23,0.004472862375556469,0.008864777197493543
2020Q1,SY23,LA23,0.0028179613018627318,0.005584924595195962
2020Q3,SY23,LA23,0.005567884984907509,0.011035005262448777
2021Q2,SY23,LA23,0.008648475143537235,0.01714043464974271
2021Q3,SY23,LA23,0.008608856455045923,0.01706191427132649
2021Q4,SY23,LA23,0.005030187149112434,0.009969340568639636
2022Q1,SY23,LA23,0.0021762917697506763,0.004313198134824906
2022Q2,SY23,LA23,0.006062243039922033,0.012014774735670005
2022Q3,SY23,LA23,0.007597667866093626,0.015057837062356966
2022Q4,SY23,LA23,0.003878472604295925,0.007686754614127486
2023Q1,SY23,LA23,0.002075749315347309,0.004113932791440824
2023Q2,SY23,LA23,0.009995218701866228,0.019809549096900476
2023Q3,SY23,LA23,0.008617721410205581,0.017079483748264918
2019Q1,SY3,LA23,0.009888663534212515,0.020589691714866454
2019Q2,SY3,LA23,0.017013333588262958,0.03542433134796846
2019Q3,SY3,LA23,0.031284758697725484,0.0651395949241842
2019Q4,SY3,LA23,0.020869597065014074,0.04345365461120835
2020Q1,SY3,LA23,0.008564744097240529,0.01783309139488767
2020Q3,SY3,LA23,0.026330148376526398,0.05482334756397822
2020Q4,SY3,LA23,0.030387642329520827,0.06327166308589399
2021Q2,SY3,LA23,0.0297929099107772,0.06203334032241822
2021Q3,SY3,LA23,0.03959292091593895,0.08243844407586977
2021Q4,SY3,LA23,0.042066197994529146,0.0875881806805618
2022Q1,SY3,LA23,0.025252046116659918,0.05257857575118954
2022Q2,SY3,LA23,0.04425754405730925,0.0921508943088622
2022Q3,SY3,LA23,0.04603826882904928,0.09585863236186626
2022Q4,SY3,LA23,0.027959299200241903,0.058215485753458474
2023Q1,SY3,LA23,0.01541803948833299,0.032102687973364644
2023Q2,SY3,LA23,0.017111882698112577,0.035629525486039586
2023Q3,SY3,LA23,0.014631625925695824,0.030465256104126863
2019Q1,SY4,LA23,0.015330801982016334,0.008480562380823366
2019Q2,SY4,LA23,0.0137252196237589,0.007592400015754399
2019Q3,SY4,LA23,0.03419338847253756,0.01891480721577637
2019Q4,SY4,LA23,0.04660371404516737,0.025779845346754333
2020Q1,SY4,LA23,0.017311246779502215,0.009576087955190427
2020Q3,SY4,LA23,0.060125164302553484,0.03325952596108065
2020Q4,SY4,LA23,0.030131071662488632,0.016667649424638022
2021Q2,SY4,LA23,0.04223763841058326,0.023364656837900236
2021Q3,SY4,LA23,0.08524565311712624,0.04715546386952535
2021Q4,SY4,LA23,0.05904436321818107,0.03266165762855417
2022Q1,SY4,LA23,0.030913864949984868,0.017100668343914972
2022Q2,SY4,LA23,0.021115812986288056,0.011680665464342774
2022Q3,SY4,LA23,0.04890856908469126,0.02705482541396584
2022Q4,SY4,LA23,0.02307913540597096,0.012766719427685407
2023Q1,SY4,LA23,0.01652400951608765,0.00914061075518958
2023Q2,SY4,LA23,0.015091611513470984,0.008348249035978347
2023Q3,SY4,LA23,0.021111369010369724,0.011678207183618878
2019Q3,SY5,LA23,0.0231842057830824,0.006997640685319904
2021Q3,SY5,LA23,0.03652944310963272,0.011025605953798584
2022Q2,SY5,LA23,0.02340530888939017,0.007064375776736274
2022Q3,SY5,LA23,0.02032974791226614,0.006136085593968408
2022Q4,SY5,LA23,0.01385978713407914,0.004183270768329553
2023Q3,SY5,LA23,0.02043826330463604,0.006168838569495618
2019Q2,SY6,LA23,0.020423227132246376,0.005767560392506628
2019Q3,SY6,LA23,0.028361582158727906,0.008009367807951787
2019Q4,SY6,LA23,0.01730303321146555,0.004886411357738189
2020Q3,SY6,LA23,0.012468998468028871,0.003521270229859066
2020Q4,SY6,LA23,0.011436187909529662,0.003229602452206168
2021Q2,SY6,LA23,0.017695521705808456,0.0049972508974362295
2021Q3,SY6,LA23,0.019948298132242404,0.0056334394883058025
2021Q4,SY6,LA23,0.04591296099283704,0.01296591246869526
2022Q2,SY6,LA23,0.012504586139727282,0.0035313202598773494
2022Q3,SY6,LA23,0.0246719854907725,0.006967418292890825
2021Q3,SY7,LA23,0.008774762356890481,0.0018026427943584706
2021Q4,SY7,LA23,0.03729977897262995,0.0076626779235081455
2022Q1,SY7,LA23,0.017624489593534597,0.003620685994428411
2022Q2,SY7,LA23,0.032323237189923734,0.006640322351864124
2019Q1,SY8,LA23,0.007150305701299454,0.008778737372157166
2019Q2,SY8,LA23,0.009105351935943196,0.01117903159191942
2019Q3,SY8,LA23,0.015932231107913676,0.019560684324793062
2019Q4,SY8,LA23,0.010973652490014913,0.013472824414437569
2020Q1,SY8,LA23,0.004595459903433636,0.00564204347083944
2020Q3,SY8,LA23,0.015644197758505802,0.019207053412423132
2020Q4,SY8,LA23,0.003786128003840017,0.00464839194176562
2021Q3,SY8,LA23,0.01331184020313905,0.016343517880954846
2021Q4,SY8,LA23,0.0222981744741562,0.02737642637455089
2022Q1,SY8,LA23,0.00785640258524965,0.00964564283920185
2022Q2,SY8,LA23,0.017353494010103332,0.0213056298245142
2022Q3,SY8,LA23,0.009472357422246584,0.011629619988134806
2022Q4,SY8,LA23,0.010670955410489976,0.0131011902108838
2023Q1,SY8,LA23,0.008510911406619323,0.01044921142641908
2023Q2,SY8,LA23,0.02149320047026002,0.026388125221170254
2023Q3,SY8,LA23,0.013946502931940651,0.017122720568055808
2022Q3,SY9,LA23,0.08389531311061789,0.011120466668791296
2023Q2,SY9,LA23,0.04844005904091818,0.0064208123436950105
2019Q1,TA1,LA23,0.0031852066849177045,0.01824658867312191
2019Q2,TA1,LA23,0.007946955945125447,0.04552446691159424
2019Q3,TA1,LA23,0.009412644518023584,0.0539207247240628
2019Q4,TA1,LA23,0.00674686008227317,0.038649667960094926
2020Q1,TA1,LA23,0.0036131109594358226,0.020697856066717903
2020Q3,TA1,LA23,0.0075119079423420655,0.0430322763741828
2020Q4,TA1,LA23,0.002758021831797325,0.01579944251485716
2021Q2,TA1,LA23,0.003560214554559988,0.02039483681631054
2021Q3,TA1,LA23,0.010972173408328506,0.06285455068894816
2021Q4,TA1,LA23,0.0043117574866362455,0.0247000816899699
2022Q1,TA1,LA23,0.005359171934603536,0.03070023882038168
2022Q2,TA1,LA23,0.00681547016504698,0.03904270366642144
2022Q3,TA1,LA23,0.0066901772489881845,0.038324957997417884
2022Q4,TA1,LA23,0.0029817871293501,0.017081291307620733
2023Q1,TA1,LA23,0.0035049831854985104,0.020078441626670208
2023Q2,TA1,LA23,0.0053169658792695355,0.030458459680949027
2023Q3,TA1,LA23,0.007495184550201648,0.04293647572832506
2019Q3,TA10,LA23,0.006698749043623259,0.0038755518635970954
2019Q4,TA10,LA23,0.012229759736744377,0.007075510342368039
2021Q3,TA10,LA23,0.02744672514472727,0.01587926433600956
2021Q4,TA10,LA23,0.00830688871552625,0.0048059388152176955
2022Q2,TA10,LA23,0.008085188390848297,0.004677674403329682
2022Q3,TA10,LA23,0.013674061119102384,0.00791110888137016
2023Q2,TA10,LA23,0.004687074789766993,0.002711700545580557
2023Q3,TA10,LA23,0.018216418335037884,0.01053908327758977
2021Q2,TA11,LA23,0.03309703476782571,0.00719885819280826
2021Q3,TA11,LA23,0.040371893714593335,0.008781195652881062
2022Q2,TA11,LA23,0.019929157799203092,0.004334744242346118
2023Q3,TA11,LA23,0.02147720523420866,0.00467145639914571
2021Q3,TA12,LA23,0.07372678852876491,0.003398139286541544
2021Q3,TA18,LA23,0.014780027844132054,0.006031608663202806
2021Q4,TA18,LA23,0.011404373094614563,0.004654031526955736
2022Q2,TA18,LA23,0.013626462102563354,0.005560847904576623
2023Q2,TA18,LA23,0.015012122932667606,0.0061263247734470545
2023Q3,TA18,LA23,0.01255280085330728,0.005122695516729185
2019Q2,TA19,LA23,0.0097815574065349,0.00688947633346846
2019Q3,TA19,LA23,0.014463076664408731,0.010186826110330244
2019Q4,TA19,LA23,0.006760768738593811,0.004761834366936022
2020Q3,TA19,LA23,0.0054586073136156385,0.0038446787497999225
2021Q3,TA19,LA23,0.011568654627460795,0.008148188366477708
2022Q2,TA19,LA23,0.013313663855935685,0.009377256426051736
2023Q2,TA19,LA23,0.005495767931340674,0.0038708522092719974
2023Q3,TA19,LA23,0.0029337383811155865,0.002066329553183489
2019Q1,TA2,LA23,0.002701268589269857,0.002299866221953657
2019Q2,TA2,LA23,0.007171112727602374,0.006105501689668166
2019Q3,TA2,LA23,0.014460266366238891,0.01231150367951916
2020Q3,TA2,LA23,0.019787648000702908,0.016847248522230934
2021Q2,TA2,LA23,0.011708724237881107,0.00996883445202001
2021Q3,TA2,LA23,0.049692421135256765,0.042308240398621036
2021Q4,TA2,LA23,0.02807361042618748,0.023901935780820085
2022Q1,TA2,LA23,0.004390782204395257,0.003738321957304283
2022Q2,TA2,LA23,0.014132044696348984,0.012032055003111513
2022Q3,TA2,LA23,0.0287828749506171,0.02450580521040784
2022Q4,TA2,LA23,0.004882223033283455,0.004156735796986317
2023Q2,TA2,LA23,0.017291210114608848,0.014721775626925462
2023Q3,TA2,LA23,0.006632710298856707,0.005647104637035698
2019Q2,TA20,LA23,0.00657966657249172,0.008035541267423863
2019Q3,TA20,LA23,0.006520700711074366,0.007963528102688541
2020Q3,TA20,LA23,0.008629026270105256,0.010538360253847448
2020Q4,TA20,LA23,0.003382011846714552,0.004130345430391545
2021Q2,TA20,LA23,0.006570371752971112,0.008024189794669399
2021Q3,TA20,LA23,0.009191925276486972,0.011225811228047684
2021Q4,TA20,LA23,0.0033481479182700486,0.004088988472330698
2022Q2,TA20,LA23,0.003766947620746307,0.004600455467649639
2022Q3,TA20,LA23,0.0030872417422998944,0.0037703519090891697
2022Q4,TA20,LA23,0.0039481077973899815,0.004821700732800325
2023Q1,TA20,LA23,0.004331208288586456,0.005289569396457219
2023Q2,TA20,LA23,0.004676478272307342,0.005711236842979704
2023Q3,TA20,LA23,0.0067980060272178205,0.008302192423592402
2019Q2,TA21,LA23,0.00607557596651682,0.006773720232322626
2019Q3,TA21,LA23,0.017177383336710667,0.019151235979515832
2019Q4,TA21,LA23,0.003910480016021223,0.004359833166204709
2023Q3,TA21,LA23,0.009773346621799245,0.010896401611045551
2019Q1,TA24,LA23,0.0034771340391676108,0.003912859888700935
2019Q2,TA24,LA23,0.0038373892325896304,0.004318259301021164
2019Q3,TA24,LA23,0.017041349243180917,0.019176831019994046
2019Q4,TA24,LA23,0.007170087089340139,0.008068583452448002
2020Q3,TA24,LA23,0.004057320305727417,0.004565750328018158
2020Q4,TA24,LA23,0.0041313374241191,0.004649042663133711
2021Q2,TA24,LA23,0.008586820996055945,0.009662850804269126
2021Q3,TA24,LA23,0.007598705315721142,0.008550912590951346
2021Q4,TA24,LA23,0.0045278301650870465,0.005095220614520929
2022Q1,TA24,LA23,0.0069288246938880825,0.007797088037205901
2022Q2,TA24,LA23,0.008850378478384659,0.009959435143369815
2022Q3,TA24,LA23,0.012898382393342293,0.014514701627124297
2023Q2,TA24,LA23,0.005507914474068582,0.006198121031059679
2021Q3,TA3,LA23,0.10226538287221926,0.010140335683698909
2021Q4,TA3,LA23,0.0435890617595733,0.004322163629229706
2020Q3,TA4,LA23,0.03355535879012705,0.010167159864539073
2021Q2,TA4,LA23,0.010157762146054107,0.0030777674663184412
2021Q3,TA4,LA23,0.026266338810015968,0.00795861154124075
2021Q4,TA4,LA23,0.010198328288809913,0.0030900588699379248
2022Q2,TA4,LA23,0.011132065445300932,0.003372978060308721
2022Q3,TA4,LA23,0.021712192724753738,0.0065787207290182465
2023Q2,TA4,LA23,0.011544885603933559,0.003498061167730514
2019Q1,TA6,LA23,0.0014315030268600613,0.00612234814286428
2019Q2,TA6,LA23,0.0052327448056024035,0.02237975389610852
2019Q3,TA6,LA23,0.007881846165027025,0.03370960824067641
2019Q4,TA6,LA23,0.004358766706678122,0.018641865753049627
2020Q1,TA6,LA23,0.003575858281994721,0.015293470499979868
2020Q3,TA6,LA23,0.008940059888580437,0.03823544765811837
2020Q4,TA6,LA23,0.0018766066936668512,0.008025997354025205
2021Q2,TA6,LA23,0.004555039013701816,0.019481296317886053
2021Q3,TA6,LA23,0.014998467009000859,0.06414644951172999
2021Q4,TA6,LA23,0.008429058766753978,0.03604996379220013
2022Q1,TA6,LA23,0.004693443955786482,0.020073235855725492
2022Q2,TA6,LA23,0.011183447286225416,0.04783011732348648
2022Q3,TA6,LA23,0.006637182202527501,0.028386345937826962
2022Q4,TA6,LA23,0.0036672998761972334,0.015684554042202117
2023Q1,TA6,LA23,0.0018519923543880831,0.007920725097143049
2023Q2,TA6,LA23,0.002430040502024703,0.010392960179266391
2023Q3,TA6,LA23,0.004373034908842464,0.018702888956901646
2020Q3,TA7,LA23,0.040561475315058125,0.004802468301254546
2021Q3,TA7,LA23,0.06105289179863421,0.007228646770991946
2019Q2,TA8,LA23,0.008207839041070236,0.00874041711381407
2019Q3,TA8,LA23,0.0053643894459857325,0.005712465983341652
2020Q3,TA8,LA23,0.009113446402736874,0.009704786181323831
2021Q2,TA8,LA23,0.005962899634401643,0.00634981141219894
2021Q4,TA8,LA23,0.009593340902081587,0.01021581936239738
2022Q1,TA8,LA23,0.003545841869521554,0.003775919191905053
2022Q2,TA8,LA23,0.012058673283406795,0.012841118570770395
2022Q3,TA8,LA23,0.01432819132742157,0.015257897731857603
2022Q4,TA8,LA23,0.007595749495004505,0.008088611210110334
2023Q1,TA8,LA23,0.009705845880210366,0.010335624396500216
2023Q2,TA8,LA23,0.010018035312579776,0.010668070713220104
2023Q3,TA8,LA23,0.0042387285936037284,0.00451376492094517
2019Q3,TA9,LA23,0.012976628316625258,0.01054906100523382
2021Q3,TA9,LA23,0.005961162535767099,0.004845994330542361
2022Q3,TA9,LA23,0.009897856498498706,0.008046242018810235
2023Q3,TA9,LA23,0.006514907432336775,0.0052961489125123535
2019Q1,TD1,LA23,0.012120241767775692,0.02500787289707659
2019Q2,TD1,LA23,0.01893539198056,0.03906967245201008
2019Q3,TD1,LA23,0.021071753712883192,0.04347765899945346
2019Q4,TD1,LA23,0.021460578136034757,0.044279926143934514
2020Q1,TD1,LA23,0.0051423571803414355,0.010610301116208537
2020Q3,TD1,LA23,0.007710469608199088,0.015909125216567482
2020Q4,TD1,LA23,0.0032875217111400577,0.00678319184334705
2021Q2,TD1,LA23,0.009095393801763978,0.01876665965097449
2021Q3,TD1,LA23,0.020164344877491185,0.04160538901870933
2021Q4,TD1,LA23,0.012387891456314951,0.025560118431462518
2022Q1,TD1,LA23,0.01765538310088442,0.036428611326054426
2022Q2,TD1,LA23,0.012444624219570394,0.02567717597534453
2022Q3,TD1,LA23,0.01993058066274316,0.04112305988020599
2022Q4,TD1,LA23,0.010312011965732894,0.021276925781944
2023Q1,TD1,LA23,0.005622991263609893,0.011602000481178085
2023Q2,TD1,LA23,0.015699276670714402,0.03239254819166173
2023Q3,TD1,LA23,0.015224494577232019,0.03141292332318897
2019Q2,TD11,LA23,0.015154526904644297,0.0038039725131071658
2019Q4,TD11,LA23,0.01986806522798497,0.0049871285650437145
2020Q3,TD11,LA23,0.006912459831552761,0.0017351123768255489
2021Q2,TD11,LA23,0.017622192684163946,0.004423386953154857
2021Q3,TD11,LA23,0.03720480713737315,0.009338863865334413
2021Q4,TD11,LA23,0.013314795220998682,0.0033421772488857818
2022Q1,TD11,LA23,0.036133574613265114,0.009069971335564671
2022Q2,TD11,LA23,0.01765963829538579,0.004432786261805049
2022Q3,TD11,LA23,0.01742056246989247,0.004372775291192281
2023Q2,TD11,LA23,0.018739800157554425,0.004703920165175989
2023Q3,TD11,LA23,0.028664327347159825,0.0071950984693481814
2021Q4,TD12,LA23,0.06730618082565028,0.004576812591275693
2021Q3,TD14,LA23,0.04649168601440679,0.006757090686249208
2022Q2,TD14,LA23,0.04730007701951519,0.006874582044376615
2022Q3,TD14,LA23,0.05776239777547509,0.008395173276855076
2023Q3,TD14,LA23,0.059865706802920235,0.008700867715109034
2019Q1,TD15,LA23,0.013533853762475078,0.01997504923151809
2019Q2,TD15,LA23,0.012688523704216087,0.018727399461766374
2019Q3,TD15,LA23,0.020611729446726,0.03042151316771635
2019Q4,TD15,LA23,0.018744371050181348,0.027665418964357192
2020Q1,TD15,LA23,0.008072813878689966,0.011914925156855266
2020Q3,TD15,LA23,0.010100312745821582,0.014907375821579654
2020Q4,TD15,LA23,0.006437362789504961,0.009501110393111582
2021Q2,TD15,LA23,0.007286072992294544,0.010753749026685322
2021Q3,TD15,LA23,0.01581388371736313,0.02334021863540973
2021Q4,TD15,LA23,0.008450557276883933,0.01247244876456015
2022Q1,TD15,LA23,0.008024855016437094,0.011844141132481893
2022Q2,TD15,LA23,0.005663260704397832,0.008358588275493559
2022Q3,TD15,LA23,0.013665091547945398,0.02016874729208629
2022Q4,TD15,LA23,0.006911317837816028,0.010200635863808606
2023Q1,TD15,LA23,0.004742832652437461,0.007000098966043802
2023Q2,TD15,LA23,0.0013790009932771572,0.0020353118346378533
2023Q3,TD15,LA23,0.004895380044731068,0.00722524855940303
2019Q1,TD5,LA23,0.007870233634820591,0.005314947529812738
2019Q2,TD5,LA23,0.033057443725416684,0.022324442579820844
2019Q3,TD5,LA23,0.024212076259199727,0.016350965025500763
2019Q4,TD5,LA23,0.025232604990081373,0.017040151256682578
2020Q1,TD5,LA23,0.009185293895145734,0.006203037592507472
2020Q3,TD5,LA23,0.02428541471709461,0.016400492151849858
2020Q4,TD5,LA23,0.010780860373988494,0.007280559875690701
2021Q2,TD5,LA23,0.03831693532262197,0.025876296713980156
2021Q3,TD5,LA23,0.04796741987404979,0.03239348812252675
2021Q4,TD5,LA23,0.0510454938367908,0.034472181381703965
2022Q1,TD5,LA23,0.016248483302796178,0.010972969825357505
2022Q2,TD5,LA23,0.022867038235063544,0.015442630298021003
2022Q3,TD5,LA23,0.02402503642570726,0.016224652777717025
2022Q4,TD5,LA23,0.04169093263955485,0.028154833735535293
2023Q1,TD5,LA23,0.02087458757605101,0.014097083113558818
2023Q2,TD5,LA23,0.02205881631002939,0.014896819674941743
2023Q3,TD5,LA23,0.027868185746282963,0.01882001880315789
2020Q3,TD6,LA23,0.05556979030914657,0.006254083068715441
2020Q4,TD6,LA23,0.08471246707759264,0.009533935671013023
2021Q2,TD6,LA23,0.02411371321349168,0.002713869616807525
2021Q3,TD6,LA23,0.11472885238394595,0.012912119502266466
2021Q4,TD6,LA23,0.07919782436480158,0.008913292090603384
2022Q1,TD6,LA23,0.02462380481576988,0.002771277701947932
2022Q2,TD6,LA23,0.04599497262608064,0.005176488483157979
2022Q3,TD6,LA23,0.042597145819469266,0.004794081225843606
2020Q3,TD7,LA23,0.10786501171628984,0.006548787546086093
2019Q3,TD8,LA23,0.030098409562769837,0.0056762424938512955
2021Q3,TD8,LA23,0.05291058638526887,0.009978378365418669
2021Q4,TD8,LA23,0.027426215813772862,0.005172294945452508
2022Q1,TD8,LA23,0.05142420257395448,0.009698062060520232
2022Q2,TD8,LA23,0.013999304841409566,0.002640121195090629
2022Q3,TD8,LA23,0.015220002817995846,0.002870331954646115
2022Q4,TD8,LA23,0.028364742398786436,0.005349291157573057
2023Q1,TD8,LA23,0.01985167752124297,0.0037438169377459335
2019Q1,TD9,LA23,0.013930147807461959,0.011466361227118384
2019Q2,TD9,LA23,0.024044610915757218,0.019791907317587804
2019Q3,TD9,LA23,0.017431284465474976,0.01434826156164166
2019Q4,TD9,LA23,0.02652779246376465,0.021835895437133525
2020Q1,TD9,LA23,0.019846918556446047,0.016336649155402783
2020Q3,TD9,LA23,0.018189590312802463,0.014972447958388676
2020Q4,TD9,LA23,0.0197878913898291,0.01628806195991871
2021Q2,TD9,LA23,0.007273429362672617,0.005986998098301507
2021Q3,TD9,LA23,0.019345275478247596,0.015923730296162397
2021Q4,TD9,LA23,0.027271517195529026,0.02244807963975799
2022Q1,TD9,LA23,0.010230321490390123,0.008420912922081756
2022Q2,TD9,LA23,0.03432043251374791,0.028250272869521868
2022Q4,TD9,LA23,0.016788046457832304,0.013818791275138888
2023Q1,TD9,LA23,0.008436229409808177,0.00694413692838804
2023Q2,TD9,LA23,0.015549793529559906,0.012799544705586852
2023Q3,TD9,LA23,0.02084352902138033,0.01715699189344189
2019Q1,TF1,LA23,0.0065859525546164725,0.01547270808570162
2019Q2,TF1,LA23,0.015105066836888243,0.03548708980880205
2019Q3,TF1,LA23,0.014113819426460013,0.0331583026371555
2019Q4,TF1,LA23,0.011782422997605006,0.02768103627719136
2020Q1,TF1,LA23,0.010066905459044323,0.023650685030363012
2020Q3,TF1,LA23,0.02273606233962206,0.053414969616308206
2020Q4,TF1,LA23,0.015246603265854046,0.03581960842789618
2021Q2,TF1,LA23,0.021221293252060274,0.049856246756596834
2021Q3,TF1,LA23,0.030092448241211756,0.07069769533853999
2021Q4,TF1,LA23,0.02057313088405664,0.048333486452891414
2022Q1,TF1,LA23,0.007985005840284066,0.01875957401829973
2022Q2,TF1,LA23,0.01842534096427099,0.043287576057596866
2022Q3,TF1,LA23,0.01799614613096874,0.042279247146553914
2022Q4,TF1,LA23,0.01048489801790788,0.024632695877185442
2023Q1,TF1,LA23,0.009313398625646056,0.02188043369966059
2023Q2,TF1,LA23,0.007041029565948782,0.01654184329347391
2023Q3,TF1,LA23,0.009455550564196398,0.022214398366239358
2019Q1,TF10,LA23,0.026755262235491503,0.01878813345612147
2019Q2,TF10,LA23,0.04370511803865513,0.030690694906983024
2019Q3,TF10,LA23,0.0360364877205954,0.025305614074165
2019Q4,TF10,LA23,0.03909014290283245,0.027449957889145084
2020Q1,TF10,LA23,0.021379086993044027,0.015012864985584504
2020Q3,TF10,LA23,0.062484407562163585,0.0438779249432032
2020Q4,TF10,LA23,0.02217333799027164,0.015570605500412088
2021Q2,TF10,LA23,0.04883408085637567,0.03429236537698835
2021Q3,TF10,LA23,0.0546794551906518,0.038397115766901684
2021Q4,TF10,LA23,0.04217911414574477,0.029619101418486837
2022Q1,TF10,LA23,0.031677682727513506,0.022244765363416904
2022Q2,TF10,LA23,0.04943620424654771,0.03471518966149855
2022Q3,TF10,LA23,0.033871602904973444,0.023785384353557697
2022Q4,TF10,LA23,0.060421455399802634,0.04242927457308583
2023Q1,TF10,LA23,0.01759604704747273,0.012356331151543156
2023Q2,TF10,LA23,0.04459368248071816,0.031314664396607336
2023Q3,TF10,LA23,0.0304771425891062,0.021401719679868862
2019Q2,TF11,LA23,0.009470927361570257,0.003041977791073477
2019Q3,TF11,LA23,0.02283530562147719,0.007334497446867961
2019Q4,TF11,LA23,0.008700836269802807,0.002794631368824949
2020Q3,TF11,LA23,0.02367788117145835,0.007605125233619273
2020Q4,TF11,LA23,0.03982278125700443,0.012790723815930516
2021Q2,TF11,LA23,0.049234730581146136,0.015813758384955145
2021Q3,TF11,LA23,0.0913486510173406,0.029340375765821512
2021Q4,TF11,LA23,0.055677743509695655,0.01788319694023062
2022Q1,TF11,LA23,0.028991757322368143,0.009311895079745782
2022Q2,TF11,LA23,0.04445278230215873,0.014277839049139446
2022Q3,TF11,LA23,0.05656669110437255,0.018168719016073774
2022Q4,TF11,LA23,0.03024177656603509,0.009713390163857468
2023Q1,TF11,LA23,0.04869244778662179,0.015639581965429653
2023Q2,TF11,LA23,0.05211587524163475,0.01673915647275372
2023Q3,TF11,LA23,0.03699723802874808,0.011883184414567307
2020Q3,TF12,LA23,0.03339967990297313,0.003361771192302722
2021Q3,TF12,LA23,0.12474237382894868,0.01255566879730147
2021Q4,TF12,LA23,0.03081152077766316,0.003101265737943923
2022Q2,TF12,LA23,0.06392674022723004,0.006434405190050674
2019Q1,TF2,LA23,0.009800907100158684,0.0365260749265195
2019Q2,TF2,LA23,0.018377886676286148,0.068490809969849
2019Q3,TF2,LA23,0.02311687848593165,0.08615211092356084
2019Q4,TF2,LA23,0.01301394238306055,0.04850043263499367
2020Q1,TF2,LA23,0.007514174281510855,0.02800386637813836
2020Q3,TF2,LA23,0.010627451526646329,0.0396064452783103
2020Q4,TF2,LA23,0.005062574911921985,0.018867232253531548
2021Q2,TF2,LA23,0.008656075943294636,0.032259511823074384
2021Q3,TF2,LA23,0.017071176665450345,0.06362095585581001
2021Q4,TF2,LA23,0.008019793491986891,0.02988821085537927
2022Q1,TF2,LA23,0.008343279591115024,0.03109378064332782
2022Q2,TF2,LA23,0.00551606463047303,0.02055730025121041
2022Q3,TF2,LA23,0.004977522551445931,0.01855025864489736
2022Q4,TF2,LA23,0.004830388176023851,0.018001917438719976
2023Q1,TF2,LA23,0.0031474223533557878,0.011729831078820705
2023Q2,TF2,LA23,0.01261283436462022,0.047005581047741885
2023Q3,TF2,LA23,0.013111624553452191,0.048864475089253054
2019Q1,TF3,LA23,0.011209978105795751,0.03841721582693825
2019Q2,TF3,LA23,0.01163745608392963,0.0398822065336321
2019Q3,TF3,LA23,0.012885205693188037,0.04415831355047586
2019Q4,TF3,LA23,0.013247977573259705,0.04540155287539942
2020Q1,TF3,LA23,0.00641493344730853,0.02198433221143234
2020Q3,TF3,LA23,0.014409480515130324,0.049382087786381736
2020Q4,TF3,LA23,0.010508548812585944,0.0360133787908386
2021Q2,TF3,LA23,0.00784969148604965,0.02690132747347077
2021Q3,TF3,LA23,0.015119327719369418,0.05181477346980004
2021Q4,TF3,LA23,0.010997188505190759,0.03768797408043177
2022Q1,TF3,LA23,0.00326743642816742,0.01119768560447134
2022Q2,TF3,LA23,0.016389229726073318,0.05616679797958767
2022Q3,TF3,LA23,0.01333464619107502,0.0456985710287455
2022Q4,TF3,LA23,0.01339996411725716,0.04592241917936855
2023Q1,TF3,LA23,0.0053986869401162095,0.01850159914703906
2023Q2,TF3,LA23,0.011961049866804836,0.04099118034960636
2023Q3,TF3,LA23,0.00475569778111975,0.01629803968756276
2019Q1,TF4,LA23,0.0076329692875690205,0.007887972121615839
2019Q2,TF4,LA23,0.0105042620508214,0.010855189257733171
2019Q3,TF4,LA23,0.044927801214557535,0.046428752706117
2019Q4,TF4,LA23,0.009733247984907484,0.010058417093693768
2020Q1,TF4,LA23,0.007667042232224199,0.007923183377866945
2020Q3,TF4,LA23,0.037030154412346736,0.03826726070278055
2020Q4,TF4,LA23,0.009044092944140507,0.009346238707506102
2021Q2,TF4,LA23,0.015595823449982334,0.016116849937736738
2021Q3,TF4,LA23,0.027805271963095388,0.02873419266025832
2021Q4,TF4,LA23,0.017639430514526763,0.018228729986686544
2022Q1,TF4,LA23,0.005646523610669934,0.005835163112413781
2022Q2,TF4,LA23,0.01928899481870575,0.01993340306396032
2022Q3,TF4,LA23,0.016517192255247344,0.01706899990400125
2022Q4,TF4,LA23,0.013726359217566741,0.014184930498251003
2023Q1,TF4,LA23,0.01177335680051401,0.012166682023931962
2023Q2,TF4,LA23,0.02455232024071774,0.02537256607270406
2023Q3,TF4,LA23,0.0313389231802504,0.03238589637323236
2020Q3,TF6,LA23,0.04024036483528117,0.003482660762019045
2021Q3,TF6,LA23,0.16052620709732834,0.013892973511101176
2022Q2,TF6,LA23,0.0667230829319099,0.005774646025181389
2022Q3,TF6,LA23,0.13464164755455407,0.011652756747889126
2023Q2,TF6,LA23,0.1496206739101551,0.012949138317873378
2019Q1,TF9,LA23,0.010584573176750326,0.014251231775421978
2019Q2,TF9,LA23,0.030849090956105413,0.04153568952994944
2019Q3,TF9,LA23,0.028671613569602468,0.03860390055720592
2019Q4,TF9,LA23,0.02219932530199932,0.02988951229811545
2020Q1,TF9,LA23,0.0098519453934743,0.013264810483771384
2020Q3,TF9,LA23,0.030443119685742093,0.04098908358075363
2020Q4,TF9,LA23,0.0267004512122974,0.03594989730626269
2021Q2,TF9,LA23,0.02810271679205895,0.03783792920458945
2021Q3,TF9,LA23,0.05514690108657798,0.07425063400831278
2021Q4,TF9,LA23,0.019406500721436414,0.026129210419044563
2022Q1,TF9,LA23,0.013912248796045851,0.01873166530184608
2022Q2,TF9,LA23,0.025968253028249268,0.034964054433605965
2022Q3,TF9,LA23,0.02261319045817526,0.030446746696323405
2022Q4,TF9,LA23,0.0063728897462483215,0.008580556564386567
2023Q1,TF9,LA23,0.010298943390101848,0.013866655446880635
2023Q2,TF9,LA23,0.03876767872432963,0.052197397634237114
2023Q3,TF9,LA23,0.025153571792444783,0.03386715511412849
2019Q1,TN1,LA23,0.0037005092220085455,0.0065944826466008775
2019Q2,TN1,LA23,0.0036800200363417187,0.0065579699476135895
2019Q3,TN1,LA23,0.001802277458427989,0.0032117437657708013
2019Q4,TN1,LA23,0.009214940251527021,0.016421459840377208
2020Q1,TN1,LA23,0.0031119624353095426,0.00554566440598785
2020Q3,TN1,LA23,0.013632205818070555,0.024293236230165025
2020Q4,TN1,LA23,0.006406096046151865,0.011415966472278504
2021Q2,TN1,LA23,0.015354108866981743,0.02736174899258174
2021Q3,TN1,LA23,0.007982302727281714,0.01422484140882721
2022Q1,TN1,LA23,0.0014099399823919105,0.0025125798069449393
2022Q3,TN1,LA23,0.0019306087341986321,0.0034404361754674104
2019Q2,TN10,LA23,0.009852903805285624,0.005726564946316941
2019Q3,TN10,LA23,0.008842770617162456,0.0051394696675510654
2020Q3,TN10,LA23,0.008074099069205183,0.00469271329716999
2021Q2,TN10,LA23,0.010162288194308077,0.005906380951032548
2021Q3,TN10,LA23,0.04048643674151,0.02353095229863441
2021Q4,TN10,LA23,0.007908273017509593,0.0045963342323184
2022Q2,TN10,LA23,0.019216788698931817,0.011168909259526905
2022Q3,TN10,LA23,0.025078920007297337,0.014576014040473246
2022Q4,TN10,LA23,0.009041936040091668,0.005255225768696899
2023Q2,TN10,LA23,0.013777370761655276,0.00800748794622175
2023Q3,TN10,LA23,0.02831507822845942,0.016456888003751013
2019Q2,TN11,LA23,0.013903385433160585,0.012388794917573435
2019Q3,TN11,LA23,0.01171937566165043,0.01044270421273818
2019Q4,TN11,LA23,0.0044779665351586725,0.003990151126755211
2021Q3,TN11,LA23,0.017522791729340625,0.015613914622577206
2022Q2,TN11,LA23,0.011173210935389664,0.009956036931780902
2022Q3,TN11,LA23,0.0252021225654787,0.02245668362229163
2023Q2,TN11,LA23,0.01640498378565196,0.01461787711515372
2019Q2,TN12,LA23,0.014107991264098941,0.01129948734739035
2019Q3,TN12,LA23,0.011020466118913587,0.008826601543898915
2020Q3,TN12,LA23,0.01096178851689118,0.008779605000647953
2020Q4,TN12,LA23,0.010677788923102713,0.008552141731313292
2021Q2,TN12,LA23,0.010917374085821907,0.008744032232525685
2021Q3,TN12,LA23,0.052575311958547435,0.04210904735761119
2021Q4,TN12,LA23,0.00958891317603454,0.007680030493323886
2022Q2,TN12,LA23,0.012459511740204734,0.009979173691535222
2022Q3,TN12,LA23,0.02365312192170137,0.018944451189211595
2023Q2,TN12,LA23,0.009627369573667686,0.007710831304746826
2019Q1,TN13,LA23,0.004565001659439443,0.00956979764863222
2019Q2,TN13,LA23,0.014407322928668162,0.03020265388091533
2019Q3,TN13,LA23,0.010971724435943265,0.023000469778892387
2020Q3,TN13,LA23,0.02149139099287451,0.04505327233872266
2020Q4,TN13,LA23,0.0121214076082166,0.025410597121550225
2021Q2,TN13,LA23,0.0136348547577494,0.028583297605235605
2021Q3,TN13,LA23,0.05185549135655209,0.10870676426293717
2021Q4,TN13,LA23,0.01430171514461881,0.029981264011016168
2022Q1,TN13,LA23,0.010590439637554778,0.022201167031754857
2022Q2,TN13,LA23,0.007530159206888995,0.01578577736612726
2022Q3,TN13,LA23,0.016862169315832228,0.03534884766927
2022Q4,TN13,LA23,0.002669717874632206,0.005596637579821586
2023Q2,TN13,LA23,0.010376430395220944,0.021752530799643743
2023Q3,TN13,LA23,0.014805887119548063,0.03103818011754322
2019Q2,TN14,LA23,0.016227328397106198,0.02222379767488955
2019Q3,TN14,LA23,0.026158174837081258,0.035824380384595504
2019Q4,TN14,LA23,0.008019506806081284,0.010982947553001556
2021Q3,TN14,LA23,0.020339422201215863,0.027855429603839545
2021Q4,TN14,LA23,0.008492695877415666,0.011630993733245215
2022Q3,TN14,LA23,0.008366096815376187,0.011457612639836282
2022Q4,TN14,LA23,0.008109414313442932,0.01110607849631908
2023Q2,TN14,LA23,0.007173806065960181,0.009824735820175134
2023Q3,TN14,LA23,0.010957470860500378,0.015006574679026304
2019Q2,TN15,LA23,0.057694936931392174,0.04723846699514397
2019Q3,TN15,LA23,0.009743426241627079,0.007977554763289596
2019Q4,TN15,LA23,0.014762876747357987,0.012087294017024951
2020Q4,TN15,LA23,0.013430767690885534,0.010996612701731452
2021Q2,TN15,LA23,0.021058184836643016,0.017241657973667862
2021Q3,TN15,LA23,0.0271459717934978,0.022226111350864983
2021Q4,TN15,LA23,0.021507225244476128,0.017609315546638856
2022Q2,TN15,LA23,0.016444416068097028,0.013464075827155466
2022Q3,TN15,LA23,0.012487473760408985,0.01022427874018255
2022Q4,TN15,LA23,0.0139403866080153,0.011413869703425769
2023Q1,TN15,LA23,0.005476526838266629,0.004483976342761482
2023Q2,TN15,LA23,0.009709428098654469,0.007949718349210181
2023Q3,TN15,LA23,0.01131776102842131,0.009266561491102162
2020Q3,TN16,LA23,0.0730526758296774,0.03264083454477528
2021Q2,TN16,LA23,0.01486704941610594,0.00664278063258802
2021Q4,TN16,LA23,0.0246601265710808,0.01101844801874959
2022Q1,TN16,LA23,0.025683626843808642,0.011475760535768577
2022Q2,TN16,LA23,0.012700788838871544,0.005674868748740881
2022Q3,TN16,LA23,0.010909946543491469,0.0048746983731125645
2023Q3,TN16,LA23,0.00927218428890199,0.004142926043507957
2019Q3,TN17,LA23,0.015963536512543834,0.012524434171633136
2020Q3,TN17,LA23,0.004867955694117427,0.003819228314070171
2021Q3,TN17,LA23,0.05162836420884875,0.04050581451138526
2021Q4,TN17,LA23,0.007344463529113879,0.005762210016813441
2022Q2,TN17,LA23,0.012466861902962829,0.009781065186138856
2022Q3,TN17,LA23,0.029300258775516026,0.02298796146815021
2022Q4,TN17,LA23,0.0069544593927054026,0.005456226369062556
2023Q2,TN17,LA23,0.01175044126108204,0.00921898652885734
2023Q3,TN17,LA23,0.014389788724867191,0.011289726526868995
2019Q2,TN2,LA23,0.01271391689707855,0.01706625241378042
2019Q3,TN2,LA23,0.009344222603394285,0.012543015881810829
2019Q4,TN2,LA23,0.007439720512024587,0.009986548533706913
2021Q2,TN2,LA23,0.007166794665060103,0.009620192403472096
2021Q3,TN2,LA23,0.03014556739551458,0.04046525287944097
2022Q2,TN2,LA23,0.010207329722352032,0.01370158912650841
2022Q3,TN2,LA23,0.00659094105742298,0.008847207720555108
2022Q4,TN2,LA23,0.011641173425962568,0.015626278328570914
2023Q2,TN2,LA23,0.0032205465395408568,0.004323031257720493
2023Q3,TN2,LA23,0.0034489273548417077,0.0046295933244652355
2019Q2,TN21,LA23,0.014326656561836881,0.015004116398302403
2019Q3,TN21,LA23,0.008357716851835121,0.008752925424556251
2019Q4,TN21,LA23,0.004545103989266192,0.004760026807580215
2020Q3,TN21,LA23,0.005884782623909018,0.006163054379557037
2020Q4,TN21,LA23,0.005057502588921903,0.005296655029131979
2021Q2,TN21,LA23,0.006039151159186594,0.00632472248834035
2021Q3,TN21,LA23,0.02552265571346256,0.026729537032294942
2022Q1,TN21,LA23,0.006609541516281107,0.006922084704247204
2022Q2,TN21,LA23,0.009403708657734294,0.00984837869654908
2022Q3,TN21,LA23,0.005898452109591022,0.006177370249655023
2022Q4,TN21,LA23,0.005297754155454087,0.005548267291460211
2023Q2,TN21,LA23,0.00599924730704418,0.006282931716034109
2023Q3,TN21,LA23,0.003284956907682296,0.003440291570718946
2019Q2,TN22,LA23,0.008350457659034098,0.015938696887628473
2019Q3,TN22,LA23,0.01086712941820717,0.020742322026870732
2019Q4,TN22,LA23,0.004133693404249383,0.007890068890468574
2020Q3,TN22,LA23,0.019675291175288896,0.037554648502347486
2021Q2,TN22,LA23,0.00848220431574267,0.01619016454520824
2021Q3,TN22,LA23,0.012318198762236832,0.023512009076585558
2021Q4,TN22,LA23,0.004581132020995107,0.008744104534899919
2022Q1,TN22,LA23,0.0057546545698253185,0.01098403208861504
2022Q2,TN22,LA23,0.016887777381766694,0.03223406138734464
2022Q3,TN22,LA23,0.006614833718916232,0.012625874402680986
2022Q4,TN22,LA23,0.0040159244693135174,0.007665280808980508
2023Q2,TN22,LA23,0.0063275896424869384,0.01207760549887783
2023Q3,TN22,LA23,0.008160451554936866,0.015576028178479506
2019Q1,TN23,LA23,0.005053194679860168,0.01712546805827664
2019Q2,TN23,LA23,0.006529307218963706,0.022128069331406045
2019Q3,TN23,LA23,0.0111673172460779,0.037846460884748856
2019Q4,TN23,LA23,0.003645820897816776,0.01235582503492353
2020Q1,TN23,LA23,0.0017860556373561212,0.006053010165975552
2020Q3,TN23,LA23,0.011338630784002476,0.03842704894983383
2021Q2,TN23,LA23,0.003471669912750984,0.011765620754065668
2021Q3,TN23,LA23,0.02348988082822252,0.07960809533417408
2021Q4,TN23,LA23,0.007197088669845046,0.02439120594724973
2022Q1,TN23,LA23,0.004670501997009477,0.015828508069298523
2022Q2,TN23,LA23,0.004672571413345553,0.01583552139959905
2022Q3,TN23,LA23,0.008156359145466544,0.02764220990222864
2022Q4,TN23,LA23,0.0054340312882651,0.018416137740696538
2023Q1,TN23,LA23,0.0016816034478569027,0.005699017741734453
2023Q2,TN23,LA23,0.010865822486681869,0.036824683732098684
2023Q3,TN23,LA23,0.013931630787293734,0.04721482411877002
2019Q1,TN24,LA23,0.0008730172022971424,0.0030208654977976605
2019Q2,TN24,LA23,0.006675642705026214,0.023099451729216337
2019Q3,TN24,LA23,0.00501063940812462,0.017338109340893682
2019Q4,TN24,LA23,0.002212830419512984,0.007656966035943799
2020Q1,TN24,LA23,0.0005968469727008826,0.0020652450175700048
2020Q3,TN24,LA23,0.0037613854536060775,0.01301536729267012
2020Q4,TN24,LA23,0.002464553409294791,0.00852799273831972
2021Q2,TN24,LA23,0.002642767519019123,0.009144659688146586
2021Q4,TN24,LA23,0.004956792795302529,0.017151786122497174
2022Q1,TN24,LA23,0.0024029965131466048,0.008314989943831511
2022Q2,TN24,LA23,0.003138628585717227,0.010860467331052124
2022Q3,TN24,LA23,0.004640963710007269,0.01605893573597671
2022Q4,TN24,LA23,0.001135856372917658,0.003930357063265139
2023Q1,TN24,LA23,0.0020154764194723787,0.006974070111320192
2023Q2,TN24,LA23,0.002041198258969466,0.007063074334000092
2023Q3,TN24,LA23,0.0035155339803950914,0.012164657557453459
2019Q2,TN25,LA23,0.008124820962758145,0.005648116870274949
2019Q3,TN25,LA23,0.024841870469198616,0.01726927748062458
2019Q4,TN25,LA23,0.013139519786580877,0.00913417584388291
2020Q3,TN25,LA23,0.017151694873748468,0.011923312232266206
2021Q2,TN25,LA23,0.01839738704035481,0.012789277768445871
2021Q3,TN25,LA23,0.05944261630789765,0.041322614433087004
2021Q4,TN25,LA23,0.023781414818307887,0.016532082472952556
2022Q1,TN25,LA23,0.0053207915053224775,0.003698844860973474
2022Q2,TN25,LA23,0.00898693521248679,0.006247431250286074
2022Q3,TN25,LA23,0.01751842365219499,0.012178250403809123
2022Q4,TN25,LA23,0.011522210511242423,0.008009873924571413
2023Q3,TN25,LA23,0.004953334677684486,0.003443400572810933
2020Q3,TN26,LA23,0.012184013184398457,0.0026850932718630893
2021Q3,TN26,LA23,0.03905793644046238,0.008607525349975196
2020Q3,TN27,LA23,0.02786452014727796,0.006402447540640018
2020Q4,TN27,LA23,0.015783003433355022,0.0036264701843669906
2021Q2,TN27,LA23,0.06358734411538203,0.014610502272982032
2021Q4,TN27,LA23,0.00927212511049782,0.002130461759127495
2023Q2,TN27,LA23,0.014452255551311471,0.0033207034437388035
2019Q2,TN29,LA23,0.0044871115765783036,0.002397040612921803
2021Q3,TN29,LA23,0.01828924644355039,0.009770219830004015
2019Q3,TN3,LA23,0.045775842328826186,0.009060861236411408
2021Q3,TN3,LA23,0.07731218656474842,0.015303159018126991
2022Q2,TN3,LA23,0.07590113094735397,0.01502385494646781
2022Q3,TN3,LA23,0.05797345564274103,0.01147525441914895
2023Q2,TN3,LA23,0.0999694368458106,0.019787930687005028
2023Q3,TN3,LA23,0.08696164456234337,0.01721317083822035
2020Q3,TN30,LA23,0.016982947030638882,0.013283392193949072
2021Q2,TN30,LA23,0.006647494485452337,0.005199408335789603
2021Q3,TN30,LA23,0.02212155492573024,0.017302608875145647
2022Q2,TN30,LA23,0.009919753041611629,0.007758840081237037
2022Q3,TN30,LA23,0.02912983997432532,0.022784213377563724
2021Q3,TN31,LA23,0.04395715974359602,0.013020283854117912
2021Q4,TN31,LA23,0.023065664077894732,0.0068321405507022846
2022Q2,TN31,LA23,0.01876297331762371,0.005557666600110403
2023Q2,TN31,LA23,0.01708676196851262,0.0050611661962575395
2023Q3,TN31,LA23,0.01980892724669623,0.005867482273695597
2019Q3,TN33,LA23,0.013964308320867678,0.006279244294948264
2020Q3,TN33,LA23,0.033699604585409416,0.015153493103466231
2021Q2,TN33,LA23,0.010176529685858065,0.0045760172651591385
2021Q3,TN33,LA23,0.029978876240793283,0.013480416163731957
2021Q4,TN33,LA23,0.009460040251821351,0.004253837885580229
2022Q3,TN33,LA23,0.0299988144566417,0.013489381658136752
2023Q3,TN33,LA23,0.00747088163681503,0.003359385213953057
2019Q2,TN34,LA23,0.006516977212669586,0.016526949004382063
2019Q3,TN34,LA23,0.014391172143486888,0.03649578023171618
2020Q3,TN34,LA23,0.006549165659098221,0.016608578384890275
2021Q2,TN34,LA23,0.0043189539377221425,0.010952797462946707
2021Q3,TN34,LA23,0.012686039800211943,0.032171592136007975
2021Q4,TN34,LA23,0.004808936790089311,0.012195386066502166
2022Q1,TN34,LA23,0.0011293896619818812,0.002864113950462141
2022Q2,TN34,LA23,0.010556299367776974,0.02677060478085886
2022Q3,TN34,LA23,0.0046603681502845095,0.011818618394377908
2022Q4,TN34,LA23,0.002650258117508134,0.006721011801507315
2023Q2,TN34,LA23,0.005491508619981219,0.013926377207996476
2023Q3,TN34,LA23,0.007714478653675391,0.019563793326885053
2019Q3,TN37,LA23,0.004035973728502175,0.003116810748403857
2019Q4,TN37,LA23,0.004459531888188171,0.003443906689430559
2021Q3,TN37,LA23,0.00770943260415197,0.00595366670378044
2022Q3,TN37,LA23,0.003625429402635004,0.0027997648373954387
2019Q1,TN38,LA23,0.002356829918604321,0.006259722653905556
2019Q2,TN38,LA23,0.004141309801533395,0.010999287889578043
2019Q3,TN38,LA23,0.005738717653777081,0.015241991209526509
2019Q4,TN38,LA23,0.002058391229372086,0.005467071725197394
2020Q1,TN38,LA23,0.0013356104542370814,0.0035473713869569093
2020Q3,TN38,LA23,0.004697653091858961,0.01247693151176255
2020Q4,TN38,LA23,0.0016618703913389998,0.004413915342130432
2021Q2,TN38,LA23,0.00405291881148167,0.010764522080445928
2021Q3,TN38,LA23,0.008605503968020137,0.022856154239924813
2021Q4,TN38,LA23,0.00456570633214824,0.012126481903858831
2022Q1,TN38,LA23,0.0016052206684262678,0.0042634541013531185
2022Q2,TN38,LA23,0.007962974698481833,0.021149601300921004
2022Q3,TN38,LA23,0.0053417068133353295,0.014187533383723366
2022Q4,TN38,LA23,0.0011111349063570302,0.0029511660090377713
2023Q2,TN38,LA23,0.004069551671020199,0.010808698831101832
2019Q3,TN39,LA23,0.01499963524288916,0.007475270169498155
2020Q3,TN39,LA23,0.004954758657257064,0.002469270684779821
2021Q2,TN39,LA23,0.023119305475107068,0.01152181714815452
2021Q3,TN39,LA23,0.035352998055762516,0.01761864255291482
2022Q2,TN39,LA23,0.005598621942596337,0.0027901486216225487
2023Q2,TN39,LA23,0.011926413978053238,0.0059436889761363895
2019Q1,TN4,LA23,0.0042182537113815725,0.01038912815343208
2019Q2,TN4,LA23,0.011222862303145013,0.027640763854743997
2019Q3,TN4,LA23,0.011643425339328828,0.02867656766799521
2019Q4,TN4,LA23,0.003276581192069257,0.008069884895184183
2020Q1,TN4,LA23,0.004210943911297127,0.010371124862248251
2020Q3,TN4,LA23,0.015056221279959644,0.03708193557961704
2021Q2,TN4,LA23,0.017076514982816964,0.042057712671906285
2021Q3,TN4,LA23,0.01678468075534919,0.04133895476966349
2021Q4,TN4,LA23,0.014438939487286388,0.035561633556635504
2022Q1,TN4,LA23,0.007414368389268236,0.018260832240845664
2022Q2,TN4,LA23,0.016856839344134605,0.04151667400552636
2022Q3,TN4,LA23,0.014886187697272459,0.03666316022806385
2022Q4,TN4,LA23,0.003871816157981796,0.009535887835117293
2023Q1,TN4,LA23,0.004167613530073665,0.01026440655788145
2023Q2,TN4,LA23,0.007953091848503836,0.01958765311038169
2023Q3,TN4,LA23,0.006038981064945471,0.014873393705690494
2019Q2,TN40,LA23,0.003498986126879798,0.006135001058354924
2019Q3,TN40,LA23,0.003986234748894738,0.006989325912283197
2019Q4,TN40,LA23,0.0038301551928413744,0.006715661425814128
2020Q3,TN40,LA23,0.0037623214095632283,0.006596724020202076
2021Q2,TN40,LA23,0.002718877001009907,0.004767184742629208
2021Q3,TN40,LA23,0.010448052078531255,0.01831925255922532
2021Q4,TN40,LA23,0.005711934442759263,0.01001510797152865
2022Q2,TN40,LA23,0.008243433503820296,0.014453750725646513
2022Q3,TN40,LA23,0.005430125278672423,0.00952099354602545
2022Q4,TN40,LA23,0.002936110052869648,0.0051480736500847035
2023Q3,TN40,LA23,0.004159922223160728,0.007293863512549436
2022Q2,TN5,LA23,0.02962629514259743,0.004296207076880328
2019Q1,TN6,LA23,0.003515293143671127,0.006397097164946832
2019Q2,TN6,LA23,0.008793060194157033,0.0160015276508363
2019Q3,TN6,LA23,0.010988047422648677,0.01999594461767121
2020Q1,TN6,LA23,0.006012912557649879,0.0109422413163088
2020Q3,TN6,LA23,0.009160613082162974,0.01667039691485885
2020Q4,TN6,LA23,0.0041795185443503306,0.007605848257361597
2021Q2,TN6,LA23,0.011846240307842528,0.021557675901087824
2021Q3,TN6,LA23,0.02454419732308786,0.044665297798592414
2021Q4,TN6,LA23,0.014257086885651681,0.02594491166712656
2022Q1,TN6,LA23,0.0013106115140689614,0.0023850384187992487
2022Q2,TN6,LA23,0.013279581350724629,0.0241660563538905
2022Q3,TN6,LA23,0.00454671385198744,0.008274066800016055
2022Q4,TN6,LA23,0.00929796367494608,0.016920346222579742
2023Q2,TN6,LA23,0.005206648288240675,0.009475009236013741
2023Q3,TN6,LA23,0.010948117614795907,0.0199232807315678
2019Q3,TN8,LA23,0.0046049106571013155,0.003378762250247301
2021Q2,TN8,LA23,0.03236543387885892,0.023747497909459996
2021Q3,TN8,LA23,0.02173997526821671,0.015951277500744886
2021Q4,TN8,LA23,0.00934157037903207,0.006854192774843121
2022Q2,TN8,LA23,0.011417234030166907,0.008377169985671248
2023Q2,TN8,LA23,0.010619447621147363,0.007791809963886945
2023Q3,TN8,LA23,0.005782276271598042,0.0042426310175742304
2019Q1,TN9,LA23,0.0022072437796644808,0.005812387864530622
2019Q2,TN9,LA23,0.0046429272688302495,0.01222633148267357
2019Q3,TN9,LA23,0.015188302815379275,0.03999572126117674
2019Q4,TN9,LA23,0.010829003214715888,0.02851627330432232
2020Q1,TN9,LA23,0.005021060884124928,0.013222079780600124
2020Q3,TN9,LA23,0.02038972673456597,0.05369275533810852
2021Q2,TN9,LA23,0.010317128033918712,0.02716834014151047
2021Q3,TN9,LA23,0.015935317139465995,0.04196285195691358
2021Q4,TN9,LA23,0.008690785568427156,0.022885653608611573
2022Q1,TN9,LA23,0.004263393362047041,0.01122689576366117
2022Q2,TN9,LA23,0.011278167302183622,0.029699067844387705
2022Q3,TN9,LA23,0.002347602408867676,0.0061819976016058865
2022Q4,TN9,LA23,0.003154115392868975,0.008305807542304014
2019Q3,TQ1,LA23,0.005747451148822127,0.007021283561693853
2022Q2,TQ1,LA23,0.0036757409231669962,0.004490411254068153
2022Q3,TQ1,LA23,0.001784485630605869,0.0021799888854765865
2023Q3,TQ1,LA23,0.0034065085549660717,0.004161507753685646
2019Q1,TQ12,LA23,0.0016874736626301726,0.007434780839928093
2019Q2,TQ12,LA23,0.006875287159016906,0.030291585801220995
2019Q3,TQ12,LA23,0.0076387356972005,0.033655236855253755
2019Q4,TQ12,LA23,0.005092747562383517,0.022437957307365475
2020Q1,TQ12,LA23,0.003126410544580441,0.01377454222210875
2020Q3,TQ12,LA23,0.005109141635932493,0.02251018737922349
2020Q4,TQ12,LA23,0.0029086270109783922,0.01281501741367255
2021Q2,TQ12,LA23,0.0027021503008750865,0.011905308941082377
2021Q3,TQ12,LA23,0.010653161098739695,0.046936387675601626
2021Q4,TQ12,LA23,0.0028520764830006467,0.012565863432068218
2022Q1,TQ12,LA23,0.0023874792695421595,0.010518910915178972
2022Q2,TQ12,LA23,0.0061557202551375725,0.027121271295885273
2022Q3,TQ12,LA23,0.0050324390335622134,0.022172246082061958
2022Q4,TQ12,LA23,0.0026605333133673786,0.011721950120029391
2023Q1,TQ12,LA23,0.0017506212051891874,0.007713000375973792
2023Q2,TQ12,LA23,0.004615645560091878,0.020335910381311256
2019Q2,TQ13,LA23,0.007233946067316856,0.004186958189415398
2019Q3,TQ13,LA23,0.013341620609604293,0.007722038172752824
2020Q3,TQ13,LA23,0.009058016254592769,0.00524271745795472
2021Q2,TQ13,LA23,0.00549769407903115,0.0031820274899613467
2021Q3,TQ13,LA23,0.028838472210926933,0.01669150920813467
2022Q2,TQ13,LA23,0.023137034913470425,0.013391556545800518
2022Q3,TQ13,LA23,0.032100362412964226,0.018579468804087198
2019Q2,TQ14,LA23,0.006511696413476105,0.007786242681071064
2019Q4,TQ14,LA23,0.003085935801483452,0.003689951668942907
2020Q3,TQ14,LA23,0.004598821345778857,0.005498957072233816
2021Q2,TQ14,LA23,0.00509072078234333,0.006087136886613174
2021Q3,TQ14,LA23,0.008357634458889778,0.009993489561633208
2021Q4,TQ14,LA23,0.010238341056980104,0.012242310307378896
2022Q3,TQ14,LA23,0.006368631377592694,0.007615175263637556
2023Q2,TQ14,LA23,0.002774893305885708,0.0033180282558922104
2019Q2,TQ2,LA23,0.004758646389189717,0.01573357505193158
2019Q3,TQ2,LA23,0.006227955655805178,0.02059157157659649
2019Q4,TQ2,LA23,0.0022809610412798365,0.0075415714466691266
2020Q3,TQ2,LA23,0.0067485884139474725,0.02231294650231792
2020Q4,TQ2,LA23,0.0017868978732393079,0.0059080439056398894
2021Q2,TQ2,LA23,0.0028176667613355475,0.009316088617451252
2021Q3,TQ2,LA23,0.014491972896470688,0.047915000310835135
2021Q4,TQ2,LA23,0.008414250231611308,0.027820146045214208
2022Q1,TQ2,LA23,0.005432245635201862,0.017960705085407598
2022Q2,TQ2,LA23,0.008787405363707248,0.029053913759113325
2022Q3,TQ2,LA23,0.005949729404887653,0.019671668469239567
2022Q4,TQ2,LA23,0.0024788662185810705,0.008195907933470994
2023Q1,TQ2,LA23,0.0023625504574688863,0.007811331604929653
2023Q2,TQ2,LA23,0.003200968634013562,0.01058340463299414
2023Q3,TQ2,LA23,0.004071685810212815,0.013462268267799659
2019Q2,TQ3,LA23,0.003873012439148926,0.006551824245803849
2019Q3,TQ3,LA23,0.0021941670943486148,0.003711786985961047
2019Q4,TQ3,LA23,0.002309737303420408,0.003907292605885053
2021Q2,TQ3,LA23,0.003435692032631696,0.005812026352659461
2021Q3,TQ3,LA23,0.009251899573647887,0.01565107804293258
2021Q4,TQ3,LA23,0.003644821112878843,0.006165801869777863
2022Q2,TQ3,LA23,0.007027514972711344,0.01188817327838933
2022Q3,TQ3,LA23,0.0037898395002237367,0.006411123825547889
2022Q4,TQ3,LA23,0.003446377148115405,0.005830101946217524
2023Q2,TQ3,LA23,0.0027152588062581205,0.004593297532600646
2023Q3,TQ3,LA23,0.008298017944186244,0.014037433654817213
2019Q2,TQ4,LA23,0.004948317247415381,0.005040415414852882
2019Q3,TQ4,LA23,0.007602377898916658,0.007743873489770963
2020Q3,TQ4,LA23,0.003142198842519818,0.0032006815025132675
2021Q2,TQ4,LA23,0.01387548956209037,0.014133740417294573
2021Q3,TQ4,LA23,0.012818720420330295,0.013057302669724824
2021Q4,TQ4,LA23,0.003748875753765343,0.0038186498950763133
2022Q2,TQ4,LA23,0.006866160170656615,0.006993953264234061
2023Q2,TQ4,LA23,0.0050559248521244255,0.005150025814188975
2023Q3,TQ4,LA23,0.004148429320326833,0.004225639959629653
2021Q3,TQ5,LA23,0.006683712241284266,0.003226999566733807
2022Q3,TQ5,LA23,0.013084843262831495,0.006317564553291357
2023Q3,TQ5,LA23,0.011269554685379268,0.005441115172848015
2019Q2,TQ6,LA23,0.004948724495333068,0.00230731336649958
2020Q3,TQ6,LA23,0.013907975215857406,0.0064845107353936225
2021Q2,TQ6,LA23,0.0108958160093724,0.005080109418306389
2021Q4,TQ6,LA23,0.03231325423872015,0.015065862625896743
2022Q1,TQ6,LA23,0.012390575203735509,0.005777032003531053
2022Q2,TQ6,LA23,0.016502519886558632,0.0076942017586734066
2022Q3,TQ6,LA23,0.028466641331138774,0.01327240223306577
2019Q2,TQ7,LA23,0.010046996334762763,0.01035341078056135
2019Q3,TQ7,LA23,0.00252009842699523,0.002596956677673976
2020Q3,TQ7,LA23,0.022697374041919814,0.02338960115701036
2021Q2,TQ7,LA23,0.0070188508920686525,0.007232912611071648
2021Q3,TQ7,LA23,0.012033368253206495,0.012400363297450595
2019Q1,TQ9,LA23,0.002885863581748573,0.0032112376491511764
2019Q2,TQ9,LA23,0.016749106749999843,0.01863752761059569
2019Q3,TQ9,LA23,0.005855026958872515,0.0065151669420680965
2019Q4,TQ9,LA23,0.004985187363950461,0.005547255058220959
2020Q3,TQ9,LA23,0.006823240883122425,0.007592544620502862
2021Q2,TQ9,LA23,0.005516629662215008,0.006138616177066536
2021Q3,TQ9,LA23,0.02569317861678223,0.02859002172603921
2021Q4,TQ9,LA23,0.008489626649266523,0.009446811310063159
2022Q1,TQ9,LA23,0.006959366523770943,0.007744018094519428
2022Q2,TQ9,LA23,0.010564974125311223,0.011756149143041244
2022Q3,TQ9,LA23,0.006460802303868282,0.007189241977035369
2022Q4,TQ9,LA23,0.0061499550175377286,0.006843347418708283
2023Q1,TQ9,LA23,0.004536655002424582,0.005048151768895734
2023Q2,TQ9,LA23,0.0058085688046655036,0.006463470744492038
2023Q3,TQ9,LA23,0.006129032604034711,0.006820066054205497
2019Q1,TR1,LA23,0.002887267998876761,0.00918652276282706
2019Q2,TR1,LA23,0.0074110643234271,0.02358004561073811
2019Q3,TR1,LA23,0.008197389630691812,0.026081924666296673
2020Q1,TR1,LA23,0.0030686979689140835,0.009763784918697348
2020Q3,TR1,LA23,0.005980553546395603,0.019028538850443703
2020Q4,TR1,LA23,0.003258513166775025,0.010367726650659336
2021Q2,TR1,LA23,0.007536683671418873,0.023979733135493987
2021Q3,TR1,LA23,0.012715436733997231,0.040457155013526966
2021Q4,TR1,LA23,0.0093945683771192,0.029891030647974333
2022Q3,TR1,LA23,0.008884546552530313,0.028268276160705694
2022Q4,TR1,LA23,0.004591014492307153,0.014607393270890045
2023Q1,TR1,LA23,0.0027447645742645307,0.008733114574016614
2023Q2,TR1,LA23,0.007931766519498644,0.025236782213895897
2023Q3,TR1,LA23,0.0059107675446440225,0.01880649825917646
2019Q1,TR10,LA23,0.0015196957578832214,0.002615538387851664
2019Q2,TR10,LA23,0.0038529486145132703,0.006631284555085092
2019Q3,TR10,LA23,0.004021154884439032,0.0069207832615110244
2019Q4,TR10,LA23,0.005255773782253266,0.009045677737822631
2021Q3,TR10,LA23,0.0026229507680706203,0.004514343339939028
2023Q2,TR10,LA23,0.0026144228278121464,0.004499665957969881
2023Q3,TR10,LA23,0.0020023435688665057,0.0034462203654059905
2019Q2,TR11,LA23,0.00231155056026076,0.0026822734792680317
2019Q4,TR11,LA23,0.006998830263915293,0.008121291883263309
2020Q3,TR11,LA23,0.012377992479326135,0.014363155850733503
2020Q4,TR11,LA23,0.004969540850831775,0.005766548159267375
2021Q2,TR11,LA23,0.004216345983927034,0.00489255705954793
2021Q3,TR11,LA23,0.010307454306986251,0.011960547954995815
2021Q4,TR11,LA23,0.006849537171501018,0.007948055394602839
2022Q1,TR11,LA23,0.0030046169487933073,0.003486492787853354
2022Q2,TR11,LA23,0.01264000310269927,0.014667187334380116
2022Q3,TR11,LA23,0.014694963949035997,0.017051719636559742
2022Q4,TR11,LA23,0.00874735395311788,0.010150241108968729
2023Q1,TR11,LA23,0.002174158544912898,0.002522846744085919
2023Q2,TR11,LA23,0.007176100233831244,0.008326992137954065
2019Q2,TR13,LA23,0.004257600065705227,0.007326471883328182
2019Q3,TR13,LA23,0.0053162122737703136,0.009148130202109734
2019Q4,TR13,LA23,0.007325495639592122,0.012605702040270188
2020Q1,TR13,LA23,0.002169577296116244,0.00373340539585649
2020Q3,TR13,LA23,0.006303648094438604,0.010847308298941854
2021Q3,TR13,LA23,0.004808145640711252,0.00827384989289336
2021Q4,TR13,LA23,0.0050131033843485405,0.008626540874398278
2022Q1,TR13,LA23,0.003019450252358851,0.005195865519452222
2022Q2,TR13,LA23,0.004140709446025247,0.007125326678214059
2023Q2,TR13,LA23,0.003528777388146308,0.006072314899895563
2023Q3,TR13,LA23,0.003540626113793236,0.006092704169429058
2019Q3,TR14,LA23,0.003709026735344176,0.004807818676947732
2021Q2,TR14,LA23,0.003245565728005769,0.004207058249451963
2021Q3,TR14,LA23,0.009656934367734491,0.012517782353203772
2022Q1,TR14,LA23,0.0012892571577349811,0.0016711970780042393
2023Q3,TR14,LA23,0.0036182198368068155,0.004690110411697628
2019Q1,TR15,LA23,0.0013617725798315686,0.003448823250878352
2019Q2,TR15,LA23,0.002525931117784854,0.006397169467321065
2019Q3,TR15,LA23,0.005165057796974994,0.013081017848473002
2019Q4,TR15,LA23,0.002154170058359976,0.005455647950068697
2020Q3,TR15,LA23,0.0031881751122157325,0.00807436764238658
2021Q2,TR15,LA23,0.0029868211917639075,0.007564418996926519
2021Q3,TR15,LA23,0.011457303576538874,0.029016750338757957
2021Q4,TR15,LA23,0.006531483813504939,0.016541626386351208
2022Q1,TR15,LA23,0.0009231790338367596,0.002338041875548286
2022Q2,TR15,LA23,0.002778044611547801,0.0070356717341660685
2022Q3,TR15,LA23,0.0022810975403291826,0.0057771043059052845
2023Q1,TR15,LA23,0.002293744610619861,0.005809134257690171
2023Q2,TR15,LA23,0.002008571732214462,0.00508690584148422
2023Q3,TR15,LA23,0.002865717642840521,0.007257712325433311
2019Q1,TR18,LA23,0.0025014158443579073,0.005405976218971142
2019Q2,TR18,LA23,0.00462104033647341,0.00998683774320384
2019Q3,TR18,LA23,0.0041660154344536965,0.009003453151270999
2019Q4,TR18,LA23,0.004463934466325289,0.009647305793809192
2020Q3,TR18,LA23,0.005232568914079343,0.01130845284179515
2020Q4,TR18,LA23,0.0024325649327810693,0.0052571779328011705
2021Q2,TR18,LA23,0.004800527771172016,0.010374739980959865
2021Q3,TR18,LA23,0.0075833357522028,0.016388851469598467
2021Q4,TR18,LA23,0.005427311944345997,0.01172932496220108
2022Q1,TR18,LA23,0.0014049199129046255,0.0030362659035091297
2022Q3,TR18,LA23,0.005984944108662192,0.012934460935904231
2022Q4,TR18,LA23,0.0027426282216509103,0.005927276337185669
2023Q1,TR18,LA23,0.0032776111793891075,0.007083463603533588
2023Q2,TR18,LA23,0.002790569599828562,0.0060308856394604825
2023Q3,TR18,LA23,0.005837807904038804,0.012616475094030794
2019Q2,TR26,LA23,0.011835202190077084,0.007025694006522019
2019Q3,TR26,LA23,0.008602691810183433,0.005106788994398089
2021Q3,TR26,LA23,0.0043515874473564545,0.002583219226569848
2021Q3,TR27,LA23,0.00708276722157871,0.004613614499759908
2023Q3,TR27,LA23,0.005845475163610714,0.003807659934193011
2019Q2,TR3,LA23,0.030017085027326564,0.007141305502919387
2021Q3,TR3,LA23,0.030770475265078333,0.0073205430886411375
2022Q3,TR3,LA23,0.020522666141645596,0.004882507029529647
2019Q2,TR4,LA23,0.009619351468694571,0.0039070756987623564
2019Q3,TR4,LA23,0.01016620086563431,0.004129188592403829
2019Q4,TR4,LA23,0.009737372676432541,0.0039550121728783375
2021Q4,TR4,LA23,0.010905302003685679,0.0044293880502161345
2019Q2,TR7,LA23,0.004202323945507314,0.005034920434411232
2019Q3,TR7,LA23,0.0037333741145189406,0.004473058684252414
2020Q3,TR7,LA23,0.003099739675530661,0.003713883754813782
2021Q2,TR7,LA23,0.00550205904521489,0.0065921689706254435
2021Q3,TR7,LA23,0.007174733271869855,0.008596246179594966
2021Q4,TR7,LA23,0.001863186981310773,0.002232335804420736
2022Q2,TR7,LA23,0.005816764149912402,0.006969225852246632
2022Q3,TR7,LA23,0.005425057374343553,0.006499911141105093
2023Q2,TR7,LA23,0.0037245635785101523,0.004462502537614504
2021Q2,TR8,LA23,0.014223952929602528,0.007619441103717261
2021Q3,TR8,LA23,0.011270724324422342,0.006037465155515618
2021Q4,TR8,LA23,0.011103491680829186,0.00594788251384186
2022Q2,TR8,LA23,0.007901371231592685,0.004232580987555947
2019Q1,TS1,LA23,0.013834969791857828,0.010624978498177685
2019Q2,TS1,LA23,0.025294254817753024,0.01942547888497876
2019Q3,TS1,LA23,0.016774401897861044,0.01288240322645701
2019Q4,TS1,LA23,0.011616697442820359,0.008921389956517397
2020Q1,TS1,LA23,0.006384617503706179,0.0049032578109343035
2020Q3,TS1,LA23,0.005057627063179775,0.003884155846130732
2021Q2,TS1,LA23,0.0067721231903473044,0.005200854383274247
2021Q3,TS1,LA23,0.006830211384870525,0.005245464948175546
2022Q2,TS1,LA23,0.008750511066702172,0.00672021647539076
2023Q1,TS1,LA23,0.01109738710085912,0.008522570060252302
2023Q2,TS1,LA23,0.015395913495577429,0.011823751862948395
2023Q3,TS1,LA23,0.006431784741074304,0.004939481300424662
2019Q1,TS10,LA23,0.022411210523692045,0.04432186152098922
2019Q2,TS10,LA23,0.030954719757453737,0.061218058750575385
2019Q3,TS10,LA23,0.090552138441411,0.17908177410527862
2019Q4,TS10,LA23,0.02918253604841705,0.057713273462041276
2020Q1,TS10,LA23,0.017156006185866237,0.033928829039348594
2020Q2,TS10,LA23,0.0021138685079939946,0.004180523278108728
2020Q3,TS10,LA23,0.10283030713032854,0.20336387576981188
2020Q4,TS10,LA23,0.02044087449169917,0.0404251973641163
2021Q2,TS10,LA23,0.03018788489140092,0.05970151645105394
2021Q3,TS10,LA23,0.07222564429027435,0.1428381122525103
2021Q4,TS10,LA23,0.037389551927845,0.07394399963919379
2022Q1,TS10,LA23,0.017978850158702986,0.035556138576193864
2022Q2,TS10,LA23,0.029751766983551375,0.058839021428837415
2022Q3,TS10,LA23,0.03963002587760972,0.07837490603926882
2022Q4,TS10,LA23,0.02307099926398551,0.045626702468758634
2023Q1,TS10,LA23,0.03134967170300647,0.06199914129940639
2023Q2,TS10,LA23,0.04301861339750663,0.08507639619973342
2023Q3,TS10,LA23,0.04543131900657885,0.08984791908481657
2019Q1,TS11,LA23,0.04286863165090714,0.01102741351315439
2019Q2,TS11,LA23,0.059243921649345686,0.01523974983592531
2019Q3,TS11,LA23,0.09254962004215336,0.02380721967057584
2019Q4,TS11,LA23,0.05743437621491473,0.014774267150618081
2020Q1,TS11,LA23,0.034948005626945625,0.00898993260728957
2020Q3,TS11,LA23,0.13941932023284376,0.03586385748092631
2020Q4,TS11,LA23,0.02028388565100096,0.005217773138844594
2021Q2,TS11,LA23,0.11803953249286385,0.030364177384950168
2021Q3,TS11,LA23,0.13660353487059934,0.03513953229586763
2021Q4,TS11,LA23,0.030224580490938763,0.007774891208316598
2022Q1,TS11,LA23,0.01147141624967855,0.0029508767995408422
2022Q2,TS11,LA23,0.05120327762282094,0.013171395816263316
2022Q3,TS11,LA23,0.09850695391645656,0.02533966849242839
2022Q4,TS11,LA23,0.024518244453377837,0.006307008406653447
2023Q3,TS11,LA23,0.01640142975075325,0.0042190604435745176
2019Q1,TS12,LA23,0.013815487860005828,0.013794642282145315
2019Q2,TS12,LA23,0.0584865862780491,0.05839833845789184
2019Q3,TS12,LA23,0.04267630275384821,0.042611910370396494
2019Q4,TS12,LA23,0.01860913796054718,0.0185810594563203
2020Q1,TS12,LA23,0.0075607882416605,0.007549380103086209
2020Q4,TS13,LA23,0.0561691459819487,0.004560399952324971
2021Q3,TS13,LA23,0.17139898148206367,0.013915965666107031
2021Q4,TS13,LA23,0.04792196868323882,0.0038908076645600993
2022Q2,TS13,LA23,0.0831548077552783,0.00675137879868486
2019Q1,TS14,LA23,0.02325577419297254,0.030652230043891462
2019Q2,TS14,LA23,0.044359506782990665,0.0584679656442775
2019Q3,TS14,LA23,0.08401453904555177,0.11073520737202296
2019Q4,TS14,LA23,0.045390024831296914,0.05982623804660458
2020Q1,TS14,LA23,0.028061841358215444,0.03698685795750163
2020Q3,TS14,LA23,0.13547412099240766,0.17856141391792912
2020Q4,TS14,LA23,0.035113862981661366,0.04628176197930283
2021Q2,TS14,LA23,0.07608312666130541,0.10028122398890456
2021Q3,TS14,LA23,0.15576758092770782,0.2053091711485306
2021Q4,TS14,LA23,0.08049505605495882,0.106096359343656
2022Q1,TS14,LA23,0.05638018768789261,0.07431180181691327
2022Q2,TS14,LA23,0.07847181549413276,0.10342963087484792
2022Q3,TS14,LA23,0.10569239076117264,0.13930765962112374
2022Q4,TS14,LA23,0.04759790947551479,0.06273633630707841
2023Q1,TS14,LA23,0.044160435666345116,0.05820558032818865
2023Q2,TS14,LA23,0.09323072536833643,0.12288258466203493
2023Q3,TS14,LA23,0.06371125995073668,0.08397450801643393
2019Q2,TS15,LA23,0.04304414098633602,0.005800819484653462
2019Q3,TS15,LA23,0.0544819827124696,0.007342233800910813
2019Q4,TS15,LA23,0.13299368037741338,0.017922818641309894
2020Q1,TS15,LA23,0.0772181737472315,0.010406263816125126
2020Q3,TS15,LA23,0.8477721420091198,0.11424953657395573
2020Q4,TS15,LA23,0.484565540873999,0.06530220296383253
2021Q2,TS15,LA23,0.4946948364220736,0.06666727178933743
2021Q3,TS15,LA23,1.2994416152702906,0.1751185194617378
2021Q4,TS15,LA23,0.6460687888429979,0.08706709746946997
2022Q1,TS15,LA23,0.3729812640371532,0.05026461056626059
2022Q2,TS15,LA23,0.6918201557475322,0.09323275473449938
2022Q3,TS15,LA23,0.962947812087428,0.12977112106463834
2022Q4,TS15,LA23,0.4583205790296816,0.061765315421139284
2023Q1,TS15,LA23,0.26905833997713496,0.03625949607272518
2023Q2,TS15,LA23,0.6866492791324716,0.09253590445164894
2023Q3,TS15,LA23,0.9104315994431864,0.1226938031629145
2019Q1,TS16,LA23,0.050495551434963835,0.01497534005335797
2019Q2,TS16,LA23,0.0822923335323962,0.024405232607850786
2019Q3,TS16,LA23,0.11094144801246086,0.03290162920863101
2019Q4,TS16,LA23,0.04345931604615975,0.012888621230640985
2020Q1,TS16,LA23,0.08171794697004485,0.0242348882141596
2020Q3,TS16,LA23,0.26961549206466995,0.07995919566344589
2020Q4,TS16,LA23,0.08720070562909392,0.025860896308268683
2021Q2,TS16,LA23,0.17265630980941407,0.05120425222178292
2021Q3,TS16,LA23,0.4989868675671741,0.1479832938076257
2021Q4,TS16,LA23,0.25349463593185123,0.07517827346971255
2022Q1,TS16,LA23,0.13960202096809024,0.04140142402100015
2022Q2,TS16,LA23,0.247467965379506,0.07339095877869133
2022Q3,TS16,LA23,0.2505505391037719,0.0743051499984839
2022Q4,TS16,LA23,0.25064342589505195,0.07433269720306639
2023Q1,TS16,LA23,0.29965644562982113,0.08886836651871803
2023Q2,TS16,LA23,0.6026163453852199,0.17871643020828307
2023Q3,TS16,LA23,0.3771242733547594,0.1118428074428868
2019Q1,TS17,LA23,0.033752331625674245,0.12042683452123652
2019Q2,TS17,LA23,0.053054851561470134,0.1892973765605533
2019Q3,TS17,LA23,0.053759605757722345,0.1918119085316025
2019Q4,TS17,LA23,0.036442852052110605,0.13002649305042666
2020Q1,TS17,LA23,0.031274262835143014,0.1115851940834973
2020Q2,TS17,LA23,0.0015429492569107007,0.00550517507641779
2020Q3,TS17,LA23,0.06188081473905045,0.22078802493604194
2020Q4,TS17,LA23,0.024278293689616082,0.08662388391542628
2021Q2,TS17,LA23,0.0318058174766374,0.11348175766198347
2021Q3,TS17,LA23,0.04312881689335705,0.1538817214974927
2021Q4,TS17,LA23,0.02600037996115873,0.09276821198005716
2022Q1,TS17,LA23,0.03950919545064696,0.1409670714121281
2022Q3,TS17,LA23,0.0358912964792314,0.12805856702857327
2022Q4,TS17,LA23,0.016097325086551602,0.05743454780937594
2023Q1,TS17,LA23,0.017813210461433908,0.06355675134749178
2023Q2,TS17,LA23,0.03065749652548942,0.10938459902136452
2023Q3,TS17,LA23,0.026927191103829136,0.09607503336794336
2019Q1,TS18,LA23,0.029904206388557914,0.0672978930973911
2019Q2,TS18,LA23,0.04037596688946917,0.09086405665227662
2019Q3,TS18,LA23,0.055449449578599735,0.1247861615708216
2019Q4,TS18,LA23,0.052109489407666736,0.11726975135038532
2020Q1,TS18,LA23,0.03751506697468559,0.0844257471340174
2020Q2,TS18,LA23,0.0005213085451197492,0.0011731783242924976
2020Q3,TS18,LA23,0.03108780103925504,0.06996151256410721
2020Q4,TS18,LA23,0.012171298324668777,0.027390886849397337
2021Q2,TS18,LA23,0.016416914022434063,0.03694542869706655
2021Q3,TS18,LA23,0.013199843361243637,0.029705575058068614
2021Q4,TS18,LA23,0.002447220090614841,0.0055073441476447575
2022Q1,TS18,LA23,0.008733155057847327,0.019653520573307274
2022Q2,TS18,LA23,0.013260308212834622,0.0298416481263737
2022Q3,TS18,LA23,0.016361975182784438,0.036821791637129404
2022Q4,TS18,LA23,0.004911082473006586,0.011052140925141821
2023Q1,TS18,LA23,0.011259345714461449,0.025338583956814903
2023Q2,TS18,LA23,0.0064220290752768135,0.014452449282910331
2023Q3,TS18,LA23,0.008449593538111906,0.01901537981833343
2019Q1,TS19,LA23,0.029205026120705906,0.02394669095046985
2019Q2,TS19,LA23,0.02397954484972013,0.01966205225346668
2019Q3,TS19,LA23,0.027613397080184586,0.022641633095577728
2019Q4,TS19,LA23,0.02078905609935213,0.017046007748995392
2020Q1,TS19,LA23,0.02073650147840195,0.01700291553395297
2020Q4,TS19,LA23,0.022635698501933702,0.01856016407016718
2021Q2,TS19,LA23,0.018236894364182684,0.014953360131591362
2021Q3,TS19,LA23,0.023187345664122148,0.01901248772336414
2021Q4,TS19,LA23,0.009811489201148256,0.008044940576074055
2022Q1,TS19,LA23,0.006650187664764335,0.00545282815747364
2022Q2,TS19,LA23,0.023439184585990785,0.01921898330417145
2022Q3,TS19,LA23,0.010712677499991906,0.008783870840727657
2022Q4,TS19,LA23,0.0039016515321854154,0.0031991631526543905
2023Q2,TS19,LA23,0.013381147196626593,0.010971885289744021
2020Q3,TS2,LA23,0.1001206143197172,0.006782613424353192
2021Q2,TS2,LA23,0.048846274404060336,0.003309062761487411
2021Q3,TS2,LA23,0.10491911213955804,0.00710768489890139
2021Q4,TS2,LA23,0.06986318255982228,0.004732841114868889
2022Q2,TS2,LA23,0.07891799917537602,0.005346254457855303
2022Q3,TS2,LA23,0.12625300291375696,0.008552937057429847
2022Q4,TS2,LA23,0.08088393177861151,0.0054794354311911075
2023Q1,TS2,LA23,0.07421875853908616,0.005027907104110703
2023Q3,TS2,LA23,0.09296876069632898,0.006298115214622881
2019Q1,TS20,LA23,0.03268780699538413,0.020853595380814167
2019Q2,TS20,LA23,0.04769018463372995,0.030424549867434106
2019Q3,TS20,LA23,0.05293740147599334,0.033772077492013074
2019Q4,TS20,LA23,0.028860089298876568,0.01841165499349414
2020Q1,TS20,LA23,0.028610982782120375,0.01825273437493165
2020Q3,TS20,LA23,0.0509637026637508,0.03251293164475843
2020Q4,TS20,LA23,0.01559103061743211,0.009946493018382244
2021Q2,TS20,LA23,0.021299967181835952,0.013588580515583402
2021Q3,TS20,LA23,0.052589241685513335,0.0335499645983716
2021Q4,TS20,LA23,0.026383190789455925,0.016831486604648303
2022Q1,TS20,LA23,0.00982792075229603,0.006269844986298071
2022Q2,TS20,LA23,0.019971701314509944,0.012741196689581423
2022Q3,TS20,LA23,0.019366275012184384,0.012354957406432743
2022Q4,TS20,LA23,0.006665015989042255,0.004252030326224423
2023Q1,TS20,LA23,0.00801345517756144,0.00511228397483974
2023Q2,TS20,LA23,0.010353900435765314,0.006605400305109946
2023Q3,TS20,LA23,0.0056345899424784275,0.003594657139704801
2019Q1,TS21,LA23,0.024633968367310608,0.01466928410323285
2019Q2,TS21,LA23,0.06529832579459167,0.03888450607160128
2019Q3,TS21,LA23,0.0587797121077094,0.03500273620382021
2019Q4,TS21,LA23,0.08199577757985886,0.04882767318076884
2020Q1,TS21,LA23,0.04597378333090338,0.02737693249117051
2020Q3,TS21,LA23,0.23125913656799485,0.13771252464081182
2020Q4,TS21,LA23,0.10424415285895863,0.06207636023508644
2021Q2,TS21,LA23,0.18222249843033214,0.10851169245725856
2021Q3,TS21,LA23,0.2189046346591636,0.13035554115555764
2021Q4,TS21,LA23,0.15342855498218486,0.09136518440808036
2022Q2,TS21,LA23,0.16360557183177482,0.09742549711385336
2022Q3,TS21,LA23,0.1970243944698162,0.11732607489991224
2022Q4,TS21,LA23,0.12914778746450808,0.07690622791148911
2023Q1,TS21,LA23,0.07856272360137957,0.04678332354935195
2023Q2,TS21,LA23,0.11584356501740395,0.06898369525499026
2023Q3,TS21,LA23,0.136755143681011,0.08143633316901076
2020Q3,TS22,LA23,0.4532288769932196,0.01780127835022548
2020Q4,TS22,LA23,0.18335072816016532,0.007201388775906387
2021Q2,TS22,LA23,0.7401882941528788,0.029072061655045625
2021Q3,TS22,LA23,0.9873411215620794,0.03877937841946759
2021Q4,TS22,LA23,0.5537854329088131,0.02175079554266217
2022Q1,TS22,LA23,0.3923721413957165,0.015411034160481509
2022Q2,TS22,LA23,0.6720546694838088,0.02639600617996157
2022Q3,TS22,LA23,0.4992722742757977,0.019609705334522533
2022Q4,TS22,LA23,0.31847664908333656,0.012508672254050508
2023Q1,TS22,LA23,0.049231753435361715,0.0019336546964673087
2023Q2,TS22,LA23,0.3200929173871149,0.012572153738626423
2023Q3,TS22,LA23,0.5169794323783532,0.02030518187226255
2019Q1,TS23,LA23,0.02936563095315202,0.05088764012501989
2019Q2,TS23,LA23,0.03841489177029097,0.06656908516513002
2019Q3,TS23,LA23,0.04864392315397111,0.08429495213903128
2019Q4,TS23,LA23,0.037600701544110285,0.06515817663436188
2020Q1,TS23,LA23,0.03324444587458725,0.05760923034552106
2020Q3,TS23,LA23,0.08663778419901921,0.15013443404578364
2020Q4,TS23,LA23,0.015682278414622802,0.02717578728605639
2021Q2,TS23,LA23,0.023182391496399318,0.04017271747329729
2021Q3,TS23,LA23,0.04287061600080686,0.07429040031414051
2021Q4,TS23,LA23,0.022199388435580582,0.03846927353638546
2022Q1,TS23,LA23,0.02959385789469185,0.0512831341120703
2022Q2,TS23,LA23,0.020202465282191547,0.03500880960325572
2022Q3,TS23,LA23,0.02931114020623227,0.05079321322427257
2022Q4,TS23,LA23,0.01363507857667152,0.023628198991976785
2023Q1,TS23,LA23,0.056761792743323276,0.09836239127915486
2023Q2,TS23,LA23,0.059794206981746235,0.1036172555359806
2023Q3,TS23,LA23,0.05665498086574704,0.0981772972011203
2019Q1,TS24,LA23,0.020745278953317542,0.020469886680763612
2019Q2,TS24,LA23,0.013878669657747237,0.013694431191459416
2019Q3,TS24,LA23,0.02704569157802164,0.026686661724375216
2019Q4,TS24,LA23,0.015272874919371569,0.01507012846597645
2020Q1,TS24,LA23,0.0062919127135069395,0.0062083879682006595
2020Q3,TS24,LA23,0.036386581058028215,0.03590355148437982
2020Q4,TS24,LA23,0.03666378074819087,0.036177071366100426
2021Q2,TS24,LA23,0.05363026297359719,0.05291832460770688
2021Q3,TS24,LA23,0.0536719565035212,0.05295946465864503
2021Q4,TS24,LA23,0.04663571535949027,0.04601662917299317
2022Q1,TS24,LA23,0.043287556373869815,0.04271291678719895
2022Q2,TS24,LA23,0.033847452413165315,0.03339812961248387
2022Q3,TS24,LA23,0.03482596805219046,0.03436365551798135
2022Q4,TS24,LA23,0.006013833722185957,0.005934000457989268
2023Q1,TS24,LA23,0.030296980886033057,0.0298947903714344
2023Q2,TS24,LA23,0.039970172928790786,0.03943957139858226
2023Q3,TS24,LA23,0.02943248129720435,0.02904176696024232
2019Q1,TS25,LA23,0.022409600929417944,0.035350366019128866
2019Q2,TS25,LA23,0.05595080458180119,0.08826044815617327
2019Q3,TS25,LA23,0.0490193863659781,0.07732637700815273
2019Q4,TS25,LA23,0.0302439135188218,0.04770872163715053
2020Q1,TS25,LA23,0.024620612741548645,0.0388381602497184
2020Q2,TS25,LA23,0.0005840693945144294,0.0009213491548415687
2020Q3,TS25,LA23,0.062467924496045685,0.09854097814350853
2020Q4,TS25,LA23,0.01921374260705169,0.030309010673410963
2021Q1,TS25,LA23,0.001723240761638468,0.002718352364009924
2021Q2,TS25,LA23,0.01785227377752516,0.0281613409492162
2021Q3,TS25,LA23,0.05520489346775208,0.08708379931791763
2021Q4,TS25,LA23,0.02524171643495405,0.039817929722939634
2022Q1,TS25,LA23,0.01691816609015138,0.026687818562362933
2022Q2,TS25,LA23,0.02661895234222624,0.0419904714638703
2022Q3,TS25,LA23,0.05931964241408641,0.09357467266224367
2022Q4,TS25,LA23,0.01624458186180766,0.025625262870645774
2023Q1,TS25,LA23,0.012414786178103496,0.019583893386921614
2023Q2,TS25,LA23,0.024204801900535155,0.03818223311068343
2023Q3,TS25,LA23,0.01710544597290944,0.02698324606347591
2019Q1,TS26,LA23,0.03060083360281514,0.04261935751494241
2019Q2,TS26,LA23,0.03995058071774714,0.05564123202129344
2019Q3,TS26,LA23,0.05614172649645105,0.0781914749158416
2019Q4,TS26,LA23,0.032538394951435685,0.0453178990284127
2020Q1,TS26,LA23,0.026226719943353943,0.03652730406688145
2020Q3,TS26,LA23,0.1053739959488274,0.1467597930308676
2020Q4,TS26,LA23,0.016765411074592253,0.023350051758305318
2021Q2,TS26,LA23,0.04088860274192056,0.056947663621295976
2021Q3,TS26,LA23,0.11562428366109938,0.16103589682302544
2021Q4,TS26,LA23,0.05299479212911645,0.0738085772922568
2022Q1,TS26,LA23,0.05569091110777863,0.07756360109800874
2022Q2,TS26,LA23,0.08698878504036169,0.12115376259176758
2022Q3,TS26,LA23,0.08834761654640738,0.12304627723729672
2022Q4,TS26,LA23,0.07668461128784995,0.10680260893515664
2023Q1,TS26,LA23,0.042050371233756136,0.0585657184542395
2023Q2,TS26,LA23,0.09334977771532953,0.13001304480881945
2023Q3,TS26,LA23,0.08815725035222706,0.12278114443098707
2019Q2,TS27,LA23,0.02086231768464111,0.0030801534446681057
2019Q3,TS27,LA23,0.047787787766022716,0.007055482584705707
2020Q3,TS27,LA23,0.15594118464996884,0.023023461933898242
2021Q2,TS27,LA23,0.051983659645133636,0.00767496932712763
2021Q3,TS27,LA23,0.21676565604038608,0.03200370602304069
2021Q4,TS27,LA23,0.0234401736103694,0.003460753142626673
2022Q1,TS27,LA23,0.061352873089478926,0.009058258350939048
2022Q2,TS27,LA23,0.08684690835495935,0.012822247651095778
2022Q4,TS27,LA23,0.037752073198023116,0.005573790029564195
2023Q3,TS27,LA23,0.041813763366714315,0.006173465921446481
2019Q3,TS28,LA23,0.058148571454657974,0.0029470447737065327
2020Q3,TS28,LA23,0.1877402810319317,0.009514920146589941
2021Q3,TS28,LA23,0.2185407633112758,0.011075928406264231
2022Q3,TS28,LA23,0.18932524332060013,0.009595248084361971
2019Q1,TS29,LA23,0.030422126808725282,0.004032737225178007
2019Q2,TS29,LA23,0.02296113511666144,0.003043713048055052
2020Q3,TS29,LA23,0.04929632496006511,0.0065346885831108065
2021Q2,TS29,LA23,0.04391343680969022,0.005821136451812725
2021Q3,TS29,LA23,0.12790700027395518,0.01695526826933392
2021Q4,TS29,LA23,0.049422320214167516,0.006551390431558456
2022Q2,TS29,LA23,0.03839091755520184,0.005089074912711189
2022Q3,TS29,LA23,0.07973154218480102,0.010569161065270387
2022Q4,TS29,LA23,0.024377627215812683,0.003231482313936207
2023Q2,TS29,LA23,0.02439835370782952,0.003234229804157032
2023Q3,TS29,LA23,0.038175471125026735,0.00506051547488945
2019Q1,TS3,LA23,0.015367208715260625,0.021433388119782588
2019Q2,TS3,LA23,0.028880706181237233,0.040281315639394126
2019Q3,TS3,LA23,0.0277638864951561,0.038723633288934516
2019Q4,TS3,LA23,0.02178793696898891,0.030388687889814914
2020Q1,TS3,LA23,0.0076760617813062875,0.0107061740644405
2020Q3,TS3,LA23,0.03653328488986459,0.05095473672830742
2020Q4,TS3,LA23,0.012542552761172505,0.017493704050241487
2021Q2,TS3,LA23,0.02287878530978937,0.031910146750784164
2021Q3,TS3,LA23,0.029796390498677675,0.0415584647778326
2021Q4,TS3,LA23,0.011958171572851277,0.016678639385521325
2022Q1,TS3,LA23,0.017851023161922854,0.02489768407874664
2022Q2,TS3,LA23,0.024493570550293782,0.034162365708118765
2022Q3,TS3,LA23,0.018999672001701242,0.026499760086984847
2022Q4,TS3,LA23,0.00350955298771715,0.004894943037897595
2023Q1,TS3,LA23,0.02080408435006328,0.029016461129261026
2023Q2,TS3,LA23,0.030223181088888683,0.04215373022488672
2023Q3,TS3,LA23,0.012504502925970893,0.017440634107555014
2019Q1,TS4,LA23,0.01175648041803072,0.008667030203968338
2019Q2,TS4,LA23,0.0261373573548989,0.01926879964001747
2019Q3,TS4,LA23,0.04068574687647407,0.029994061531255282
2019Q4,TS4,LA23,0.022058112076375543,0.016261526988575473
2020Q1,TS4,LA23,0.01236758751130312,0.009117546297809493
2020Q3,TS4,LA23,0.06330524187724236,0.04666944730993616
2020Q4,TS4,LA23,0.024855121094676882,0.018323518399305027
2021Q2,TS4,LA23,0.024226556600890514,0.01786013248285053
2021Q3,TS4,LA23,0.04400834134058616,0.03244352136549547
2021Q4,TS4,LA23,0.030377249948264205,0.02239450358045189
2022Q1,TS4,LA23,0.033279493746068235,0.024534075438732653
2022Q2,TS4,LA23,0.04684095168690193,0.03453175853807133
2022Q3,TS4,LA23,0.0564781232975946,0.041636406737254966
2022Q4,TS4,LA23,0.026840753290214202,0.01978735226801117
2023Q1,TS4,LA23,0.041852842753530975,0.03085445978461907
2023Q2,TS4,LA23,0.039336917498561164,0.028999686978439142
2023Q3,TS4,LA23,0.032535592718549194,0.02398566193018103
2019Q1,TS5,LA23,0.024104739084627704,0.029444635789464414
2019Q2,TS5,LA23,0.04536427100041771,0.055413768751958775
2019Q3,TS5,LA23,0.048555740041516124,0.05931224046818749
2019Q4,TS5,LA23,0.02413439330650849,0.029480859278954767
2020Q1,TS5,LA23,0.03848756940738346,0.047013678913655904
2020Q2,TS5,LA23,0.001858863948435536,0.002270656062763829
2020Q3,TS5,LA23,0.049128048766796266,0.06001133212463911
2020Q4,TS5,LA23,0.02719528906722962,0.033219831957627136
2021Q2,TS5,LA23,0.027445781416530025,0.03352581560537803
2021Q3,TS5,LA23,0.056983458062023866,0.06960694172087227
2021Q4,TS5,LA23,0.027220681604528733,0.033250849676172776
2022Q1,TS5,LA23,0.025059001290540058,0.03061029466683675
2022Q2,TS5,LA23,0.04152715674519624,0.05072662273760467
2022Q3,TS5,LA23,0.062254984319359226,0.07604626347237073
2022Q4,TS5,LA23,0.022927034388495814,0.028006035449365325
2023Q1,TS5,LA23,0.030005159768077633,0.03665217026718054
2023Q2,TS5,LA23,0.0365443004282054,0.04463991966523689
2023Q3,TS5,LA23,0.02911559230171757,0.03556553788484405
2019Q1,TS6,LA23,0.009101773484050191,0.005916792492921992
2019Q2,TS6,LA23,0.019357701762488886,0.012583866723252048
2019Q3,TS6,LA23,0.03887667599793367,0.02527257188914086
2019Q4,TS6,LA23,0.019896240599766437,0.012933954819284605
2020Q1,TS6,LA23,0.012876661575169571,0.008370735074364576
2020Q3,TS6,LA23,0.01787710923835862,0.01162137751747233
2020Q4,TS6,LA23,0.019972872830019268,0.012983771155130623
2021Q2,TS6,LA23,0.004971418618056986,0.0032317715234331354
2021Q3,TS6,LA23,0.01716940113807009,0.011161317510232518
2021Q4,TS6,LA23,0.01595896781173974,0.010374450771462936
2022Q2,TS6,LA23,0.014333786173924876,0.009317968479181293
2022Q3,TS6,LA23,0.008828055169605734,0.005738856349936422
2022Q4,TS6,LA23,0.004364922897347676,0.002837506676744673
2023Q2,TS6,LA23,0.02271839765409947,0.01476855526305373
2023Q3,TS6,LA23,0.03092427474528087,0.020102952131534943
2019Q2,TS7,LA23,0.06315356653130406,0.029510214042893064
2019Q3,TS7,LA23,0.07657603972961605,0.035782228100418104
2019Q4,TS7,LA23,0.05049190697168968,0.023593710759468003
2020Q1,TS7,LA23,0.024340001918918996,0.011373524978604176
2020Q3,TS7,LA23,0.015719304122214166,0.007345270500628566
2021Q2,TS7,LA23,0.016560113825830742,0.007738161602206616
2021Q3,TS7,LA23,0.041041230660042026,0.0191776263461106
2021Q4,TS7,LA23,0.026804561535997543,0.01252515719537546
2022Q1,TS7,LA23,0.009109339137157745,0.004256585375801055
2022Q2,TS7,LA23,0.016114178315005757,0.00752978615966927
2022Q3,TS7,LA23,0.026447132309763772,0.012358138710898962
2022Q4,TS7,LA23,0.010315159899079714,0.004820037778192982
2023Q1,TS7,LA23,0.03300804748325478,0.01542390398309485
2023Q2,TS7,LA23,0.020086439395470387,0.009385932710959609
2023Q3,TS7,LA23,0.035051738054724745,0.016378873741954417
2019Q1,TS8,LA23,0.025337762887447143,0.044627266749746236
2019Q2,TS8,LA23,0.03423743088971839,0.060302204576175474
2019Q3,TS8,LA23,0.06587512112535097,0.1160254997922225
2019Q4,TS8,LA23,0.052491321264428105,0.09245268441890762
2020Q1,TS8,LA23,0.024449179495715883,0.04306220955711495
2020Q3,TS8,LA23,0.017925648999846784,0.03157235005837108
2020Q4,TS8,LA23,0.0058123682174641925,0.010237293167544357
2021Q2,TS8,LA23,0.009542357717735744,0.01680690379740934
2021Q3,TS8,LA23,0.020571038029226173,0.036231659658645776
2021Q4,TS8,LA23,0.009441824560277095,0.016629835282914555
2022Q1,TS8,LA23,0.007086622909450252,0.012481631166087644
2022Q2,TS8,LA23,0.02361293574292286,0.041589337891629774
2022Q3,TS8,LA23,0.014998487984842185,0.026416756961366226
2022Q4,TS8,LA23,0.01120154479742688,0.01972922115912844
2023Q1,TS8,LA23,0.008104926504353963,0.014275163861292853
2023Q2,TS8,LA23,0.007159159491414085,0.012609389461356032
2023Q3,TS8,LA23,0.03246453337876532,0.05717960963783302
2019Q1,TS9,LA23,0.02662894075352005,0.01080992797146378
2019Q3,TS9,LA23,0.042265228210494686,0.01715742570768729
2019Q4,TS9,LA23,0.03636521957293797,0.01476233725886976
2020Q1,TS9,LA23,0.09143143253252632,0.03711627920737735
2020Q3,TS9,LA23,0.27234027372622005,0.11055560827443006
2020Q4,TS9,LA23,0.13734698607740262,0.055755542074954624
2021Q2,TS9,LA23,0.1193089110071498,0.04843304682220922
2021Q3,TS9,LA23,0.29014395854811736,0.1177829536026858
2021Q4,TS9,LA23,0.14501560806311298,0.05886859309989841
2022Q1,TS9,LA23,0.11222608653423674,0.04555779830611531
2022Q2,TS9,LA23,0.14440897190361535,0.058622331213263365
2022Q3,TS9,LA23,0.15545701681660345,0.06310724748688985
2022Q4,TS9,LA23,0.10308914144256676,0.04184868650800085
2023Q1,TS9,LA23,0.06684539158800147,0.02713565946835749
2023Q2,TS9,LA23,0.1503722089136388,0.061043087004933334
2023Q3,TS9,LA23,0.2026586888898803,0.0822686057987982
2019Q1,TW1,LA23,0.0071603361009255784,0.02066459697457107
2019Q2,TW1,LA23,0.019121445466909737,0.05518413641139715
2019Q3,TW1,LA23,0.01679818436860867,0.04847924803934362
2019Q4,TW1,LA23,0.009924804859870856,0.028642802459228758
2020Q1,TW1,LA23,0.005110553102879585,0.01474896131963679
2020Q3,TW1,LA23,0.02058443805966309,0.05940630585706365
2020Q4,TW1,LA23,0.00683226760304721,0.019717797383999747
2021Q2,TW1,LA23,0.03277292808137418,0.09458206164242164
2021Q3,TW1,LA23,0.027606807515470976,0.07967273365673773
2021Q4,TW1,LA23,0.007524029906477334,0.021714210541300648
2022Q1,TW1,LA23,0.009249978356713037,0.026695265706908854
2022Q2,TW1,LA23,0.006822471896084977,0.019689527155674937
2022Q3,TW1,LA23,0.015230044507004954,0.04395362552902436
2022Q4,TW1,LA23,0.003346499102031209,0.00965793424282133
2023Q1,TW1,LA23,0.0020508101693642823,0.005918600052277798
2023Q2,TW1,LA23,0.00604956305850991,0.017458926608235774
2023Q3,TW1,LA23,0.008493203624722822,0.024511227888475262
2019Q2,TW10,LA23,0.027064414648022516,0.05298281832552205
2019Q3,TW10,LA23,0.02979536124607344,0.05832907278337735
2019Q4,TW10,LA23,0.008150883755915408,0.01595662787643807
2020Q1,TW10,LA23,0.005355932039673142,0.01048507340403828
2020Q3,TW10,LA23,0.03415694256614736,0.06686754936596075
2020Q4,TW10,LA23,0.012590984915155395,0.024648819306639237
2021Q2,TW10,LA23,0.020676940224573184,0.04047833960917701
2021Q3,TW10,LA23,0.025581364722475332,0.050079516488226034
2021Q4,TW10,LA23,0.01945833152594464,0.038092722771383904
2022Q1,TW10,LA23,0.0047094175596157795,0.009219420343102731
2022Q2,TW10,LA23,0.0034595264979704675,0.00677256339433491
2022Q3,TW10,LA23,0.010685900087373688,0.020919318238991284
2022Q4,TW10,LA23,0.007969394344032982,0.015601334009460791
2023Q1,TW10,LA23,0.00518038886208316,0.010141420219312393
2023Q2,TW10,LA23,0.012095711611666723,0.023679244468184757
2023Q3,TW10,LA23,0.016125190206537802,0.03156757810167175
2019Q1,TW11,LA23,0.002897508493806019,0.007637227487778394
2019Q2,TW11,LA23,0.01560222835220897,0.0411242167181937
2019Q3,TW11,LA23,0.012729243167280841,0.03355162755297894
2019Q4,TW11,LA23,0.009439444024411402,0.02488040381130513
2020Q1,TW11,LA23,0.003323100369913909,0.008758998823991759
2020Q3,TW11,LA23,0.02302478109188245,0.060688516161698375
2020Q4,TW11,LA23,0.006175073413230783,0.01627620437054462
2021Q2,TW11,LA23,0.017290276877631294,0.045573560223697934
2021Q3,TW11,LA23,0.0363041254182653,0.09569009552753087
2021Q4,TW11,LA23,0.011822072755758823,0.031160515734744182
2022Q1,TW11,LA23,0.012666563345372585,0.03338641662785825
2022Q2,TW11,LA23,0.018013467610580598,0.04747974001795699
2022Q3,TW11,LA23,0.01253807656820924,0.033047752306954385
2022Q4,TW11,LA23,0.007106629978659333,0.018731592999471847
2023Q1,TW11,LA23,0.0040975322001606355,0.01080023945331666
2023Q2,TW11,LA23,0.011250301111183069,0.029653445046247163
2023Q3,TW11,LA23,0.014351759047390772,0.03782824068644233
2019Q2,TW12,LA23,0.007989614243831713,0.008153900254042057
2019Q3,TW12,LA23,0.01282397732758776,0.01308766966690237
2019Q4,TW12,LA23,0.005251785447973796,0.0053597750018367345
2020Q3,TW12,LA23,0.05457868257762154,0.05570095378240928
2020Q4,TW12,LA23,0.009628981777436377,0.009826977193776334
2021Q2,TW12,LA23,0.021747903543466937,0.022195093632319345
2021Q3,TW12,LA23,0.03624539599114153,0.03699068998333594
2021Q4,TW12,LA23,0.03221385541779205,0.03287625107527549
2022Q1,TW12,LA23,0.006126587103330338,0.006252564718856563
2022Q2,TW12,LA23,0.015221747170926128,0.01553474352279289
2022Q3,TW12,LA23,0.028401086103896817,0.028985081898844224
2023Q2,TW12,LA23,0.017491003068458147,0.01785066087182611
2023Q3,TW12,LA23,0.011147345000436164,0.011376561678321928
2019Q2,TW13,LA23,0.0038709069863963374,0.006667797254072378
2019Q3,TW13,LA23,0.008945635362387743,0.0154092266011257
2020Q3,TW13,LA23,0.005056805372736279,0.008710556233256153
2021Q2,TW13,LA23,0.0027166152076702416,0.004679481962685489
2021Q3,TW13,LA23,0.008829156828352655,0.015208587512631206
2021Q4,TW13,LA23,0.0052046806431527174,0.008965277497676373
2022Q2,TW13,LA23,0.003809414715275111,0.006561874275822131
2022Q3,TW13,LA23,0.002262495834796146,0.0038972425758667696
2023Q1,TW13,LA23,0.0014165468708526648,0.002440060525589992
2023Q2,TW13,LA23,0.004607345141223586,0.007936342409977216
2023Q3,TW13,LA23,0.0032715567206352486,0.005635391652410073
2019Q1,TW14,LA23,0.002100134630918886,0.004626990438992875
2019Q2,TW14,LA23,0.005864559091862313,0.012920723484800105
2019Q3,TW14,LA23,0.004053182717329945,0.008929921636676802
2019Q4,TW14,LA23,0.003563386493148925,0.007850808701260462
2020Q1,TW14,LA23,0.0016982227811671306,0.0037415032617705017
2020Q3,TW14,LA23,0.004514296737160264,0.009945842297014154
2021Q2,TW14,LA23,0.003189795858905928,0.007027718473000522
2021Q3,TW14,LA23,0.006649677005919715,0.014650485485932466
2022Q2,TW14,LA23,0.0029391383339280627,0.006475472938614592
2022Q3,TW14,LA23,0.003571754870848501,0.007869245806689688
2023Q2,TW14,LA23,0.008008832813000527,0.017644960617135354
2023Q3,TW14,LA23,0.01003785264205675,0.02211527181116694
2023Q2,TW15,LA23,0.04284320728292653,0.005409012918688896
2023Q3,TW15,LA23,0.02981746575226708,0.003764495416776357
2020Q3,TW16,LA23,0.011945662244849572,0.003482154645399419
2021Q2,TW16,LA23,0.010155834401598092,0.0029604207129394987
2021Q3,TW16,LA23,0.06311028221132296,0.01839661609965383
2020Q3,TW17,LA23,0.12716666960662634,0.022257707488404475
2021Q2,TW17,LA23,0.12013875739835868,0.0210276271955912
2021Q3,TW17,LA23,0.4299088695704969,0.07524602079436818
2021Q4,TW17,LA23,0.09132981145087224,0.015985259616634044
2022Q2,TW17,LA23,0.0920725485431232,0.01611525928550363
2022Q3,TW17,LA23,0.11237595682128433,0.019668920979018744
2022Q4,TW17,LA23,0.01923680807115785,0.0033669769632474443
2023Q1,TW17,LA23,0.020412051134257925,0.003572677217938197
2023Q2,TW17,LA23,0.09925495667603036,0.017372380666279767
2023Q3,TW17,LA23,0.07835463232539835,0.013714242041999052
2019Q3,TW18,LA23,0.012114233259112216,0.003580052060109887
2020Q3,TW18,LA23,0.008074932216843354,0.0023863398615354297
2021Q2,TW18,LA23,0.019874046169932408,0.005873266463634177
2021Q3,TW18,LA23,0.04120821036653112,0.012178033496686426
2022Q3,TW18,LA23,0.013222043987119082,0.0039074372106335156
2023Q2,TW18,LA23,0.010015313595779413,0.002959769991571409
2023Q3,TW18,LA23,0.016733862712783966,0.00494526549036324
2019Q2,TW19,LA23,0.01623976327707467,0.007702299624587418
2019Q3,TW19,LA23,0.011730301651609813,0.005563523092423216
2020Q3,TW19,LA23,0.01381848681592534,0.006553921014656584
2021Q2,TW19,LA23,0.011333183652409786,0.005375175407548203
2021Q3,TW19,LA23,0.02437892914858659,0.011562595687221507
2022Q3,TW19,LA23,0.019733944336446558,0.009359542344364834
2023Q3,TW19,LA23,0.012270869953016066,0.0058199073114507775
2019Q1,TW2,LA23,0.011765114014510313,0.021718259474257654
2019Q2,TW2,LA23,0.009106202398965228,0.016809940497127092
2019Q3,TW2,LA23,0.009569943281150859,0.01766600060803694
2019Q4,TW2,LA23,0.0063488241805641785,0.011719853351176654
2020Q3,TW2,LA23,0.01184591616315465,0.021867419272298787
2020Q4,TW2,LA23,0.006287566516734929,0.011606772437877414
2021Q2,TW2,LA23,0.011984529252855236,0.022123297374706717
2021Q3,TW2,LA23,0.013486869541537182,0.024896599543133155
2022Q1,TW2,LA23,0.010481758123826663,0.01934919988016373
2022Q2,TW2,LA23,0.008605840087316458,0.01588627766631009
2022Q3,TW2,LA23,0.011139768835036005,0.020563879767265543
2022Q4,TW2,LA23,0.008569531996287228,0.015819253365396798
2023Q2,TW2,LA23,0.008368564558238709,0.01544826988321112
2023Q3,TW2,LA23,0.007691126864126999,0.014197728018490112
2019Q1,TW20,LA23,0.003673946703372776,0.008337982098837366
2019Q2,TW20,LA23,0.005610557313796066,0.012733098823667414
2019Q3,TW20,LA23,0.0070322400223921605,0.01595959227378159
2019Q4,TW20,LA23,0.003185333869720377,0.007229080585237339
2020Q1,TW20,LA23,0.0020374107020759077,0.0046238814369008886
2020Q3,TW20,LA23,0.009076532146654213,0.020599091023516647
2020Q4,TW20,LA23,0.002130023175664453,0.00483406443879404
2021Q2,TW20,LA23,0.0024749544627450113,0.0056168822446066155
2021Q3,TW20,LA23,0.008397883741981629,0.019058905847621245
2021Q4,TW20,LA23,0.0020015699615230646,0.004542541265889606
2022Q1,TW20,LA23,0.0013404436966763169,0.003042122395821942
2022Q2,TW20,LA23,0.006894834587721573,0.0156477521337179
2022Q3,TW20,LA23,0.006670774207003224,0.015139249535742482
2022Q4,TW20,LA23,0.001514422615928827,0.0034369656615042626
2023Q1,TW20,LA23,0.0018302990093345477,0.004153843702017027
2023Q2,TW20,LA23,0.001919566347138161,0.004356434954615793
2023Q3,TW20,LA23,0.006422055396784519,0.0145747849001113
2019Q1,TW3,LA23,0.0015584751578439635,0.005791203268880572
2019Q2,TW3,LA23,0.008070051594525776,0.029987843527071317
2019Q3,TW3,LA23,0.012185922670398868,0.045282181655541966
2019Q4,TW3,LA23,0.0048977451253730975,0.01819973673461941
2020Q1,TW3,LA23,0.0006376951049749437,0.0023696380130877803
2020Q3,TW3,LA23,0.0053804624579941816,0.01999348633694732
2020Q4,TW3,LA23,0.0022614302061302505,0.00840334344514332
2021Q2,TW3,LA23,0.0030695327599784034,0.01140620565175715
2021Q3,TW3,LA23,0.02453456713743243,0.09116902806678824
2021Q4,TW3,LA23,0.004315328344473147,0.016035509766725457
2022Q1,TW3,LA23,0.0022819577076786898,0.008479622449958346
2022Q2,TW3,LA23,0.006222401339039241,0.02312208237235103
2022Q3,TW3,LA23,0.010353021084271307,0.03847122570048973
2022Q4,TW3,LA23,0.003685435635821353,0.013694865005704809
2023Q1,TW3,LA23,0.002343345638849617,0.008707736440661095
2023Q2,TW3,LA23,0.007094343449835669,0.026362168668820875
2023Q3,TW3,LA23,0.013424168804087172,0.049883432449308165
2019Q2,TW4,LA23,0.0057332205168180534,0.006020980214190665
2019Q3,TW4,LA23,0.01059456466467803,0.01112632316110411
2019Q4,TW4,LA23,0.006530742299667892,0.006858530917297056
2020Q3,TW4,LA23,0.017946925140841948,0.01884771061248884
2021Q2,TW4,LA23,0.003704717252842945,0.0038906630598116343
2021Q3,TW4,LA23,0.01964000660526212,0.020625770599608347
2021Q4,TW4,LA23,0.003854459127644257,0.00404792072376678
2022Q1,TW4,LA23,0.004165302605680084,0.004374365943425391
2022Q2,TW4,LA23,0.010189538710905102,0.01070096829349578
2022Q3,TW4,LA23,0.014849437007882946,0.015594754493405655
2022Q4,TW4,LA23,0.0037072645858855424,0.0038933382476582282
2023Q2,TW4,LA23,0.006786714847029399,0.007127351144692562
2023Q3,TW4,LA23,0.009969228826139952,0.010469600695952578
2019Q3,TW5,LA23,0.023808959697059217,0.01680921747338477
2020Q3,TW5,LA23,0.025489417445598024,0.017995627132161768
2021Q2,TW5,LA23,0.009097760043219787,0.00642305371729621
2021Q3,TW5,LA23,0.015397044345287072,0.010870372756321942
2022Q2,TW5,LA23,0.010103228638207541,0.0071329184275084456
2022Q3,TW5,LA23,0.0094856919069205,0.006696935110887975
2023Q2,TW5,LA23,0.006756650644012211,0.004770221442346964
2023Q3,TW5,LA23,0.0050099331500102675,0.0035370321474416967
2019Q3,TW6,LA23,0.025229916671181275,0.0072807044804391674
2020Q3,TW6,LA23,0.011472448851583144,0.003310653413720521
2021Q3,TW6,LA23,0.03196495996934036,0.009224264602176294
2019Q1,TW7,LA23,0.002751368629560618,0.005430486723835875
2019Q2,TW7,LA23,0.010252683532761956,0.02023613310487075
2019Q3,TW7,LA23,0.010422290455524721,0.02057089309756607
2019Q4,TW7,LA23,0.004991425503630382,0.009851776908137995
2020Q3,TW7,LA23,0.013490014459810871,0.026625783125271658
2021Q2,TW7,LA23,0.005219900315136075,0.010302726816224544
2021Q3,TW7,LA23,0.025972754285667598,0.051263467866279125
2021Q4,TW7,LA23,0.006196220769881903,0.012229729694262484
2022Q2,TW7,LA23,0.010090293146453676,0.019915616679899183
2022Q3,TW7,LA23,0.011541000134628832,0.02277893530424477
2022Q4,TW7,LA23,0.0042960371203030505,0.008479260938087183
2023Q1,TW7,LA23,0.0024668832381619953,0.004868986485548218
2023Q2,TW7,LA23,0.0037082740369923494,0.007319169343530723
2023Q3,TW7,LA23,0.0059856224547710744,0.011814063344801276
2019Q1,TW8,LA23,0.0063447751191422225,0.010477698561866587
2019Q2,TW8,LA23,0.013629653135556792,0.022507873703248058
2019Q4,TW8,LA23,0.006947663387372485,0.01147330225504468
2020Q1,TW8,LA23,0.0066038813480010965,0.010905584012573048
2020Q3,TW8,LA23,0.015969183608533118,0.026371351070348367
2020Q4,TW8,LA23,0.0046950854271561645,0.007753417403169619
2021Q2,TW8,LA23,0.013660388615897944,0.022558629969959103
2021Q3,TW8,LA23,0.022602880999429267,0.03732617299977358
2021Q4,TW8,LA23,0.01009174540842429,0.016665408051036824
2022Q1,TW8,LA23,0.004417896928523935,0.007295671071905242
2022Q2,TW8,LA23,0.013178340697726904,0.021762580829662027
2022Q3,TW8,LA23,0.005476738604550127,0.009044231690337991
2022Q4,TW8,LA23,0.005260583239244911,0.00868727486875337
2023Q2,TW8,LA23,0.005912814650416025,0.009764363337691205
2023Q3,TW8,LA23,0.009985616057502708,0.016490147095897845
2019Q1,TW9,LA23,0.003936811574833341,0.009816059535267265
2019Q2,TW9,LA23,0.02297918458895256,0.057296377972218114
2019Q3,TW9,LA23,0.020290742796301168,0.05059300795002347
2019Q4,TW9,LA23,0.01123834377579575,0.02802172506457372
2020Q1,TW9,LA23,0.007517505305830847,0.018744173612588257
2020Q3,TW9,LA23,0.023320571721554082,0.0581475938240544
2020Q4,TW9,LA23,0.0121878077087586,0.030389121704060305
2021Q2,TW9,LA23,0.014111963367546209,0.035186818048615516
2021Q3,TW9,LA23,0.025999009389449882,0.06482601952713891
2021Q4,TW9,LA23,0.009692170047990969,0.02416649016813589
2022Q1,TW9,LA23,0.009591171884154127,0.02391466099868496
2022Q2,TW9,LA23,0.014092071107887271,0.0351372186198922
2022Q3,TW9,LA23,0.018248219493303974,0.045500173313852206
2023Q1,TW9,LA23,0.0025309275733112523,0.006310623525365061
2023Q2,TW9,LA23,0.00791384263093045,0.019732402463594662
2023Q3,TW9,LA23,0.006786073297613675,0.016920418524953972
2019Q2,UB1,LA23,0.008712582191675916,0.01113152893204883
2019Q3,UB1,LA23,0.006848090281744982,0.008749382608218871
2020Q3,UB1,LA23,0.017564716908616333,0.022441355518954396
2021Q2,UB1,LA23,0.00423309326635668,0.005408362197320806
2021Q3,UB1,LA23,0.026103169692247283,0.03335041004549059
2021Q4,UB1,LA23,0.0025012498232627324,0.0031956926386912427
2022Q1,UB1,LA23,0.006640911938276468,0.008484683616154603
2022Q2,UB1,LA23,0.011211794751796098,0.014324618685267713
2022Q3,UB1,LA23,0.0059892706858755,0.007652121776870238
2022Q4,UB1,LA23,0.006638365359348284,0.008481430009314152
2023Q2,UB1,LA23,0.013021393738163944,0.016636631706092392
2023Q3,UB1,LA23,0.008765833986596392,0.01119956546620138
2019Q1,UB10,LA23,0.0028041263173976053,0.005575742193668466
2019Q2,UB10,LA23,0.015558670345929424,0.03093695679361806
2019Q3,UB10,LA23,0.016916571887702268,0.03363701665694723
2019Q4,UB10,LA23,0.005285394671282972,0.01050951160652878
2020Q1,UB10,LA23,0.004422997743631235,0.008794716196862494
2020Q3,UB10,LA23,0.017374296411262584,0.0345471589437828
2020Q4,UB10,LA23,0.0025047218268513982,0.004980404444240115
2021Q3,UB10,LA23,0.03279857290280061,0.06521688616223846
2021Q4,UB10,LA23,0.01249146514960277,0.024838106922379262
2022Q1,UB10,LA23,0.008410706301407642,0.016723900671790717
2022Q2,UB10,LA23,0.0092537586591091,0.018400231218365443
2022Q3,UB10,LA23,0.015386023695320562,0.030593665120763343
2022Q4,UB10,LA23,0.0040826133088482566,0.008117893671674396
2023Q1,UB10,LA23,0.009026678134034887,0.017948702891285036
2023Q2,UB10,LA23,0.008725673716650688,0.017350183837390468
2023Q3,UB10,LA23,0.009250449719512343,0.01839365170231031
2019Q2,UB11,LA23,0.02703464305981286,0.004001213390012746
2019Q3,UB11,LA23,0.022292588846195158,0.0032993742433402896
2019Q2,UB2,LA23,0.006296658804111512,0.0064044720071185215
2019Q3,UB2,LA23,0.01043289522397216,0.010611530256570485
2020Q3,UB2,LA23,0.015304863799564469,0.015566918079326244
2021Q2,UB2,LA23,0.009128623379202656,0.009284926294157152
2021Q3,UB2,LA23,0.034968602966984896,0.035567345444199865
2021Q4,UB2,LA23,0.009754457765585409,0.009921476396897886
2022Q2,UB2,LA23,0.013253699417570566,0.01348063307085465
2022Q3,UB2,LA23,0.01589735921193387,0.01616955836855205
2022Q4,UB2,LA23,0.005736791513431077,0.005835018507665317
2023Q2,UB2,LA23,0.009222740226950358,0.00938065463764065
2023Q3,UB2,LA23,0.008912950783986247,0.009065560890736502
2019Q1,UB3,LA23,0.0018574989547201727,0.006839949207119367
2019Q2,UB3,LA23,0.009307463446958198,0.034273277550191036
2019Q3,UB3,LA23,0.010705309851732287,0.03942062817653342
2019Q4,UB3,LA23,0.004034123620430251,0.014855028902635504
2020Q1,UB3,LA23,0.003980009890073505,0.014655763559251418
2020Q3,UB3,LA23,0.00872210839275091,0.03211779916957918
2020Q4,UB3,LA23,0.0034154285393195693,0.012576781090577287
2021Q2,UB3,LA23,0.004024973766168188,0.014821335996243272
2021Q3,UB3,LA23,0.013240467433376387,0.04875594922553045
2021Q4,UB3,LA23,0.005056197684287292,0.018618656690921075
2022Q2,UB3,LA23,0.005368981328911004,0.019770433512440826
2022Q3,UB3,LA23,0.007078845617973568,0.0260667411677079
2022Q4,UB3,LA23,0.003081242875070005,0.011346194681144384
2023Q1,UB3,LA23,0.0036248345386862904,0.01334788591176424
2023Q2,UB3,LA23,0.005393819452605228,0.019861896015844618
2023Q3,UB3,LA23,0.00885024562218056,0.032589644463818845
2019Q2,UB4,LA23,0.00532742633174919,0.011832934264475894
2019Q3,UB4,LA23,0.0196338311628051,0.04360939392530462
2019Q4,UB4,LA23,0.0032678292950075326,0.007258290744427169
2020Q3,UB4,LA23,0.010263512625001942,0.022796649385931667
2020Q4,UB4,LA23,0.0012507777107958066,0.0027781464274999955
2021Q2,UB4,LA23,0.003889474671414661,0.008639049185140456
2021Q3,UB4,LA23,0.02240543790359206,0.049765507276935364
2021Q4,UB4,LA23,0.004427591638340684,0.009834279733573792
2022Q1,UB4,LA23,0.00214387414202092,0.004761834366936022
2022Q2,UB4,LA23,0.006954505061095889,0.015446896138100703
2022Q3,UB4,LA23,0.009117064046079459,0.02025023206784604
2022Q4,UB4,LA23,0.005787971903588121,0.012855868255113777
2023Q1,UB4,LA23,0.0008250302175754664,0.0018325036749163907
2023Q2,UB4,LA23,0.006956230316630768,0.015450728163935015
2023Q3,UB4,LA23,0.004895331200240146,0.010873192548916999
2019Q2,UB5,LA23,0.00983435469664394,0.01130693449193627
2019Q3,UB5,LA23,0.009531370242170142,0.010958581652885288
2020Q1,UB5,LA23,0.003825666103759554,0.0043985149364189615
2020Q3,UB5,LA23,0.009026962124832172,0.010378644309168406
2021Q2,UB5,LA23,0.008669769990873854,0.009967966823529222
2021Q3,UB5,LA23,0.03458858709716337,0.03976782417759668
2021Q4,UB5,LA23,0.008640653801081125,0.00993449082425969
2022Q2,UB5,LA23,0.017265523231453882,0.019850833752587088
2023Q2,UB5,LA23,0.007786411204656867,0.008952335372688799
2023Q3,UB5,LA23,0.009880198546231195,0.01135964292275158
2019Q2,UB6,LA23,0.008518764100883409,0.02007518801982976
2019Q3,UB6,LA23,0.012491616280052206,0.02943755015678965
2019Q4,UB6,LA23,0.0011616133907552753,0.0027374401908072388
2020Q3,UB6,LA23,0.01458117655555414,0.034361775656251314
2020Q4,UB6,LA23,0.00486168078723991,0.01145696191846819
2021Q2,UB6,LA23,0.009729988670763677,0.022929541149770548
2021Q3,UB6,LA23,0.03754360496410165,0.08847468009102342
2021Q4,UB6,LA23,0.007711485594305327,0.018172767949030784
2022Q1,UB6,LA23,0.002959520067764841,0.006974359320817121
2022Q2,UB6,LA23,0.01296842972147551,0.03056120135473305
2022Q3,UB6,LA23,0.00652425356745273,0.015374955275739616
2022Q4,UB6,LA23,0.003240926211818283,0.007637516697275324
2023Q1,UB6,LA23,0.0008733960644100901,0.0020582316872694763
2023Q2,UB6,LA23,0.006205416601796018,0.014623589002718068
2023Q3,UB6,LA23,0.0070662641366686174,0.016652249018926556
2019Q1,UB7,LA23,0.010669490150743649,0.016504535268370066
2019Q2,UB7,LA23,0.007604625108033174,0.011763523985212932
2019Q3,UB7,LA23,0.005714674854845869,0.00883997748313188
2020Q3,UB7,LA23,0.013185855967012845,0.02039707818991174
2020Q4,UB7,LA23,0.00860024351642053,0.013303636858734102
2021Q2,UB7,LA23,0.008049220305469,0.0124512641689101
2021Q3,UB7,LA23,0.017704723049445106,0.027387271730685725
2021Q4,UB7,LA23,0.013559966559977136,0.020975786393266672
2022Q1,UB7,LA23,0.003441265917915552,0.0053232623028494465
2022Q2,UB7,LA23,0.0064421432792457,0.00996529163568263
2022Q3,UB7,LA23,0.0072295797059910094,0.011183369734373354
2022Q4,UB7,LA23,0.005178328146416926,0.008010307738816808
2023Q1,UB7,LA23,0.0021390301319862454,0.0033088458543647143
2023Q2,UB7,LA23,0.01700137269925437,0.02629926560323882
2023Q3,UB7,LA23,0.011992992843194536,0.018551849297130475
2019Q1,UB8,LA23,0.0027368124012971387,0.005421593531805308
2019Q2,UB8,LA23,0.008657831301578958,0.017151063098754853
2019Q3,UB8,LA23,0.012747483450378658,0.025252616433852758
2019Q4,UB8,LA23,0.004110164098783418,0.00814218726941643
2020Q1,UB8,LA23,0.004776437491937772,0.009462067111026163
2020Q3,UB8,LA23,0.005779077666319765,0.01144828563356032
2021Q2,UB8,LA23,0.003976945918284193,0.007878283603468721
2021Q3,UB8,LA23,0.011064810087212664,0.02191926007462331
2022Q3,UB8,LA23,0.010065491242810243,0.01993962106814429
2022Q4,UB8,LA23,0.003470497843597266,0.006875015858622009
2023Q2,UB8,LA23,0.003737299185912157,0.00740354621425976
2023Q3,UB8,LA23,0.006697224665946768,0.013267124159746816
2019Q2,UB9,LA23,0.01823054198234251,0.00827225924066025
2019Q3,UB9,LA23,0.022776545572492424,0.01033504597750636
2020Q3,UB9,LA23,0.04648714908558978,0.021093928472762168
2021Q3,UB9,LA23,0.040806317680191086,0.018516204226633973
2022Q3,UB9,LA23,0.012472589450493326,0.005659540645403646
2023Q3,UB9,LA23,0.02925886306476297,0.013276451166022777
2019Q1,UNKNOWN,LA23,0.02073347777941596,23.81914927311466
2019Q2,UNKNOWN,LA23,0.026374030176215577,30.299160053340817
2019Q3,UNKNOWN,LA23,0.03015945362801377,34.647951279762374
2019Q4,UNKNOWN,LA23,0.02446002755748829,28.100304918199964
2020Q1,UNKNOWN,LA23,0.017246499658243337,19.813219671533123
2020Q2,UNKNOWN,LA23,0.006973958759781358,8.011862095258051
2020Q3,UNKNOWN,LA23,0.03324414085686346,38.19171882067083
2020Q4,UNKNOWN,LA23,0.020058503498609485,23.043721565274733
2021Q1,UNKNOWN,LA23,0.00532046505111059,6.112286255256622
2021Q2,UNKNOWN,LA23,0.025595562778545026,29.404836807301674
2021Q3,UNKNOWN,LA23,0.03974122414650458,45.65573418568886
2021Q4,UNKNOWN,LA23,0.02491795682917609,28.626385771345078
2022Q1,UNKNOWN,LA23,0.018781406769195128,21.576560196701678
2022Q2,UNKNOWN,LA23,0.02485977906919828,28.559549673511906
2022Q3,UNKNOWN,LA23,0.027381332709983774,31.456374953333697
2022Q4,UNKNOWN,LA23,0.01891520189082364,21.730267452570143
2023Q1,UNKNOWN,LA23,0.012458506017699702,14.312650184051552
2023Q2,UNKNOWN,LA23,0.01672495071071595,19.2140509085037
2023Q3,UNKNOWN,LA23,0.01753836119545003,20.148517666195108
2019Q2,W10,LA23,0.009993491226212086,0.009784824909598932
2019Q3,W10,LA23,0.010488395448406934,0.010269395421703477
2019Q4,W10,LA23,0.017628249139182168,0.017260167381471316
2020Q1,W10,LA23,0.005644138229635772,0.005526287369693607
2020Q3,W10,LA23,0.017927170698633785,0.01755284739236346
2020Q4,W10,LA23,0.01072499245346696,0.010501052228743606
2021Q2,W10,LA23,0.03745801716471096,0.036675885445928716
2021Q3,W10,LA23,0.021251417695134167,0.02080768337317669
2021Q4,W10,LA23,0.01787518434046829,0.017501946520903963
2022Q1,W10,LA23,0.00809133696486963,0.007922388051750391
2022Q2,W10,LA23,0.0221564529304699,0.021693821271767152
2022Q3,W10,LA23,0.01929949240338895,0.01889651471509561
2022Q4,W10,LA23,0.006510922138934958,0.006374972638431764
2023Q2,W10,LA23,0.019609712134430517,0.019200256989245296
2023Q3,W10,LA23,0.021656010388868212,0.021203828081595197
2019Q1,W11,LA23,0.0032064718690490023,0.008245724269317014
2019Q2,W11,LA23,0.02658257821160317,0.068359436555869
2019Q3,W11,LA23,0.026667684883071557,0.06857829584267003
2019Q4,W11,LA23,0.008386451330998067,0.02156649679074416
2020Q1,W11,LA23,0.012189400912370052,0.03134611592939837
2020Q3,W11,LA23,0.02728485585941856,0.07016540525944216
2020Q4,W11,LA23,0.02085346812512523,0.05362652636331177
2021Q2,W11,LA23,0.0059413003902677895,0.015278576210888024
2021Q3,W11,LA23,0.02555744628282597,0.06572321968898691
2021Q4,W11,LA23,0.015161470957820812,0.038989055304741116
2022Q1,W11,LA23,0.007114602837260502,0.018295826589974074
2022Q2,W11,LA23,0.01965905067639061,0.050554976901177315
2022Q3,W11,LA23,0.007883093306783202,0.02027206738486418
2022Q4,W11,LA23,0.004709010894467457,0.012109635450662716
2023Q1,W11,LA23,0.010801012229258044,0.027775752387435602
2023Q2,W11,LA23,0.014456747231241716,0.037176796294609765
2023Q3,W11,LA23,0.01086050536332712,0.027928744211311047
2019Q1,W12,LA23,0.0052469957528081404,0.016952954593358483
2019Q2,W12,LA23,0.022301001891001312,0.07205416018151124
2019Q3,W12,LA23,0.011493787969362478,0.03713623466266546
2019Q4,W12,LA23,0.009306512223896151,0.0300691836980826
2020Q1,W12,LA23,0.005802614768841856,0.018748150243171037
2020Q3,W12,LA23,0.012673255989745459,0.04094707590132469
2020Q4,W12,LA23,0.004614956464522014,0.0149108463355428
2021Q2,W12,LA23,0.00912073152104417,0.02946892938720645
2021Q3,W12,LA23,0.013948836768349264,0.045068455837311436
2021Q4,W12,LA23,0.016102232486819936,0.05202604100730668
2022Q1,W12,LA23,0.002533080274636612,0.008184339553593835
2022Q2,W12,LA23,0.006151932616531504,0.019876790304936463
2022Q3,W12,LA23,0.0067477869618506785,0.0218019856236186
2022Q4,W12,LA23,0.004019057363552912,0.0129855064121122
2023Q1,W12,LA23,0.0035517860004774756,0.011475760535768577
2023Q2,W12,LA23,0.006328516033323242,0.020447328340003155
2023Q3,W12,LA23,0.014319189771505168,0.04626506013085519
2019Q1,W13,LA23,0.004391914744326739,0.010640957322883013
2019Q2,W13,LA23,0.008731039254149094,0.021154011745749168
2019Q3,W13,LA23,0.012470133664943922,0.03021328232992747
2019Q4,W13,LA23,0.0030101176733877398,0.007293068186432881
2020Q1,W13,LA23,0.0038791720596154,0.009398657928824484
2020Q3,W13,LA23,0.0032928990539211273,0.007978205484657688
2021Q2,W13,LA23,0.002350523239667874,0.005694968808777448
2021Q3,W13,LA23,0.0013555660838675716,0.0032843353494999817
2022Q2,W13,LA23,0.003311908313038874,0.008024262097043629
2023Q2,W13,LA23,0.0015309168006271945,0.003709184100488686
2023Q3,W13,LA23,0.0008928084996620806,0.0021631424322804717
2019Q1,W14,LA23,0.007152417536702696,0.01805672263838802
2019Q2,W14,LA23,0.010955752413810868,0.027658477936430892
2019Q3,W14,LA23,0.0108399053537363,0.02736601483266144
2019Q4,W14,LA23,0.007540426429135387,0.01903627520448655
2020Q1,W14,LA23,0.003999630488913138,0.010097315771030721
2020Q3,W14,LA23,0.01300677520917308,0.03283641246707352
2020Q4,W14,LA23,0.008789856303749252,0.022190538582742714
2021Q2,W14,LA23,0.023965763894377875,0.06050306057179266
2021Q3,W14,LA23,0.03697926940246752,0.09335646409681077
2021Q4,W14,LA23,0.015182838366534198,0.03833001916361415
2022Q1,W14,LA23,0.003962570885517221,0.010003756498774188
2022Q2,W14,LA23,0.02220162367028066,0.056049378923834485
2022Q3,W14,LA23,0.02060041395910415,0.052007025482883586
2022Q4,W14,LA23,0.0040176447783536575,0.010142793964422804
2023Q1,W14,LA23,0.003120968485677605,0.007879078929585273
2023Q2,W14,LA23,0.013768215452980874,0.03475871569078637
2023Q3,W14,LA23,0.014380357619120257,0.03630410663762648
2019Q3,W1H,LA23,0.012242780180524486,0.0033636510540327605
2019Q2,W1J,LA23,0.0149212264736207,0.004656200598182704
2019Q2,W1K,LA23,0.008995669717815444,0.004171557783703928
2019Q3,W1K,LA23,0.010406544219973514,0.004825821968131564
2021Q3,W1K,LA23,0.008523091464302227,0.003952409287405975
2022Q2,W1K,LA23,0.0307529791750096,0.014261064898317563
2019Q1,W2,LA23,0.0075229105228129785,0.030198677250332557
2019Q2,W2,LA23,0.017719578200474782,0.07113042504832001
2019Q3,W2,LA23,0.020646829586916986,0.0828810792109196
2019Q4,W2,LA23,0.009854610767601418,0.03955865340894278
2020Q1,W2,LA23,0.004430601502555106,0.017785444130268616
2020Q3,W2,LA23,0.014411473074723069,0.05785093718257948
2020Q4,W2,LA23,0.00866305819611783,0.034775489841608234
2021Q2,W2,LA23,0.009025882396857992,0.036231948868142703
2021Q3,W2,LA23,0.03630388981425055,0.14573208708353036
2021Q4,W2,LA23,0.01962285626303499,0.07877061693344192
2022Q1,W2,LA23,0.008984455884660694,0.036065653407408534
2022Q2,W2,LA23,0.012040795885415087,0.048334498686130656
2022Q3,W2,LA23,0.02123586055578144,0.0852455837554369
2022Q4,W2,LA23,0.004607564755745738,0.01849581495710048
2023Q1,W2,LA23,0.0026742434660789673,0.010735022711759171
2023Q2,W2,LA23,0.014467651027568015,0.058076448287809876
2023Q3,W2,LA23,0.011759509867595434,0.0472053525077456
2019Q1,W3,LA23,0.005416372499340014,0.017354521979844405
2019Q2,W3,LA23,0.013913366515696446,0.04457961948512719
2019Q3,W3,LA23,0.014955539885815303,0.04791883233666945
2019Q4,W3,LA23,0.008625370170492197,0.02763642571229006
2020Q1,W3,LA23,0.003036076864482757,0.009727850638703921
2020Q3,W3,LA23,0.010385854269816485,0.03327716774039332
2020Q4,W3,LA23,0.007374216036890948,0.023627620572982927
2021Q2,W3,LA23,0.00858743726223025,0.027514885421205646
2021Q3,W3,LA23,0.01055687955935682,0.03382514743469955
2021Q4,W3,LA23,0.003921035141287522,0.012563332848970087
2022Q1,W3,LA23,0.0037560348883360867,0.012034657888583872
2022Q2,W3,LA23,0.0053802674111668326,0.017238838181072802
2022Q3,W3,LA23,0.00637110385903945,0.02041356313123669
2022Q4,W3,LA23,0.004901378547909809,0.015704437195115984
2023Q1,W3,LA23,0.0016629552298964825,0.005328251166671473
2023Q2,W3,LA23,0.0048823105482183465,0.01564334168888973
2023Q3,W3,LA23,0.0042939781364363695,0.013758274187906492
2019Q2,W4,LA23,0.013975063245332774,0.028345278189263044
2019Q3,W4,LA23,0.028474461390026327,0.05775405200110826
2019Q4,W4,LA23,0.009810434653489679,0.019898264110083445
2020Q1,W4,LA23,0.0020905666264132198,0.0042402450392245656
2020Q3,W4,LA23,0.05669090823103006,0.1149847794175235
2020Q4,W4,LA23,0.012090751410387462,0.02452337468734628
2021Q2,W4,LA23,0.01876337552738024,0.0380572946080101
2021Q3,W4,LA23,0.0356140996831375,0.07223520532658878
2021Q4,W4,LA23,0.01951966686090653,0.039591261779721526
2022Q1,W4,LA23,0.006591063286906611,0.013368492088420432
2022Q3,W4,LA23,0.014851770874327194,0.030123482781131014
2022Q4,W4,LA23,0.01419800093386376,0.028797457237711536
2023Q1,W4,LA23,0.013890793226834652,0.028174355376578007
2023Q2,W4,LA23,0.00851679718678205,0.01727441094919507
2023Q3,W4,LA23,0.012567568570891216,0.025490491245076862
2019Q1,W5,LA23,0.006106693532226011,0.01805925322148615
2019Q2,W5,LA23,0.01866940613571911,0.05521081598748885
2019Q3,W5,LA23,0.01749774265535339,0.0517458693071567
2019Q4,W5,LA23,0.006029410635465875,0.017830705416538008
2020Q1,W5,LA23,0.0074956830705799815,0.022166895706368768
2020Q3,W5,LA23,0.015284043634711244,0.045199323134671815
2020Q4,W5,LA23,0.006034520450531635,0.017845816612752544
2021Q2,W5,LA23,0.0025589171485298845,0.007567455696644273
2021Q3,W5,LA23,0.00472269156455824,0.013966360420946913
2021Q4,W5,LA23,0.0023487546111840645,0.006945944487743846
2022Q1,W5,LA23,0.005177025025644486,0.01530995544130482
2022Q3,W5,LA23,0.004619346166075134,0.013660738285067187
2023Q1,W5,LA23,0.003958737538913192,0.011707128133311777
2023Q2,W5,LA23,0.0007837331662584457,0.002317724908389024
2023Q3,W5,LA23,0.0017647198633807906,0.005218785372083846
2019Q1,W6,LA23,0.005369983319007336,0.02323031902657671
2019Q2,W6,LA23,0.012304360740173713,0.053228140281292066
2019Q3,W6,LA23,0.01493411391134794,0.06460434044774283
2019Q4,W6,LA23,0.011602389027666452,0.05019144056353755
2020Q1,W6,LA23,0.003113244544969705,0.013467763248241312
2020Q3,W6,LA23,0.02149831824945216,0.09300080871796232
2020Q4,W6,LA23,0.010135167866853059,0.0438443043391852
2021Q2,W6,LA23,0.01081526146098718,0.046786360249069715
2021Q3,W6,LA23,0.018013329541873246,0.07792489606204729
2021Q4,W6,LA23,0.01350675471563764,0.05842964538593441
2022Q1,W6,LA23,0.006771687119986718,0.02929402994393864
2022Q2,W6,LA23,0.00944218807771077,0.04084650329876763
2022Q3,W6,LA23,0.00781797595747879,0.03382023087325175
2022Q4,W6,LA23,0.007114800864892946,0.030778325384552514
2023Q1,W6,LA23,0.005038351825684263,0.0217956953170604
2023Q2,W6,LA23,0.007497074603189756,0.032432025287992536
2023Q3,W6,LA23,0.007701197949019549,0.033315054184491016
2019Q2,W7,LA23,0.016950027425161513,0.01866290574395121
2019Q3,W7,LA23,0.014881270809120757,0.016385091746138388
2019Q4,W7,LA23,0.010224467095841606,0.011257696575084108
2020Q3,W7,LA23,0.02977567491316305,0.03278464396712323
2020Q4,W7,LA23,0.006158136322234832,0.006780444353126225
2021Q3,W7,LA23,0.031200374746251563,0.034353316278466134
2022Q2,W7,LA23,0.008964524447543804,0.009870430920689916
2022Q3,W7,LA23,0.004854591134797521,0.005345169922241819
2022Q4,W7,LA23,0.002918152465091265,0.0032130452085069824
2023Q1,W7,LA23,0.003932830830729335,0.004330261495143718
2023Q2,W7,LA23,0.008365514866172428,0.009210888662943327
2023Q3,W7,LA23,0.003468634521727554,0.0038191560116959383
2019Q1,W8,LA23,0.005046601706584523,0.025070775962658647
2019Q2,W8,LA23,0.01922393305580626,0.09550167554028163
2019Q3,W8,LA23,0.01771575524290261,0.08800926970809042
2019Q4,W8,LA23,0.0072582785539228095,0.036058061658114135
2020Q1,W8,LA23,0.002419814292596573,0.012021281949350909
2020Q3,W8,LA23,0.0153077733916035,0.07604676958899034
2020Q4,W8,LA23,0.0041301478368922645,0.020517967759628063
2021Q2,W8,LA23,0.011744738602185842,0.058346136143696166
2021Q3,W8,LA23,0.019596895098473826,0.09735449618235728
2021Q4,W8,LA23,0.006461167880588705,0.032098132923788006
2022Q1,W8,LA23,0.01162123294800349,0.057732578195961275
2022Q2,W8,LA23,0.011981911373875168,0.059524375634184924
2022Q3,W8,LA23,0.011716605626751656,0.058206375654305226
2022Q4,W8,LA23,0.008783280846703292,0.04363404903491782
2023Q1,W8,LA23,0.0018995652807650453,0.009436761280044878
2023Q2,W8,LA23,0.01357163551960744,0.06742189166919943
2023Q3,W8,LA23,0.014416934646983237,0.07162121356460853
2019Q2,W9,LA23,0.014174298458396522,0.024672968299632805
2019Q3,W9,LA23,0.014284786268983385,0.024865292615090597
2019Q4,W9,LA23,0.016916971440746324,0.029447094070188314
2020Q1,W9,LA23,0.0036327229091374963,0.006323421045604169
2020Q3,W9,LA23,0.015839881434608013,0.02757222120397182
2020Q4,W9,LA23,0.009185192295607159,0.015988513223474495
2021Q2,W9,LA23,0.014513363119231315,0.025263172580490663
2021Q3,W9,LA23,0.04732001858289153,0.08236917840135527
2021Q4,W9,LA23,0.0105063523675381,0.01828823484067969
2022Q1,W9,LA23,0.0022852700612285524,0.003977932025509961
2022Q2,W9,LA23,0.01262348158017432,0.0219734868552975
2022Q3,W9,LA23,0.03473504158933903,0.06046271584697106
2022Q4,W9,LA23,0.002727138230034205,0.0047470846825926425
2023Q2,W9,LA23,0.013735836304804452,0.02390974443723717
2023Q3,W9,LA23,0.007903409082486875,0.013757334257041473
2019Q1,WA1,LA23,0.05462408545786302,0.0957203902223342
2019Q2,WA1,LA23,0.04850006816035503,0.08498898262928663
2019Q3,WA1,LA23,0.05580920477034835,0.09779713131740712
2019Q4,WA1,LA23,0.060325308562736636,0.10571091538662387
2020Q1,WA1,LA23,0.04701911256786692,0.08239383351096846
2020Q2,WA1,LA23,0.0026030291817036627,0.004561412185564223
2020Q3,WA1,LA23,0.093623229137928,0.16406044974190895
2020Q4,WA1,LA23,0.06965665325072386,0.1220626757382412
2021Q1,WA1,LA23,0.0018235810414620336,0.0031955480339427773
2021Q2,WA1,LA23,0.05640900560750321,0.09884819093162137
2021Q3,WA1,LA23,0.08985047073194556,0.15744926524686045
2021Q4,WA1,LA23,0.0782007516036409,0.13703490678950714
2022Q1,WA1,LA23,0.05712718221694929,0.1001066860575079
2022Q2,WA1,LA23,0.05835442828562469,0.10225724787667197
2022Q3,WA1,LA23,0.0684055174740817,0.11987025084439665
2022Q4,WA1,LA23,0.04223341403997818,0.07400762572851817
2023Q1,WA1,LA23,0.056281800133131034,0.09862528271186333
2023Q2,WA1,LA23,0.06783855982784485,0.1188767439200713
2023Q3,WA1,LA23,0.06327116949486472,0.11087308799968387
2019Q1,WA10,LA23,0.07155916881229249,0.2505872315687413
2019Q2,WA10,LA23,0.07237229261756636,0.25343464367075585
2019Q3,WA10,LA23,0.0863563620420227,0.3024043187145168
2019Q4,WA10,LA23,0.06829948840293243,0.2391724219344505
2020Q1,WA10,LA23,0.053621986369666905,0.18777447165209946
2020Q2,WA10,LA23,0.003116079879532219,0.010911946621505486
2020Q3,WA10,LA23,0.08499621416237664,0.29764132750959305
2020Q4,WA10,LA23,0.0383526560708392,0.13430404611475508
2021Q1,WA10,LA23,0.0005972378038533336,0.00209141847704208
2021Q2,WA10,LA23,0.04637194558688106,0.16238614366181273
2021Q3,WA10,LA23,0.058912556112589214,0.20630108742062284
2021Q4,WA10,LA23,0.049320350426480586,0.1727109227021781
2022Q1,WA10,LA23,0.04126978056497658,0.1445192870581586
2022Q2,WA10,LA23,0.038108318375658375,0.13344841981809066
2022Q3,WA10,LA23,0.04570624202358717,0.1600549705118165
2022Q4,WA10,LA23,0.036243534902982516,0.12691828628455645
2023Q1,WA10,LA23,0.054069532751341694,0.18934169791595767
2023Q2,WA10,LA23,0.09850676316252363,0.3449528199027116
2023Q3,WA10,LA23,0.07155605110129262,0.2505763139102323
2019Q1,WA11,LA23,0.08061545397411223,0.10287781915470737
2019Q2,WA11,LA23,0.07205976829606935,0.0919594376218952
2019Q3,WA11,LA23,0.10705207513356274,0.1366150469023405
2019Q4,WA11,LA23,0.09678417584796982,0.12351161531785552
2020Q1,WA11,LA23,0.0934552713535715,0.1192634170174654
2020Q2,WA11,LA23,0.008455290505395426,0.010790261725672608
2020Q3,WA11,LA23,0.19891178844418975,0.2538422844566772
2020Q4,WA11,LA23,0.043143182409122016,0.05505739034936801
2021Q1,WA11,LA23,0.0017690966511945496,0.0022576416354020234
2021Q2,WA11,LA23,0.08028520371374992,0.10245636861530756
2021Q3,WA11,LA23,0.15133314504124654,0.19312455813578905
2021Q4,WA11,LA23,0.09202809618484163,0.117442120210555
2022Q1,WA11,LA23,0.09653511423456222,0.12319377408073053
2022Q2,WA11,LA23,0.0853630918309625,0.10893654120824726
2022Q3,WA11,LA23,0.0853523271115477,0.10892280375714314
2022Q4,WA11,LA23,0.0811374862093118,0.10354401323088333
2023Q1,WA11,LA23,0.08233916883451071,0.10507754658834936
2023Q2,WA11,LA23,0.10379722057745464,0.13246134780507193
2023Q3,WA11,LA23,0.0863619444798195,0.11021123206596184
2019Q1,WA12,LA23,0.07408280837592554,0.09517595334436534
2019Q2,WA12,LA23,0.059563791299393924,0.07652302532805819
2019Q3,WA12,LA23,0.08101834954476655,0.10408620873525096
2019Q4,WA12,LA23,0.06233500249332185,0.08008326653762843
2020Q1,WA12,LA23,0.06170676524067025,0.07927615513407382
2020Q2,WA12,LA23,0.005580466675483929,0.007169358824121502
2020Q3,WA12,LA23,0.12103536855486027,0.15549702884021546
2020Q4,WA12,LA23,0.06371782230295209,0.08185980817488905
2021Q2,WA12,LA23,0.0877498247565965,0.11273429571717045
2021Q3,WA12,LA23,0.0982031681248009,0.1261639556141914
2021Q4,WA12,LA23,0.14234956814143931,0.18287989012607295
2022Q1,WA12,LA23,0.0970293667829972,0.1246559449948293
2022Q2,WA12,LA23,0.11625270634892655,0.1493526284732103
2022Q3,WA12,LA23,0.10909458358604836,0.14015641719223612
2022Q4,WA12,LA23,0.0982763302163934,0.12625794870069332
2023Q1,WA12,LA23,0.07189267302483808,0.09236223414874307
2023Q2,WA12,LA23,0.06186321955961421,0.07947715573443948
2023Q3,WA12,LA23,0.025389440645345245,0.03261842080876329
2019Q1,WA13,LA23,0.0838567389864985,0.04692886822868148
2019Q2,WA13,LA23,0.11674898233278118,0.06533640198684437
2019Q3,WA13,LA23,0.08780795280890134,0.049140091739826385
2019Q4,WA13,LA23,0.13151832839221375,0.07360179250195255
2020Q1,WA13,LA23,0.10994847087315268,0.06153062191438141
2020Q2,WA13,LA23,0.0023481447608858447,0.0013140956516711536
2020Q3,WA13,LA23,0.1489567430962208,0.08336087776632481
2020Q4,WA13,LA23,0.1558789575745428,0.08723476667531457
2021Q2,WA13,LA23,0.12487840807084008,0.06988588428066027
2021Q3,WA13,LA23,0.11419205617252305,0.0639054656984139
2021Q4,WA13,LA23,0.11232051696998152,0.06285809350528554
2022Q1,WA13,LA23,0.14051104454525146,0.07863439926038836
2022Q2,WA13,LA23,0.1726005905930811,0.09659271836744628
2022Q3,WA13,LA23,0.1481704537419016,0.08292084551674732
2022Q4,WA13,LA23,0.06953169938278456,0.038912125578558
2023Q1,WA13,LA23,0.050168258162287885,0.02807573493812521
2023Q2,WA13,LA23,0.0885443723487665,0.04955221527295022
2023Q3,WA13,LA23,0.08808533750225055,0.049295324937303035
2019Q1,WA14,LA23,0.09059048416046156,0.21370904407971075
2019Q2,WA14,LA23,0.07602207832197456,0.17934119502402393
2019Q3,WA14,LA23,0.06066627640620195,0.14311582567193634
2019Q4,WA14,LA23,0.08348323158383643,0.19694255730949725
2020Q1,WA14,LA23,0.04557472769109713,0.10751384739047927
2020Q2,WA14,LA23,0.003493800001174589,0.008242109150605402
2020Q3,WA14,LA23,0.0925861137887477,0.21841686857309528
2020Q4,WA14,LA23,0.03218920891822999,0.07593650846828616
2021Q2,WA14,LA23,0.040641327006952485,0.09587562341981083
2021Q3,WA14,LA23,0.05853101124297695,0.13807859156154972
2021Q4,WA14,LA23,0.052569162356372434,0.12401418912114387
2022Q1,WA14,LA23,0.03438840729609115,0.0811245653313213
2022Q2,WA14,LA23,0.034237186547761866,0.08076782541685938
2022Q3,WA14,LA23,0.03766426430144704,0.08885253229876118
2022Q4,WA14,LA23,0.026830465399607508,0.06329487214802255
2023Q1,WA14,LA23,0.026472457786872558,0.062450308114615626
2023Q2,WA14,LA23,0.0482521379327973,0.11383003819866022
2023Q3,WA14,LA23,0.035834352262584544,0.08453564674285043
2019Q1,WA15,LA23,0.05382344250019085,0.15508194090974808
2019Q2,WA15,LA23,0.08714632512614656,0.2510954449572197
2019Q3,WA15,LA23,0.08176071369067546,0.23557783709712
2019Q4,WA15,LA23,0.0996301353452422,0.2870651531140221
2020Q1,WA15,LA23,0.061732816682602235,0.1778712877558823
2020Q3,WA15,LA23,0.0867067105183588,0.249828779663045
2020Q4,WA15,LA23,0.04392432226518996,0.12655952190361602
2021Q1,WA15,LA23,0.007171622628729084,0.020663657043706048
2021Q2,WA15,LA23,0.06898526576556298,0.1987678307469904
2021Q3,WA15,LA23,0.10205638440042708,0.29405592507378997
2021Q4,WA15,LA23,0.08729789041132484,0.2515321512975826
2022Q1,WA15,LA23,0.07446186655932158,0.2145476070160564
2022Q2,WA15,LA23,0.0686223120760235,0.19772204920609515
2022Q3,WA15,LA23,0.06368994106785204,0.1835103668293782
2022Q4,WA15,LA23,0.0553114422155056,0.15936932709697207
2023Q1,WA15,LA23,0.0546110299241321,0.1573512232274015
2023Q2,WA15,LA23,0.07002055201897356,0.2017508098006904
2023Q3,WA15,LA23,0.06151731292943818,0.17725035496597571
2019Q1,WA16,LA23,0.06862079719740881,0.09689595452497636
2019Q2,WA16,LA23,0.07739273468426802,0.10928236346420013
2019Q3,WA16,LA23,0.08342695557114183,0.11780298136034816
2019Q4,WA16,LA23,0.05880378899766684,0.08303385412767235
2020Q1,WA16,LA23,0.05700279575003209,0.0804907627188014
2020Q2,WA16,LA23,0.003192048419456691,0.0045073300096385
2020Q3,WA16,LA23,0.08255142082740922,0.1165666830633509
2020Q4,WA16,LA23,0.07336360561737344,0.1035930342406128
2021Q1,WA16,LA23,0.0061391375890147495,0.008668765460949912
2021Q2,WA16,LA23,0.09357187326844878,0.1321281061622355
2021Q3,WA16,LA23,0.1103673014704765,0.15584408023653026
2021Q4,WA16,LA23,0.10392524186590983,0.14674757392962232
2022Q1,WA16,LA23,0.09371616573630297,0.13233185425282198
2022Q2,WA16,LA23,0.10292461610054214,0.1453346409323757
2022Q3,WA16,LA23,0.09051223802211872,0.1278077500923616
2022Q4,WA16,LA23,0.06501834986743005,0.09180912098586637
2023Q1,WA16,LA23,0.0489659920321517,0.06914239896643005
2023Q2,WA16,LA23,0.15335037888005176,0.21653830828579296
2023Q3,WA16,LA23,0.06784352265446122,0.09579840448413078
2019Q1,WA2,LA23,0.04429699841804165,0.13365209560630287
2019Q2,WA2,LA23,0.057042537619542026,0.17210770399395844
2019Q3,WA2,LA23,0.0619336172001972,0.18686498008663194
2019Q4,WA2,LA23,0.06014385183119403,0.18146493266234784
2020Q1,WA2,LA23,0.038969638516740686,0.11757848248835702
2020Q2,WA2,LA23,0.002850871191160456,0.008601596555288152
2020Q3,WA2,LA23,0.03762334253221905,0.11351646280161495
2020Q4,WA2,LA23,0.023766302171072774,0.07170725338994491
2021Q2,WA2,LA23,0.03826237841657922,0.11544455021526635
2021Q3,WA2,LA23,0.04417912173468142,0.13329644022745446
2021Q4,WA2,LA23,0.03363528125997292,0.10148375707713536
2022Q1,WA2,LA23,0.03404203849179988,0.10271101757735357
2022Q2,WA2,LA23,0.03409696293950504,0.10287673461909387
2022Q3,WA2,LA23,0.041860409012189584,0.12630046249674187
2022Q4,WA2,LA23,0.022021348633312458,0.06644241140547512
2023Q1,WA2,LA23,0.01882571390413536,0.05680060059210758
2023Q2,WA2,LA23,0.026723978887286413,0.08063110162718619
2023Q3,WA2,LA23,0.024764168195021537,0.07471799655535005
2019Q1,WA3,LA23,0.0568751585838001,0.13037151998026295
2019Q2,WA3,LA23,0.05700817218491098,0.13067641909240035
2019Q3,WA3,LA23,0.08385067647055612,0.19220588416879408
2019Q4,WA3,LA23,0.07185327231629092,0.16470495310581526
2020Q1,WA3,LA23,0.03628615454217722,0.08317657901440681
2020Q2,WA3,LA23,0.0013350565996251673,0.003060270291754237
2020Q3,WA3,LA23,0.0481529738473556,0.11037817824806412
2020Q4,WA3,LA23,0.04151617237480607,0.09516503568585627
2021Q1,WA3,LA23,0.0021493824568411327,0.00492690068730825
2021Q2,WA3,LA23,0.04509536430244551,0.10336940299711243
2021Q3,WA3,LA23,0.05388205290758143,0.12351060308461626
2021Q4,WA3,LA23,0.03341060677237075,0.07658513306752368
2022Q1,WA3,LA23,0.027172152174004142,0.06228509718949495
2022Q2,WA3,LA23,0.038304163594079566,0.08780234031303773
2022Q3,WA3,LA23,0.03384283000595445,0.07757589250162822
2022Q4,WA3,LA23,0.021325641376302426,0.04888349061367614
2023Q1,WA3,LA23,0.03987752177217112,0.09140885504211664
2023Q2,WA3,LA23,0.04563035213465839,0.10459572356646564
2023Q3,WA3,LA23,0.03518605604420606,0.0806548891083086
2019Q1,WA4,LA23,0.0551259668719858,0.1440792548085811
2019Q2,WA4,LA23,0.07593473771561979,0.1984658237298223
2019Q3,WA4,LA23,0.0788686468757789,0.2061339966337721
2019Q4,WA4,LA23,0.09064162925848064,0.23690429645478486
2020Q1,WA4,LA23,0.05665747425881296,0.14808205885082695
2020Q2,WA4,LA23,0.002788786372844798,0.007288874648727411
2020Q3,WA4,LA23,0.11799279317818193,0.30839030457957906
2020Q4,WA4,LA23,0.09374384322954717,0.24501235700356366
2021Q2,WA4,LA23,0.10088526200834116,0.2636774318187418
2021Q3,WA4,LA23,0.14280154196861855,0.3732313630005583
2021Q4,WA4,LA23,0.10468360061150407,0.273604909312701
2022Q1,WA4,LA23,0.07541164835509244,0.19709865813546468
2022Q2,WA4,LA23,0.08194101191670587,0.2141640429207543
2022Q3,WA4,LA23,0.08713729846766552,0.22774524859416606
2022Q4,WA4,LA23,0.082685769004025,0.21611056743983495
2023Q1,WA4,LA23,0.07144470064238306,0.18673049767056
2023Q2,WA4,LA23,0.1300667822419296,0.3399473265346129
2023Q3,WA4,LA23,0.09021195958014168,0.2357812959782095
2019Q1,WA5,LA23,0.049019819379034234,0.16448855209973812
2019Q2,WA5,LA23,0.06842713081207052,0.22961079445410654
2019Q3,WA5,LA23,0.057382050351583676,0.19254845281790645
2019Q4,WA5,LA23,0.15280554940651012,0.512746964249974
2020Q1,WA5,LA23,0.04149951932738063,0.1392537943523207
2020Q3,WA5,LA23,0.08981160305028174,0.3013675026680264
2020Q4,WA5,LA23,0.038272347299553006,0.12842485085643385
2021Q1,WA5,LA23,0.0004286577709039863,0.0014383834329763925
2021Q2,WA5,LA23,0.06482152727572844,0.21751200435957868
2021Q3,WA5,LA23,0.08975204689873964,0.3011676589056484
2021Q4,WA5,LA23,0.07278634375513658,0.24423836008740735
2022Q1,WA5,LA23,0.05011178271038399,0.16815269182108009
2022Q2,WA5,LA23,0.054925014347062096,0.1843037407818287
2022Q3,WA5,LA23,0.07074531738079712,0.2373895899906317
2022Q4,WA5,LA23,0.0484711012331691,0.16264729983753962
2023Q2,WA5,LA23,0.025276889064414717,0.08481791521185313
2023Q3,WA5,LA23,0.01993273717665215,0.06688533575002187
2019Q1,WA6,LA23,0.07730226313429778,0.07232768006323184
2019Q3,WA6,LA23,0.09730595758297446,0.09104408956411493
2019Q4,WA6,LA23,0.09209691249313602,0.08617025881949314
2020Q1,WA6,LA23,0.06009546788278485,0.05622818269531085
2020Q2,WA6,LA23,0.0009844089869223962,0.0009210599453446398
2020Q3,WA6,LA23,0.13664105209409466,0.1278478779100605
2020Q4,WA6,LA23,0.0913013641360934,0.08542590587677212
2021Q2,WA6,LA23,0.1054821391726056,0.09869411457213242
2021Q3,WA6,LA23,0.10215698659333952,0.09558294340891868
2021Q4,WA6,LA23,0.07608085105742397,0.07118486873611689
2022Q1,WA6,LA23,0.10429874650240152,0.09758687601313974
2022Q2,WA6,LA23,0.062479717422191675,0.0584590001498727
2022Q3,WA6,LA23,0.051688078844462935,0.04836182898359045
2022Q4,WA6,LA23,0.053456058529822666,0.050016035003650115
2023Q1,WA6,LA23,0.03474316930271373,0.03250736436194255
2023Q2,WA6,LA23,0.04713061838275305,0.044097651858495006
2023Q3,WA6,LA23,0.04200333047229792,0.03930031702581095
2019Q1,WA7,LA23,0.031058387136430207,0.1061631667374466
2019Q2,WA7,LA23,0.0320721534086019,0.10962840262727568
2019Q3,WA7,LA23,0.041293519655592616,0.14114869497619953
2019Q4,WA7,LA23,0.03463223740482976,0.1183792312829792
2020Q1,WA7,LA23,0.023031597020240442,0.07872615097328907
2020Q2,WA7,LA23,0.001425897681335495,0.004873975349370242
2020Q3,WA7,LA23,0.05545612659109135,0.18955903885289985
2020Q4,WA7,LA23,0.01668057670283905,0.0570172185053074
2021Q2,WA7,LA23,0.025656851252130058,0.08769974324400218
2021Q3,WA7,LA23,0.07101611790780482,0.2427458944785053
2021Q4,WA7,LA23,0.041352746095012584,0.14135114162404985
2022Q1,WA7,LA23,0.032074332095480565,0.1096358497718216
2022Q2,WA7,LA23,0.04113485625484648,0.14060635486708345
2022Q3,WA7,LA23,0.03635526144135536,0.12426883808318985
2022Q4,WA7,LA23,0.024878933122648585,0.0850406788268627
2023Q1,WA7,LA23,0.03411085436723592,0.11659705006052845
2023Q2,WA7,LA23,0.036591236497844334,0.12507544337012486
2023Q3,WA7,LA23,0.03707784515457875,0.12673875948933774
2019Q1,WA8,LA23,0.05167771536355379,0.1965086707617295
2019Q2,WA8,LA23,0.052493208042655226,0.19960964729017647
2019Q3,WA8,LA23,0.05193451883586473,0.1974851866281103
2019Q4,WA8,LA23,0.054423721395772534,0.20695057964835115
2020Q1,WA8,LA23,0.04765495532876322,0.18121180205016074
2020Q2,WA8,LA23,0.0030211960703318925,0.011488341148884987
2020Q3,WA8,LA23,0.09665152151216792,0.3675251873237748
2020Q4,WA8,LA23,0.041292975392852704,0.1570198614462951
2021Q2,WA8,LA23,0.04933994052861892,0.1876190938498743
2021Q3,WA8,LA23,0.09039615323546422,0.34373864613222943
2021Q4,WA8,LA23,0.05861939500802465,0.222904966151188
2022Q1,WA8,LA23,0.05590394452000876,0.2125792471799576
2022Q2,WA8,LA23,0.061119568662521766,0.2324120776413609
2022Q4,WA8,LA23,0.0391588788338985,0.14890478756721576
2023Q1,WA8,LA23,0.048460960007517914,0.18427669969386584
2023Q2,WA8,LA23,0.0628080714576964,0.2388327453803074
2023Q3,WA8,LA23,0.048034589426805586,0.18265539125408184
2019Q1,WA9,LA23,0.0589014328668837,0.13163977592667087
2019Q2,WA9,LA23,0.0870163331650124,0.19447422655558244
2019Q3,WA9,LA23,0.08062275241322778,0.1801851083360628
2019Q4,WA9,LA23,0.06733382276990152,0.15048546207268118
2020Q1,WA9,LA23,0.051313313959561485,0.11468096484099954
2020Q2,WA9,LA23,0.002907278894094401,0.006497525162755429
2020Q3,WA9,LA23,0.10154004593910886,0.22693350983866056
2020Q4,WA9,LA23,0.039936602962576805,0.08925496731373787
2021Q2,WA9,LA23,0.05372904771403834,0.1200799277296702
2021Q3,WA9,LA23,0.09942938462550296,0.22221635833900005
2021Q4,WA9,LA23,0.06605775942337826,0.14763356722346432
2022Q1,WA9,LA23,0.05864271979056927,0.13106157383993555
2022Q2,WA9,LA23,0.07848326612138053,0.17540353542096135
2022Q3,WA9,LA23,0.06883990361956292,0.1538514268026894
2022Q4,WA9,LA23,0.0586441432462849,0.1310647551444018
2023Q1,WA9,LA23,0.051406679713999835,0.11488962949303386
2023Q2,WA9,LA23,0.04117183901107471,0.09201561656667367
2023Q3,WA9,LA23,0.04982369990442855,0.1113518020194756
2019Q1,WC1H,LA23,0.009375870996049982,0.01191861257794111
2019Q2,WC1H,LA23,0.011235472208201192,0.014282538703464544
2019Q3,WC1H,LA23,0.013650308992550602,0.017352280606243206
2022Q2,WC1H,LA23,0.00781595593734195,0.009935647662247409
2022Q3,WC1H,LA23,0.003853034559252469,0.004897979737615349
2023Q1,WC1H,LA23,0.007640148402649814,0.00971216102349552
2023Q2,WC1H,LA23,0.004561611158150764,0.005798722715800727
2019Q2,WC1N,LA23,0.009462660065077342,0.009970569709001585
2019Q3,WC1N,LA23,0.009290974758351332,0.009789669168672492
2019Q4,WC1N,LA23,0.007075054050876095,0.007454808597590426
2020Q1,WC1N,LA23,0.007792399453159751,0.008210657617814372
2021Q3,WC1N,LA23,0.009517761304606114,0.01002862851551008
2019Q1,WC1X,LA23,0.004341848251395332,0.005372861731572771
2019Q2,WC1X,LA23,0.020220026628838643,0.025021465743432253
2019Q3,WC1X,LA23,0.01670733110766564,0.02067464700458935
2021Q3,WC1X,LA23,0.010388335422122377,0.012855145231371452
2022Q2,WC1X,LA23,0.00955404102180918,0.011822739629709145
2022Q3,WC1X,LA23,0.0056140610304708655,0.006947173628105796
2022Q4,WC1X,LA23,0.0037098318267025773,0.004590766949502517
2023Q2,WC1X,LA23,0.008571923606383413,0.010607409021239245
2023Q3,WC1X,LA23,0.005325718508897533,0.0065903614112696384
2019Q1,WD17,LA23,0.004760111708736,0.007870041132806241
2019Q2,WD17,LA23,0.008392479839259209,0.013875548638911205
2019Q3,WD17,LA23,0.01583498396308812,0.026180472802375232
2019Q4,WD17,LA23,0.0033953880448114398,0.005613700940140398
2020Q1,WD17,LA23,0.004768114542411078,0.007883272467290744
2020Q3,WD17,LA23,0.019079280257367333,0.031544369039543205
2020Q4,WD17,LA23,0.0063432296424602574,0.010487459382387944
2021Q2,WD17,LA23,0.01278734746682438,0.021141720342129692
2021Q3,WD17,LA23,0.02058241358567236,0.03402954624665412
2021Q4,WD17,LA23,0.013089749624546634,0.0216416912599457
2022Q1,WD17,LA23,0.0036607060333726693,0.006052359444607461
2022Q2,WD17,LA23,0.008061389928035033,0.013328147363598835
2022Q3,WD17,LA23,0.027580038873563674,0.04559893835705346
2022Q4,WD17,LA23,0.004213163944942477,0.0069657553382834825
2023Q2,WD17,LA23,0.0065295688462280845,0.010795539798991562
2023Q3,WD17,LA23,0.008082555892509013,0.013363141712727244
2019Q1,WD18,LA23,0.002266572377115821,0.004418253484584368
2019Q2,WD18,LA23,0.009404598840329379,0.018332483893709832
2019Q3,WD18,LA23,0.022414467613493375,0.043692758562794407
2019Q4,WD18,LA23,0.0041808149281823,0.008149706716336585
2020Q3,WD18,LA23,0.016706383191953073,0.03256592928507067
2020Q4,WD18,LA23,0.010258402426583702,0.019996812246162
2021Q2,WD18,LA23,0.00773630839754095,0.01508046770549166
2021Q3,WD18,LA23,0.024700772537978213,0.048149476910470335
2021Q4,WD18,LA23,0.005984822271014371,0.011666277291870556
2022Q1,WD18,LA23,0.003915501185079768,0.007632527833453299
2022Q2,WD18,LA23,0.007364950757957203,0.01435657633467837
2022Q3,WD18,LA23,0.018243148046451056,0.035561561254261284
2022Q4,WD18,LA23,0.004958284712772284,0.00966523678261879
2023Q1,WD18,LA23,0.003334652140345303,0.006500272652976254
2023Q2,WD18,LA23,0.012835799516015923,0.025020959626812632
2023Q3,WD18,LA23,0.010694855217732516,0.02084759428375289
2019Q2,WD19,LA23,0.004910968462213822,0.0052569610256784725
2019Q3,WD19,LA23,0.01098409409228883,0.01175795670239705
2019Q4,WD19,LA23,0.003345575313175648,0.0035812812004718344
2020Q3,WD19,LA23,0.022402156556279862,0.02398045615923631
2020Q4,WD19,LA23,0.0050823944120006225,0.005440464451479925
2021Q2,WD19,LA23,0.007669791519361916,0.008210151501194748
2021Q3,WD19,LA23,0.037150394366326216,0.03976775187522245
2021Q4,WD19,LA23,0.008111594962055163,0.008683081331047898
2022Q1,WD19,LA23,0.005172160009820424,0.005536554306834586
2022Q3,WD19,LA23,0.00782710083262175,0.00837854373078166
2023Q1,WD19,LA23,0.0035503003146743844,0.003800429696769786
2023Q2,WD19,LA23,0.004990062152994099,0.005341627105904439
2023Q3,WD19,LA23,0.005943509240145586,0.0063622474205668866
2019Q1,WD23,LA23,0.003436704680477345,0.00449511090839325
2019Q2,WD23,LA23,0.009821288391378774,0.012845962829843956
2019Q3,WD23,LA23,0.010230845017099073,0.0133816511205307
2019Q4,WD23,LA23,0.011806717643099108,0.0154428472051437
2020Q3,WD23,LA23,0.02795764315529077,0.03656779339645151
2020Q4,WD23,LA23,0.00472828121711586,0.006184455882329783
2021Q2,WD23,LA23,0.006640909000881862,0.008686118030765652
2021Q3,WD23,LA23,0.026881872944311862,0.03516071689151768
2021Q4,WD23,LA23,0.006798673153912735,0.008892469006824498
2022Q1,WD23,LA23,0.004110767778605745,0.005376766059781313
2022Q2,WD23,LA23,0.01718125699374122,0.022472590144622724
2022Q3,WD23,LA23,0.0184240781053716,0.024098164424486413
2022Q4,WD23,LA23,0.0038533922016920296,0.005040126205355954
2023Q2,WD23,LA23,0.013388560321140957,0.017511851946173784
2023Q3,WD23,LA23,0.01447085336675814,0.018927460131267015
2019Q1,WD24,LA23,0.003625124921269613,0.009021311837706368
2019Q2,WD24,LA23,0.007689778661576883,0.01913641399279822
2019Q3,WD24,LA23,0.0071710486552906344,0.017845527403255616
2019Q4,WD24,LA23,0.002952902665447673,0.007348451805094784
2020Q3,WD24,LA23,0.006693081402382881,0.01665608104476086
2020Q4,WD24,LA23,0.004594133724319849,0.011432740623100388
2021Q2,WD24,LA23,0.004492154205888979,0.011178959289545187
2021Q3,WD24,LA23,0.011108300632543958,0.027643583647339053
2022Q1,WD24,LA23,0.002523397474289972,0.006279605806819425
2022Q2,WD24,LA23,0.005618083629749793,0.013980893198167593
2022Q3,WD24,LA23,0.006147505505774661,0.015298387061427662
2023Q2,WD24,LA23,0.007245368771571593,0.018030476876541718
2023Q3,WD24,LA23,0.0048434460455891604,0.01205316729638733
2019Q2,WD25,LA23,0.007088683422861469,0.006229355656728011
2019Q3,WD25,LA23,0.020377547972967317,0.017907273630849957
2020Q3,WD25,LA23,0.025232510789873774,0.0221736921295466
2021Q2,WD25,LA23,0.010051372483225905,0.008832891850457122
2021Q3,WD25,LA23,0.015336640606741985,0.013477451766388432
2021Q4,WD25,LA23,0.006122923635292868,0.0053806703879898535
2022Q2,WD25,LA23,0.006038096719209785,0.005306126640156404
2022Q3,WD25,LA23,0.005824507316540839,0.005118429676649481
2022Q4,WD25,LA23,0.00593862461295911,0.005218713069709613
2023Q2,WD25,LA23,0.0060937978076561925,0.005355075347511638
2023Q3,WD25,LA23,0.009806518067839623,0.008617719984741945
2019Q1,WD3,LA23,0.0032202976961665285,0.008207042499102759
2019Q2,WD3,LA23,0.011875184650351386,0.030264327806135437
2019Q3,WD3,LA23,0.013239165556318213,0.03374048135447358
2019Q4,WD3,LA23,0.0072920692250794785,0.01858409615603806
2020Q1,WD3,LA23,0.0018038036104304825,0.004597057256060722
2020Q3,WD3,LA23,0.03247538730858267,0.08276467238840568
2020Q4,WD3,LA23,0.009053232473979359,0.023072482943627702
2021Q2,WD3,LA23,0.01942474151432089,0.0495046403107054
2021Q3,WD3,LA23,0.04271437929722132,0.10885910536544452
2021Q4,WD3,LA23,0.016139135692909232,0.04113115774612
2022Q1,WD3,LA23,0.004581072773222538,0.011675025879152659
2022Q2,WD3,LA23,0.019474559528191642,0.04963160327985723
2022Q3,WD3,LA23,0.015209416938604997,0.03876173664015492
2022Q4,WD3,LA23,0.006311567871214519,0.016085253800197243
2023Q1,WD3,LA23,0.00529801527238406,0.013502179178375862
2023Q2,WD3,LA23,0.004949118954284721,0.012613004580067646
2023Q3,WD3,LA23,0.01101270319267225,0.028066263327100792
2019Q3,WD4,LA23,0.024536866819532568,0.007753851217415014
2020Q3,WD4,LA23,0.037970573748180254,0.011999012818087374
2020Q4,WD4,LA23,0.029416006381705332,0.009295699347917758
2021Q2,WD4,LA23,0.02360679871541851,0.007459942066160916
2021Q3,WD4,LA23,0.13253436163769095,0.041881945600147685
2021Q4,WD4,LA23,0.015095703166848062,0.004770366047095427
2022Q2,WD4,LA23,0.03890361623983515,0.01229386190020649
2022Q3,WD4,LA23,0.03671446700978267,0.011602072783552318
2022Q4,WD4,LA23,0.05201677571119776,0.016437727874579464
2023Q2,WD4,LA23,0.008663704509319298,0.0027378017026784
2020Q3,WD5,LA23,0.16076219832653227,0.009618023332245129
2022Q3,WD5,LA23,0.04495178146178308,0.0026893591119427915
2019Q1,WD6,LA23,0.0030158500756967787,0.008476513447866357
2019Q2,WD6,LA23,0.007052212347653844,0.019821334383900328
2019Q3,WD6,LA23,0.01662785853595079,0.046735170168113266
2019Q4,WD6,LA23,0.005580211417644365,0.015684047925582492
2020Q1,WD6,LA23,0.005893611636621428,0.016564907750853997
2020Q3,WD6,LA23,0.019717177463769255,0.05541817919678694
2020Q4,WD6,LA23,0.002592400924865176,0.007286344065629282
2021Q2,WD6,LA23,0.00950207443862327,0.026707050993908712
2021Q3,WD6,LA23,0.022741465138729308,0.06391840782340147
2021Q4,WD6,LA23,0.005303905766160116,0.014907448123953887
2022Q1,WD6,LA23,0.002847278161147268,0.008002715989522421
2022Q2,WD6,LA23,0.007729303964143645,0.021724405176067395
2022Q3,WD6,LA23,0.008384581299611322,0.023566163554885517
2022Q4,WD6,LA23,0.0032933647734169264,0.009256511461083878
2023Q1,WD6,LA23,0.0012782448396101314,0.0035927049756005296
2023Q2,WD6,LA23,0.006191397152083833,0.01740188003496653
2023Q3,WD6,LA23,0.0103184636161211,0.029001639142543414
2019Q2,WD7,LA23,0.011818319193543536,0.008304433797193603
2019Q3,WD7,LA23,0.01183653177525172,0.00831723131743271
2021Q2,WD7,LA23,0.02208939210942603,0.015521656793056853
2021Q3,WD7,LA23,0.05355219293799885,0.0376297706691748
2021Q4,WD7,LA23,0.012945235548730321,0.009096289399785207
2022Q2,WD7,LA23,0.017660647876081025,0.012409690303726557
2022Q3,WD7,LA23,0.010736265469005165,0.007544102029767256
2023Q2,WD7,LA23,0.008953387484498091,0.00629131879144505
2023Q3,WD7,LA23,0.022188789589257147,0.015591500886565203
2019Q1,WF1,LA23,0.0324306912412855,0.0848328818033192
2019Q2,WF1,LA23,0.02685888130424361,0.07025802460083368
2019Q3,WF1,LA23,0.03139453504127812,0.08212248270047483
2019Q4,WF1,LA23,0.028177218490883043,0.07370655864221509
2020Q1,WF1,LA23,0.024078393856868698,0.06298476726494041
2020Q2,WF1,LA23,0.0008977053662293592,0.002348236510315033
2020Q3,WF1,LA23,0.05691246930022181,0.14887282991780512
2020Q4,WF1,LA23,0.025280447821766437,0.06612912521792677
2021Q2,WF1,LA23,0.032686724396263724,0.08550261869583255
2021Q3,WF1,LA23,0.06624251868984203,0.1732785686422755
2021Q4,WF1,LA23,0.040136976869451536,0.10499114525114182
2022Q1,WF1,LA23,0.029481763110931293,0.07711901379885462
2022Q2,WF1,LA23,0.028257817938137336,0.07391739236547634
2022Q3,WF1,LA23,0.033406010890056036,0.0873841433804784
2022Q4,WF1,LA23,0.05002630239615796,0.13085985021582758
2023Q1,WF1,LA23,0.017240680598565074,0.04509853362499205
2023Q2,WF1,LA23,0.04345424115690817,0.11366851469462536
2023Q3,WF1,LA23,0.03355665114641265,0.08777819132004416
2019Q1,WF10,LA23,0.019013942103794857,0.05142578669643053
2019Q2,WF10,LA23,0.03170408969038743,0.0857480129539768
2019Q3,WF10,LA23,0.025109438859888117,0.06791188485937137
2019Q4,WF10,LA23,0.02248021855536876,0.06080080174888108
2020Q1,WF10,LA23,0.014958903369941648,0.040458384153888916
2020Q3,WF10,LA23,0.03488633057852065,0.09435481528020967
2020Q4,WF10,LA23,0.01855897727987044,0.050195272589371856
2021Q2,WF10,LA23,0.02904928613558924,0.07856773647134623
2021Q3,WF10,LA23,0.04141725051177361,0.11201857451464542
2021Q4,WF10,LA23,0.033080987170912214,0.0894720190411831
2022Q1,WF10,LA23,0.0226378349019143,0.06122709654735443
2022Q2,WF10,LA23,0.03508538270137988,0.094893178758743
2022Q3,WF10,LA23,0.038100062656652285,0.10304678980328814
2022Q4,WF10,LA23,0.021378133836459996,0.0578200640687823
2023Q1,WF10,LA23,0.02134351491366888,0.05772643249415154
2023Q2,WF10,LA23,0.03034486256350352,0.08207179873613801
2023Q3,WF10,LA23,0.03437135071083865,0.0929619823429996
2019Q1,WF11,LA23,0.020663890366855942,0.014002077793817643
2019Q2,WF11,LA23,0.009739642924694016,0.006599688417545597
2019Q3,WF11,LA23,0.021081735015604303,0.014285213891311137
2019Q4,WF11,LA23,0.048402116845054174,0.032797802999233495
2020Q1,WF11,LA23,0.018169306596915197,0.012311720586641857
2020Q3,WF11,LA23,0.05351687252374487,0.036263617308056426
2020Q4,WF11,LA23,0.038394225338400666,0.02601634641286802
2021Q2,WF11,LA23,0.0242630522276657,0.016440909179045685
2021Q3,WF11,LA23,0.05610321992951901,0.03801615455707195
2021Q4,WF11,LA23,0.025536326025805176,0.01730369341075913
2022Q1,WF11,LA23,0.029496780527233413,0.019987340635137574
2022Q2,WF11,LA23,0.025446589726112287,0.01724288711402981
2022Q3,WF11,LA23,0.038275892928936434,0.025936163079844456
2022Q4,WF11,LA23,0.04439972849608813,0.03008574094178178
2023Q1,WF11,LA23,0.009170708382526942,0.006214172158139238
2023Q2,WF11,LA23,0.04496695580782109,0.030470100363200425
2023Q3,WF11,LA23,0.0407276892361223,0.02759752703495311
2019Q1,WF12,LA23,0.018853958468929642,0.021711463051079818
2019Q2,WF12,LA23,0.02949638943797097,0.033966860088194765
2019Q3,WF12,LA23,0.042173666870627236,0.0485655047718027
2019Q4,WF12,LA23,0.02852533400873005,0.03284863156831876
2020Q1,WF12,LA23,0.0173039490688475,0.01992653433840825
2020Q2,WF12,LA23,0.0023488415626472608,0.002704831820028493
2020Q3,WF12,LA23,0.047380673779835014,0.0545616852716317
2020Q4,WF12,LA23,0.019359326705704512,0.02229342486127521
2021Q2,WF12,LA23,0.028059270097488927,0.032311931044392776
2021Q3,WF12,LA23,0.06038732899483951,0.06953962821046203
2021Q4,WF12,LA23,0.031185470852521525,0.03591193855979076
2022Q1,WF12,LA23,0.02959854301248118,0.034084496051070626
2022Q2,WF12,LA23,0.030124630781885656,0.034690317644762665
2022Q3,WF12,LA23,0.029265649188232167,0.03370114886289124
2022Q4,WF12,LA23,0.023007157391303098,0.02649412050179473
2023Q1,WF12,LA23,0.017237520991507733,0.019850038426470533
2023Q2,WF12,LA23,0.02218685225855821,0.02554948998245038
2023Q3,WF12,LA23,0.029787279118798145,0.03430183698801277
2019Q1,WF13,LA23,0.013397828227521849,0.012869171891972508
2019Q2,WF13,LA23,0.02136835838457508,0.020525197997051287
2019Q3,WF13,LA23,0.03197274872281285,0.03071115647889075
2019Q4,WF13,LA23,0.011702013988948887,0.011240271702894137
2020Q1,WF13,LA23,0.007758336968783123,0.007452205712118066
2020Q3,WF13,LA23,0.022490596144035518,0.021603154094479916
2020Q4,WF13,LA23,0.013802794298076355,0.013258158665342015
2021Q3,WF13,LA23,0.017844626663224106,0.017140506952116944
2021Q4,WF13,LA23,0.019500697019779818,0.018731231487600686
2022Q1,WF13,LA23,0.009990618342085077,0.009596404922349687
2022Q2,WF13,LA23,0.016522615678623953,0.015870660353475927
2022Q3,WF13,LA23,0.029163729425237907,0.028012976477291618
2022Q4,WF13,LA23,0.014575240732282746,0.014000125629713372
2023Q1,WF13,LA23,0.011692830743482784,0.011231450813237802
2023Q2,WF13,LA23,0.03576655818787191,0.034355268442570405
2023Q3,WF13,LA23,0.021438813448151104,0.020592873019332675
2019Q1,WF14,LA23,0.029906842651836494,0.017892523946506582
2019Q2,WF14,LA23,0.07194595264255263,0.0430434832421888
2019Q3,WF14,LA23,0.056248932940938336,0.03365234476028447
2019Q4,WF14,LA23,0.061789363224342427,0.03696704710696199
2020Q1,WF14,LA23,0.048397703934686176,0.02895514871591208
2020Q3,WF14,LA23,0.11629465284258575,0.06957621321182356
2020Q4,WF14,LA23,0.04884727096826155,0.02922411354805605
2021Q2,WF14,LA23,0.058592844934539,0.03505464930851897
2021Q3,WF14,LA23,0.09362124707989458,0.056011275572614094
2021Q4,WF14,LA23,0.07734643705905342,0.04627445943950537
2022Q1,WF14,LA23,0.061767368278076114,0.036953888074851726
2022Q2,WF14,LA23,0.07808145498867855,0.046714202479585916
2022Q3,WF14,LA23,0.0911278419624948,0.0545195329874543
2022Q4,WF14,LA23,0.054080013706643365,0.032354734049938265
2023Q1,WF14,LA23,0.031964941195328084,0.01912383337968181
2023Q2,WF14,LA23,0.024763771617463542,0.014815551806304696
2023Q3,WF14,LA23,0.05147518364167462,0.030796328675736336
2019Q1,WF15,LA23,0.06355273937614288,0.029459746985678957
2019Q2,WF15,LA23,0.06036786512022694,0.02798340480623063
2019Q3,WF15,LA23,0.06544051708902551,0.03033482262101188
2019Q4,WF15,LA23,0.0874456133241311,0.040535241577697785
2020Q1,WF15,LA23,0.0609320303674794,0.02824492249382868
2020Q3,WF15,LA23,0.12212485263249988,0.056610734557373685
2020Q4,WF15,LA23,0.05916388625831327,0.02742530277953189
2021Q2,WF15,LA23,0.0628123212316288,0.02911652761519846
2021Q3,WF15,LA23,0.16640082823274094,0.07713477571643726
2021Q4,WF15,LA23,0.07541221972162074,0.03495718570805389
2022Q1,WF15,LA23,0.06558214331089593,0.03040047317681476
2022Q2,WF15,LA23,0.05687025895368309,0.026362096366446642
2022Q3,WF15,LA23,0.07077895218785403,0.0328094436814849
2022Q4,WF15,LA23,0.03193530924763745,0.014803549612182141
2023Q1,WF15,LA23,0.06800601058828137,0.031524052072383936
2023Q2,WF15,LA23,0.03686805073073366,0.01709011219727706
2023Q3,WF15,LA23,0.05925871967560095,0.027469262623065097
2019Q1,WF16,LA23,0.029299299103363582,0.02226508233057617
2019Q2,WF16,LA23,0.02982078826498237,0.02266137164374313
2019Q3,WF16,LA23,0.026458843450933862,0.02010656725024656
2019Q4,WF16,LA23,0.04472057374184128,0.0339839957508878
2020Q1,WF16,LA23,0.017910931068340644,0.013610849646846937
2020Q3,WF16,LA23,0.03676474803189059,0.027938215822335476
2020Q4,WF16,LA23,0.030776423575929114,0.023387576690531854
2021Q2,WF16,LA23,0.03360945792666091,0.025540452185671348
2021Q3,WF16,LA23,0.05706581397142727,0.04336537341227077
2021Q4,WF16,LA23,0.040008142308559584,0.03040293145753866
2022Q1,WF16,LA23,0.02008194724966111,0.015260645222078428
2022Q2,WF16,LA23,0.03992793516328599,0.030341980556060875
2022Q3,WF16,LA23,0.033992320978358415,0.02583139693958193
2022Q4,WF16,LA23,0.04035675319857441,0.030667847356725626
2023Q1,WF16,LA23,0.027733880169571592,0.021075491367332947
2023Q2,WF16,LA23,0.016844927680860818,0.0128007738459488
2023Q3,WF16,LA23,0.025415960272589855,0.019314060926286857
2019Q1,WF17,LA23,0.01846630127309567,0.03524227396965165
2019Q2,WF17,LA23,0.0349512870643871,0.06670327837170507
2019Q3,WF17,LA23,0.059976561658332574,0.1144631177874378
2019Q4,WF17,LA23,0.024112735949824896,0.046018292127600516
2020Q1,WF17,LA23,0.02033687857842444,0.038812203697369034
2020Q3,WF17,LA23,0.04759411654181072,0.09083166518862056
2020Q4,WF17,LA23,0.023541087525316425,0.044927321602810086
2021Q2,WF17,LA23,0.03682978235770197,0.07028831929563699
2021Q3,WF17,LA23,0.08231635023125063,0.15709780340571747
2021Q4,WF17,LA23,0.03949996279429696,0.07538426293390024
2022Q1,WF17,LA23,0.024576904317316302,0.046904140816694036
2022Q2,WF17,LA23,0.033263012908288536,0.06348126766879328
2022Q3,WF17,LA23,0.04963385086320619,0.09472442501728494
2022Q4,WF17,LA23,0.03511150319449819,0.06700904511233326
2023Q1,WF17,LA23,0.01809658048478775,0.034536675099519125
2023Q2,WF17,LA23,0.036159026485482304,0.06900820575985499
2023Q3,WF17,LA23,0.03225886806823307,0.061564893239767486
2019Q1,WF2,LA23,0.027142303286003044,0.1225901938606397
2019Q2,WF2,LA23,0.031137094984725094,0.14063296214080087
2019Q3,WF2,LA23,0.039013676231859126,0.17620811624141786
2019Q4,WF2,LA23,0.034380331937341815,0.1552812785555064
2020Q1,WF2,LA23,0.02570759699371799,0.1161102381748227
2020Q2,WF2,LA23,0.0010635072752302166,0.004803408232119565
2020Q3,WF2,LA23,0.04335988076577128,0.1958380662407254
2020Q4,WF2,LA23,0.017849185096435488,0.08061714726895937
2021Q2,WF2,LA23,0.024127167713152348,0.10897211397636954
2021Q3,WF2,LA23,0.04782984498576463,0.21602698589522248
2021Q4,WF2,LA23,0.030449733272015913,0.13752844279601653
2022Q1,WF2,LA23,0.02474385305617476,0.11175741833891853
2022Q2,WF2,LA23,0.028423986833591392,0.1283790111511706
2022Q3,WF2,LA23,0.03429195045669839,0.15488209714737014
2022Q4,WF2,LA23,0.02148147025120348,0.09702262828463123
2023Q1,WF2,LA23,0.021711140438269445,0.09805995044774136
2023Q2,WF2,LA23,0.034429941466143484,0.15550534361325213
2023Q3,WF2,LA23,0.028689147283759438,0.1295766276779536
2019Q1,WF3,LA23,0.03190008604773351,0.024913952112948896
2019Q2,WF3,LA23,0.0372475951033236,0.029090354155726382
2019Q3,WF3,LA23,0.06564383746676139,0.05126780600873306
2019Q4,WF3,LA23,0.05688515402321832,0.04442727838261984
2020Q1,WF3,LA23,0.03814771854821916,0.029793350140386563
2020Q2,WF3,LA23,0.008160637834777728,0.006373454288572887
2020Q3,WF3,LA23,0.09656816488966724,0.07541969109727402
2020Q4,WF3,LA23,0.021130173370378244,0.016502655406640025
2021Q2,WF3,LA23,0.044570321048792494,0.034809399655123176
2021Q3,WF3,LA23,0.08367167238584937,0.06534753655247615
2021Q4,WF3,LA23,0.034059438032942715,0.02660040499191614
2022Q1,WF3,LA23,0.028695265167820463,0.022410988521776847
2022Q2,WF3,LA23,0.060207639913772364,0.047022138291441085
2022Q3,WF3,LA23,0.054123312746701895,0.04227028165214911
2022Q4,WF3,LA23,0.028790341458873405,0.022485243060113368
2023Q1,WF3,LA23,0.026859561394413683,0.02097730474312555
2023Q2,WF3,LA23,0.032852330185776886,0.025657654334301824
2023Q3,WF3,LA23,0.053151905227696535,0.0415116128393301
2019Q1,WF4,LA23,0.028314968938039583,0.02032137760409057
2019Q2,WF4,LA23,0.027932447218349782,0.02004684548913072
2019Q3,WF4,LA23,0.04828860699725997,0.03465626322649926
2019Q4,WF4,LA23,0.036807213047328965,0.026416178542372368
2020Q1,WF4,LA23,0.027322951194087647,0.0196094161250256
2020Q3,WF4,LA23,0.14943794786204648,0.10725016063165424
2020Q4,WF4,LA23,0.0661848206736193,0.04750020158986472
2021Q2,WF4,LA23,0.121116430619614,0.08692408337323859
2021Q3,WF4,LA23,0.13053762726439447,0.09368558450431597
2021Q4,WF4,LA23,0.04936937945152183,0.03543192309726285
2022Q1,WF4,LA23,0.050816252492918976,0.03647032979598644
2022Q2,WF4,LA23,0.11464106426333748,0.08227677596708645
2022Q3,WF4,LA23,0.08079580040763347,0.057986359529516474
2022Q4,WF4,LA23,0.06101931668221159,0.04379296965348031
2023Q1,WF4,LA23,0.052806634798926735,0.037898807803693015
2023Q2,WF4,LA23,0.08169805600983042,0.058633899593140526
2023Q3,WF4,LA23,0.04635514456789818,0.03326863606023391
2019Q1,WF5,LA23,0.026971684127909797,0.020207429062300542
2019Q2,WF5,LA23,0.028519912936125106,0.021367376052108544
2019Q3,WF5,LA23,0.036611369922026314,0.02742956861961159
2019Q4,WF5,LA23,0.01664150546320919,0.012467966017357751
2020Q1,WF5,LA23,0.026223770815956376,0.019647085662000602
2020Q3,WF5,LA23,0.10198931941570713,0.07641131815986936
2020Q4,WF5,LA23,0.04931470165179097,0.03694701934929966
2021Q2,WF5,LA23,0.050074099052018255,0.03751596673213324
2021Q3,WF5,LA23,0.14593998679416814,0.10933955464221784
2021Q4,WF5,LA23,0.06700811099890884,0.050203081245788934
2022Q1,WF5,LA23,0.049933105329597084,0.03741033296337992
2022Q2,WF5,LA23,0.06520462661519458,0.04885189447613664
2022Q3,WF5,LA23,0.07605371236097562,0.05698012738732625
2022Q4,WF5,LA23,0.0488385462606712,0.03659027943483773
2023Q1,WF5,LA23,0.042153166301242426,0.031581532459898566
2023Q2,WF5,LA23,0.06630275636702916,0.04967462319252542
2023Q3,WF5,LA23,0.07268134711114181,0.054453520919780264
2019Q1,WF6,LA23,0.015594977554645846,0.01295535632205735
2019Q2,WF6,LA23,0.030521796619440444,0.025355647317133717
2019Q3,WF6,LA23,0.031913554130344614,0.026511834583481636
2019Q4,WF6,LA23,0.029864778456110092,0.024809836694054455
2020Q1,WF6,LA23,0.016106040033792197,0.013379915863549129
2020Q3,WF6,LA23,0.06081077782135424,0.05051788578319616
2020Q4,WF6,LA23,0.015053801380372685,0.012505780159081218
2021Q2,WF6,LA23,0.030314830240794326,0.025183712271209423
2021Q3,WF6,LA23,0.05484339229339267,0.04556054579633613
2021Q4,WF6,LA23,0.02297039591428821,0.019082404119246728
2022Q1,WF6,LA23,0.03074947704271137,0.02554479032812528
2022Q2,WF6,LA23,0.0503997075185672,0.04186900347516012
2022Q3,WF6,LA23,0.0352647906357142,0.02929583750329444
2022Q4,WF6,LA23,0.02718439848842104,0.022583140474823838
2023Q1,WF6,LA23,0.04097142289604592,0.034036559576954645
2023Q2,WF6,LA23,0.04678884918498005,0.0388693225730125
2023Q3,WF6,LA23,0.035232762196966604,0.02926923022957697
2019Q1,WF7,LA23,0.02962885880184689,0.015566845776952009
2019Q2,WF7,LA23,0.033865897629401044,0.017792963577188767
2019Q3,WF7,LA23,0.038410093904845705,0.020180460276711918
2019Q4,WF7,LA23,0.032234742956530886,0.016935963535413906
2020Q1,WF7,LA23,0.028190090379940407,0.014810924454353828
2020Q3,WF7,LA23,0.13814887872579748,0.072582690537149
2020Q4,WF7,LA23,0.0687716167983454,0.036132243894076425
2021Q2,WF7,LA23,0.0644648069913645,0.03386946879010391
2021Q3,WF7,LA23,0.1828135900171233,0.0960492937227167
2021Q4,WF7,LA23,0.11159434670973642,0.058631079800545466
2022Q1,WF7,LA23,0.0717621358396127,0.03770344678851746
2022Q2,WF7,LA23,0.10314669120068322,0.05419272625592453
2022Q3,WF7,LA23,0.13178994890853735,0.06924174242862516
2022Q4,WF7,LA23,0.07020336683770599,0.03688447779558876
2023Q1,WF7,LA23,0.0828964557102996,0.043553359585274634
2023Q2,WF7,LA23,0.03403874250151147,0.017883775359224478
2023Q3,WF7,LA23,0.07980052331549999,0.041926773072171686
2019Q1,WF8,LA23,0.01716464915690822,0.03438093578542285
2019Q2,WF8,LA23,0.02702935188025824,0.054140017825109216
2019Q3,WF8,LA23,0.03219680229214174,0.06449046420832702
2019Q4,WF8,LA23,0.022655022354476542,0.0453781992085224
2020Q1,WF8,LA23,0.019832028907431302,0.039723719729315016
2020Q3,WF8,LA23,0.04149673306100656,0.08311830330077563
2020Q4,WF8,LA23,0.01933927025022323,0.03873672001867056
2021Q2,WF8,LA23,0.01956538117460616,0.039189622090861374
2021Q3,WF8,LA23,0.07986700611345968,0.15997428106217332
2021Q4,WF8,LA23,0.0393598693155371,0.07883814735097484
2022Q1,WF8,LA23,0.01996331329950996,0.0399866834643977
2022Q2,WF8,LA23,0.02094157513886209,0.041946150108465925
2022Q3,WF8,LA23,0.02962042280349117,0.059329954549874386
2022Q4,WF8,LA23,0.03456013793090278,0.06922424525406096
2023Q1,WF8,LA23,0.012043655443568913,0.02412354255784193
2023Q2,WF8,LA23,0.029445244592119783,0.058979071127725276
2023Q3,WF8,LA23,0.018504132583153712,0.037063932288433216
2019Q1,WF9,LA23,0.016576260413398998,0.032160023756130814
2019Q2,WF9,LA23,0.020805042397822583,0.04036439106738698
2019Q3,WF9,LA23,0.03793143614385632,0.07359174247193427
2019Q4,WF9,LA23,0.01940518747479329,0.037648496984100964
2020Q1,WF9,LA23,0.011088753090737329,0.021513571452806152
2020Q3,WF9,LA23,0.03005448979609364,0.05830947883996041
2020Q4,WF9,LA23,0.013797345473153323,0.026768580314380355
2021Q2,WF9,LA23,0.013065983418353392,0.02534964622007244
2021Q3,WF9,LA23,0.02496242108558392,0.048430227029614165
2021Q4,WF9,LA23,0.022151046713504825,0.042975808219907416
2022Q1,WF9,LA23,0.0068920951364405,0.013371528788138186
2022Q2,WF9,LA23,0.019160195161506428,0.037173181175898136
2022Q3,WF9,LA23,0.01869886874742396,0.03627815008527712
2022Q4,WF9,LA23,0.0073169745650659285,0.014195848156760074
2023Q1,WF9,LA23,0.009386552162582334,0.018211088207373875
2023Q2,WF9,LA23,0.01965699962278224,0.03813704412678827
2023Q3,WF9,LA23,0.018032313755721962,0.034984949819759074
2019Q1,WN1,LA23,0.10007679934734676,0.15626148184297303
2019Q2,WN1,LA23,0.1081178688720256,0.1688169337331518
2019Q3,WN1,LA23,0.13559397728103634,0.2117185597170969
2019Q4,WN1,LA23,0.11391862452370853,0.17787432445560006
2020Q1,WN1,LA23,0.0964192546110592,0.15055053420949022
2020Q2,WN1,LA23,0.005967965370278825,0.009318474595800916
2020Q3,WN1,LA23,0.18310024484671208,0.2858955899084413
2020Q4,WN1,LA23,0.13205006662102528,0.20618504210998007
2021Q1,WN1,LA23,0.003599755279403685,0.0056207142704409255
2021Q2,WN1,LA23,0.15460425439614087,0.2414015041320308
2021Q3,WN1,LA23,0.2240959836876952,0.3499069785851054
2021Q4,WN1,LA23,0.1852969387931178,0.289325542239645
2022Q1,WN1,LA23,0.1498436626627132,0.2339682416419616
2022Q2,WN1,LA23,0.16205497313090586,0.2530351730531227
2022Q3,WN1,LA23,0.1651118872219684,0.2578082865904389
2022Q4,WN1,LA23,0.06867137831546873,0.10722456559117603
2023Q1,WN1,LA23,0.0561418090835238,0.08766069996191675
2023Q2,WN1,LA23,0.12148501478355032,0.189688604707524
2023Q3,WN1,LA23,0.0717367200356602,0.11201083816060256
2019Q1,WN2,LA23,0.07272037289879753,0.12569955746449762
2019Q2,WN2,LA23,0.07679010132459532,0.13273421696542445
2019Q3,WN2,LA23,0.1031525467860658,0.17830257141817765
2020Q1,WN2,LA23,0.06739615837178077,0.11649647745797137
2020Q2,WN2,LA23,0.010548040049234564,0.018232634314895087
2020Q3,WN2,LA23,0.1370055596693626,0.2368186181413196
2020Q4,WN2,LA23,0.04538210448192917,0.07844446092328024
2021Q1,WN2,LA23,0.0018674446330206253,0.0032279394975988267
2021Q2,WN2,LA23,0.06142347270251474,0.10617249374372256
2021Q3,WN2,LA23,0.10345806399067063,0.17883066795957006
2021Q4,WN2,LA23,0.07163566970194478,0.1238246122959069
2022Q1,WN2,LA23,0.07397724323888051,0.1278720992054283
2022Q2,WN2,LA23,0.06414296901376652,0.11087323260443233
2022Q3,WN2,LA23,0.07541155114494562,0.13035134761785214
2022Q4,WN2,LA23,0.06326452339302363,0.10935481044318084
2023Q1,WN2,LA23,0.08300409706414685,0.14347531307661912
2023Q2,WN2,LA23,0.0658036959544053,0.11374385376857538
2023Q3,WN2,LA23,0.08908378068102778,0.15398424626415405
2019Q1,WN3,LA23,0.07226750390405337,0.2427539200420451
2019Q2,WN3,LA23,0.09609083221855973,0.3227789108660423
2019Q3,WN3,LA23,0.09230083063778408,0.3100479088112276
2019Q4,WN3,LA23,0.1019082521824363,0.3423202181545411
2020Q1,WN3,LA23,0.06807217792659677,0.2286613919780629
2020Q2,WN3,LA23,0.004059227726688518,0.013635360151711668
2020Q3,WN3,LA23,0.13564094514799604,0.4556317760275818
2020Q4,WN3,LA23,0.06196876437455705,0.20815940304314012
2021Q1,WN3,LA23,0.002053785670336598,0.00689887564211865
2021Q2,WN3,LA23,0.0859706368912018,0.2887841420613939
2021Q3,WN3,LA23,0.13172246492435552,0.4424692011009749
2021Q4,WN3,LA23,0.17469053163059367,0.5868033217787247
2022Q1,WN3,LA23,0.10285497770225023,0.34550036578277243
2022Q2,WN3,LA23,0.07461957354705234,0.25065476198627423
2022Q3,WN3,LA23,0.08455184007044755,0.2840182587615009
2022Q4,WN3,LA23,0.07216061415024755,0.2423948664516077
2023Q1,WN3,LA23,0.05060058919909957,0.16997254258050584
2023Q2,WN3,LA23,0.07655861308820269,0.2571681936713608
2023Q3,WN3,LA23,0.0780054776171653,0.2620283592672526
2019Q1,WN4,LA23,0.0972415866611084,0.15114883635626208
2019Q2,WN4,LA23,0.08112891191345609,0.12610387234120438
2019Q3,WN4,LA23,0.08375630608089181,0.1301877996473388
2019Q4,WN4,LA23,0.08794123275846169,0.13669269965226594
2020Q1,WN4,LA23,0.0864110980098993,0.13431431305189606
2020Q2,WN4,LA23,0.0019261696246608906,0.002993969014583264
2020Q3,WN4,LA23,0.05296838549575815,0.08233215958574835
2020Q4,WN4,LA23,0.053219198280809024,0.08272201398760863
2021Q2,WN4,LA23,0.03414728618906057,0.0530773175286436
2021Q3,WN4,LA23,0.07235734876386171,0.11246966902748044
2022Q1,WN4,LA23,0.037138758930048435,0.05772715551789386
2022Q2,WN4,LA23,0.044710821098910836,0.06949689750729078
2022Q3,WN4,LA23,0.06673792366674736,0.10373503610360492
2022Q4,WN4,LA23,0.04022191416349463,0.0625195014867559
2023Q1,WN4,LA23,0.06313960678744836,0.09814194134012072
2023Q2,WN4,LA23,0.04758284146007477,0.07396106299951262
2023Q3,WN4,LA23,0.030712099954637938,0.047737787191591885
2019Q1,WN5,LA23,0.1039617525124845,0.11269409559709732
2019Q2,WN5,LA23,0.13801617158429608,0.14960894038986364
2019Q3,WN5,LA23,0.14582986126548173,0.1580789466240491
2019Q4,WN5,LA23,0.14191851418365795,0.15383906309669568
2020Q1,WN5,LA23,0.12263004565203264,0.13293044560909076
2020Q3,WN5,LA23,0.3999000716099757,0.4334899692450717
2020Q4,WN5,LA23,0.1443933461633989,0.15652177039020912
2021Q2,WN5,LA23,0.2887289302393017,0.3129809269243331
2021Q3,WN5,LA23,0.4438164666735018,0.4810951538823217
2021Q4,WN5,LA23,0.23824479906783164,0.25825634440355616
2022Q1,WN5,LA23,0.2714407908116121,0.2942406576399534
2022Q2,WN5,LA23,0.2704689070045615,0.2931871397450153
2022Q3,WN5,LA23,0.2923070447701664,0.31685958779002216
2022Q4,WN5,LA23,0.1936676083913448,0.2099348601447873
2023Q1,WN5,LA23,0.1708661244020606,0.185218148908744
2023Q2,WN5,LA23,0.2779300211724626,0.30127495562900897
2023Q3,WN5,LA23,0.3069615398274358,0.3327449978278415
2019Q1,WN6,LA23,0.14421990932818649,0.16054988026343625
2019Q2,WN6,LA23,0.13955097085578508,0.15535227948700245
2019Q3,WN6,LA23,0.19296763558915894,0.2148172948719427
2019Q4,WN6,LA23,0.11836301670587535,0.13176522054596382
2020Q1,WN6,LA23,0.14376124443060975,0.1600392808966081
2020Q2,WN6,LA23,0.024314955022003933,0.02706812905082457
2020Q3,WN6,LA23,0.5208548436793453,0.5798310592267603
2020Q4,WN6,LA23,0.1549459912461987,0.17249047276314394
2021Q1,WN6,LA23,0.006267510990676114,0.006977179113412179
2021Q2,WN6,LA23,0.22318665091268025,0.24845799894997575
2021Q3,WN6,LA23,0.3262267398416099,0.3631652818551959
2021Q4,WN6,LA23,0.256968924842227,0.2860654281855128
2022Q1,WN6,LA23,0.22379878864415303,0.2491394488271147
2022Q2,WN6,LA23,0.21991423079594224,0.24481504382428385
2022Q3,WN6,LA23,0.2055811800657208,0.22885906666921385
2022Q4,WN6,LA23,0.227210652761896,0.2529376371502833
2023Q1,WN6,LA23,0.12928517754286015,0.1439240939134787
2023Q2,WN6,LA23,0.16242407360843142,0.18081529582987108
2023Q3,WN6,LA23,0.1567696745737344,0.17452065112921133
2019Q1,WN7,LA23,0.06414920310351431,0.2934983291637109
2019Q2,WN7,LA23,0.07806191565096529,0.35715239950691924
2019Q3,WN7,LA23,0.0726000207408715,0.3321628914128976
2019Q4,WN7,LA23,0.06122112173727475,0.28010163914933983
2020Q1,WN7,LA23,0.05290766334927317,0.24206552913697985
2020Q2,WN7,LA23,0.004114819768173464,0.018826309109716097
2020Q3,WN7,LA23,0.13173428379502888,0.6027166405329977
2020Q4,WN7,LA23,0.05408762228526441,0.24746413051377925
2021Q1,WN7,LA23,0.0005363047452118717,0.002453725674319887
2021Q2,WN7,LA23,0.06142643367556608,0.2810409915953653
2021Q3,WN7,LA23,0.1565198216459657,0.7161165519073502
2021Q4,WN7,LA23,0.08430381261233551,0.3857106081882963
2022Q1,WN7,LA23,0.05999408581050687,0.2744876489997025
2022Q2,WN7,LA23,0.05669419261513259,0.2593898287243951
2022Q3,WN7,LA23,0.06040110661428085,0.2763498689504284
2022Q4,WN7,LA23,0.04974124187732935,0.227578374714438
2023Q1,WN7,LA23,0.01817747071390863,0.08316638437964008
2023Q2,WN7,LA23,0.061158225992631925,0.2798138756998955
2023Q3,WN7,LA23,0.05850367790378496,0.26766866748111057
2019Q1,WN8,LA23,0.07522752689312978,0.16764520145634393
2019Q2,WN8,LA23,0.09460649870507802,0.2108314095852672
2019Q3,WN8,LA23,0.10178901465975593,0.22683770919280286
2019Q4,WN8,LA23,0.09544193906027253,0.21269319572174766
2020Q1,WN8,LA23,0.0683497925577411,0.15231811035234608
2020Q2,WN8,LA23,0.0066520843287720755,0.014824228091212562
2020Q3,WN8,LA23,0.0857191977615188,0.19102598172369795
2020Q4,WN8,LA23,0.04388268076194485,0.09779293777970163
2021Q1,WN8,LA23,0.0010170959104851256,0.002266607129806823
2021Q2,WN8,LA23,0.04888289673171218,0.1089359627892534
2021Q3,WN8,LA23,0.0790440779899433,0.1761504189467805
2021Q4,WN8,LA23,0.050122495553106966,0.111698419601545
2022Q1,WN8,LA23,0.05220882534109848,0.11634782377654987
2022Q2,WN8,LA23,0.07132525799365899,0.15894896109318574
2022Q3,WN8,LA23,0.08378340945889047,0.18671206056513076
2022Q4,WN8,LA23,0.04844700775415731,0.10796458039144312
2023Q1,WN8,LA23,0.06041680783195625,0.13463938452644425
2023Q2,WN8,LA23,0.0692716969341625,0.15437258231615547
2023Q3,WN8,LA23,0.08216070851267486,0.1830958573179047
2019Q1,WR1,LA23,0.005547276803147695,0.009086022462644231
2019Q2,WR1,LA23,0.005082322069068304,0.008324461554855934
2019Q3,WR1,LA23,0.005668845713966515,0.009285143201279848
2019Q4,WR1,LA23,0.006190082351202766,0.010138889636214263
2020Q3,WR1,LA23,0.007399856341725861,0.012120408504423322
2020Q4,WR1,LA23,0.008615192308560926,0.014111037471785643
2021Q2,WR1,LA23,0.007624498384992738,0.012488355286891243
2021Q3,WR1,LA23,0.0068197333838533325,0.011170210702263084
2021Q4,WR1,LA23,0.01108722592321771,0.01816004273116591
2022Q1,WR1,LA23,0.003931875825872914,0.006440117077615022
2022Q2,WR1,LA23,0.011722615502856821,0.019200763105864924
2022Q3,WR1,LA23,0.00667084016083522,0.010926334793977704
2022Q4,WR1,LA23,0.004952366051112384,0.008111603365116191
2023Q1,WR1,LA23,0.0038385140806362376,0.006287197556113812
2023Q2,WR1,LA23,0.014831760261249275,0.02429330853253926
2023Q3,WR1,LA23,0.009201715953459135,0.01507171911820956
2019Q1,WR10,LA23,0.006788860063625586,0.005495197348773739
2019Q2,WR10,LA23,0.012394807955065949,0.010032894355589784
2019Q3,WR10,LA23,0.01713601426688499,0.013870632077463413
2019Q4,WR10,LA23,0.014580645285394775,0.011802205755427187
2020Q3,WR10,LA23,0.015822689667652236,0.012807570269126631
2021Q2,WR10,LA23,0.005595943650461374,0.004529599140902033
2021Q3,WR10,LA23,0.009647214629050884,0.007808873324205756
2021Q4,WR10,LA23,0.009091175342495494,0.007358791044609997
2022Q2,WR10,LA23,0.0026555007148602702,0.002149477283550577
2022Q3,WR10,LA23,0.010412092446042659,0.008427998554756521
2023Q2,WR10,LA23,0.0043377317001932255,0.003511147897466552
2023Q3,WR10,LA23,0.008747458206003101,0.0070805715085642965
2019Q1,WR11,LA23,0.005970881121565821,0.02212633407442448
2019Q2,WR11,LA23,0.016451204238323323,0.060963337486155164
2019Q3,WR11,LA23,0.013168190298157812,0.04879745078833976
2019Q4,WR11,LA23,0.015927429044439053,0.0590223802498904
2020Q1,WR11,LA23,0.003264205250021932,0.012096187209055516
2020Q3,WR11,LA23,0.015583507072280437,0.057747906299298525
2020Q4,WR11,LA23,0.006930475518496954,0.025682309443915027
2021Q2,WR11,LA23,0.011264727442320158,0.041743775762989856
2021Q3,WR11,LA23,0.02740016421043216,0.10153697162457027
2021Q4,WR11,LA23,0.015845423935856615,0.05871849337099225
2022Q1,WR11,LA23,0.01174191015481141,0.043512074929588015
2022Q2,WR11,LA23,0.01183958266815038,0.04387402061499466
2022Q3,WR11,LA23,0.01472045354550536,0.054549683077509147
2022Q4,WR11,LA23,0.010040387073855564,0.0372067294775419
2023Q1,WR11,LA23,0.006910008385757725,0.025606464253345392
2023Q2,WR11,LA23,0.00938614122541722,0.034782286264786084
2023Q3,WR11,LA23,0.014646428472471391,0.054275367869671985
2019Q3,WR12,LA23,0.03629476587666691,0.004716283871169703
2019Q2,WR13,LA23,0.00799599017937872,0.0033276444716651
2019Q3,WR13,LA23,0.018365029851633637,0.007642867072968509
2019Q4,WR13,LA23,0.020701421211191364,0.008615189401643814
2020Q3,WR13,LA23,0.0554766121177793,0.02308737723271955
2021Q3,WR13,LA23,0.04245602538056528,0.01766867579588353
2021Q4,WR13,LA23,0.010381548608742729,0.004320428372248131
2022Q1,WR13,LA23,0.01228377563103583,0.0051120670677170426
2022Q2,WR13,LA23,0.0431843234605226,0.017971767348665128
2022Q3,WR13,LA23,0.02262623381325413,0.009416227405762916
2023Q2,WR13,LA23,0.016391745120680576,0.006821656706438608
2023Q3,WR13,LA23,0.04165840694423798,0.017336735595783272
2019Q1,WR14,LA23,0.003910282895990406,0.009726187684096577
2019Q2,WR14,LA23,0.010014168192074627,0.02490860173725571
2019Q3,WR14,LA23,0.017227354012811398,0.04285021899586599
2019Q4,WR14,LA23,0.010462486990662654,0.026023721255039708
2020Q1,WR14,LA23,0.004012690153166417,0.009980908948516795
2020Q3,WR14,LA23,0.01955740252848404,0.04864583270957473
2020Q4,WR14,LA23,0.008557822466336525,0.021286180485845727
2021Q2,WR14,LA23,0.020086879732418482,0.049962820456215175
2021Q3,WR14,LA23,0.02755656332134177,0.06854243386505082
2021Q4,WR14,LA23,0.023773889809115968,0.059133653603833825
2022Q1,WR14,LA23,0.005319305597407605,0.013230900670256458
2022Q2,WR14,LA23,0.026220850612146518,0.06522006746670468
2022Q3,WR14,LA23,0.010642797015148262,0.026472212882402358
2022Q4,WR14,LA23,0.023860774649223572,0.05934976540041403
2023Q1,WR14,LA23,0.002952805563001297,0.007344619779260477
2023Q2,WR14,LA23,0.013204606263566952,0.03284429342586483
2023Q3,WR14,LA23,0.009051836470227049,0.022514959335922825
2019Q3,WR15,LA23,0.0106722783258716,0.004528080791043157
2021Q3,WR15,LA23,0.010820705592415329,0.004591056158999446
2021Q4,WR15,LA23,0.009426239091695076,0.003999405830656939
2022Q2,WR15,LA23,0.01602077222683773,0.0067973631086965716
2023Q3,WR15,LA23,0.012295435287787815,0.005216760905605342
2019Q1,WR2,LA23,0.004027636391399774,0.006738581278445752
2019Q2,WR2,LA23,0.012225000037449564,0.020453474041812896
2019Q3,WR2,LA23,0.013654767741413745,0.022845598093286904
2019Q4,WR2,LA23,0.006204375072030747,0.010380451868524213
2020Q1,WR2,LA23,0.004662334842907161,0.007800486248794814
2020Q3,WR2,LA23,0.01424236186173416,0.023828693475722817
2020Q4,WR2,LA23,0.0049623764680733476,0.008302481633089331
2021Q2,WR2,LA23,0.011987447277325909,0.02005602789065821
2021Q3,WR2,LA23,0.03176906241173423,0.053152367393096665
2021Q4,WR2,LA23,0.02939759701887528,0.049184702304727684
2022Q1,WR2,LA23,0.017534522461876072,0.029336760647109893
2022Q2,WR2,LA23,0.01720855184706568,0.028791383838276032
2022Q3,WR2,LA23,0.018935552202317924,0.031680803619719464
2022Q4,WR2,LA23,0.014757095521154359,0.02468988705520315
2023Q1,WR2,LA23,0.006770837065791136,0.011328191389960551
2023Q2,WR2,LA23,0.020585240953447697,0.03444087445366139
2023Q3,WR2,LA23,0.01686780170815809,0.02822127961745473
2019Q3,WR3,LA23,0.012553322187152596,0.009023842420804494
2019Q4,WR3,LA23,0.025648478939851928,0.018437177731598125
2020Q1,WR3,LA23,0.005568715559958203,0.004003020949368552
2020Q3,WR3,LA23,0.039422060445588686,0.02833819255658828
2020Q4,WR3,LA23,0.014486707005964418,0.010413638658296816
2021Q2,WR3,LA23,0.02428700266748501,0.017458492793990383
2021Q4,WR3,LA23,0.0246219403142774,0.017699259700183774
2022Q1,WR3,LA23,0.024466843061618584,0.017587769439117648
2022Q2,WR3,LA23,0.03967321338974504,0.02851873158504621
2022Q3,WR3,LA23,0.037759039709232715,0.02714274510103225
2022Q4,WR3,LA23,0.02557354544229627,0.018383312462795096
2023Q1,WR3,LA23,0.008675991452558018,0.006236658196525469
2023Q2,WR3,LA23,0.035427048916175166,0.025466414554457525
2023Q3,WR3,LA23,0.02629813727637807,0.018904178766764233
2019Q2,WR4,LA23,0.009851293486880231,0.019025212941229015
2019Q3,WR4,LA23,0.016302439237327833,0.03148392425468503
2019Q4,WR4,LA23,0.010279550368151456,0.01985227980007173
2020Q1,WR4,LA23,0.007891659783201603,0.015240689766790327
2020Q3,WR4,LA23,0.005994585503301648,0.011576983859693728
2020Q4,WR4,LA23,0.003208837948575648,0.006197036495446196
2021Q2,WR4,LA23,0.007916930645589756,0.015289493869397097
2021Q3,WR4,LA23,0.02408998306749025,0.04652354111873548
2021Q4,WR4,LA23,0.007625061544585256,0.014725824559882469
2022Q2,WR4,LA23,0.009943691247434248,0.019203655200834214
2022Q3,WR4,LA23,0.009491623598046185,0.018330604031979787
2022Q4,WR4,LA23,0.007145738802132636,0.013800137262586968
2023Q1,WR4,LA23,0.0045015455150949416,0.008693565175311576
2023Q2,WR4,LA23,0.009926507061010306,0.019170468411061608
2023Q3,WR4,LA23,0.008254137545634335,0.015940721354106978
2019Q1,WR5,LA23,0.007347879920477363,0.01809576592047344
2019Q2,WR5,LA23,0.00847267255395172,0.02086581448205942
2019Q3,WR5,LA23,0.012794193259462395,0.031508507061924006
2019Q4,WR5,LA23,0.00935490315104674,0.023038500827738548
2020Q1,WR5,LA23,0.008812059765346677,0.02170162992818424
2020Q3,WR5,LA23,0.008718287900883399,0.02147069614488643
2020Q4,WR5,LA23,0.007427823811189169,0.018292645285507857
2021Q2,WR5,LA23,0.004661377656990607,0.01147966486397712
2021Q3,WR5,LA23,0.017661551943714857,0.0434954453835146
2021Q4,WR5,LA23,0.0068051539697985405,0.01675918423041605
2022Q1,WR5,LA23,0.005452331883823785,0.01342756312816818
2022Q2,WR5,LA23,0.008049407378633288,0.019823431152753063
2022Q4,WR5,LA23,0.011208703037648102,0.027603889643885545
2023Q1,WR5,LA23,0.003581210331588944,0.008819515911224155
2023Q2,WR5,LA23,0.009187998627103806,0.022627461830228204
2023Q3,WR5,LA23,0.008501796439220216,0.020937538437297808
2022Q3,WR6,LA23,0.2148280617941368,0.011399843042824712
2020Q3,WR7,LA23,0.07110884848969963,0.004408854175934175
2021Q3,WR7,LA23,0.08324835967041681,0.005161521891691903
2022Q2,WR7,LA23,0.07955169776428103,0.004932323365375669
2022Q3,WR7,LA23,0.1469102419353268,0.009108653105778923
2019Q1,WR9,LA23,0.010079765621654364,0.019420779230653662
2019Q2,WR9,LA23,0.01564796317086862,0.030149077821609225
2019Q3,WR9,LA23,0.0365591847593584,0.07043892514116276
2019Q4,WR9,LA23,0.008158679113698993,0.015719403786582056
2020Q1,WR9,LA23,0.004545754578578585,0.00875834810262367
2020Q3,WR9,LA23,0.02008905675535256,0.03870577460249915
2020Q4,WR9,LA23,0.00572070464136222,0.011022135439835436
2021Q2,WR9,LA23,0.013541008644357923,0.02608958871796529
2021Q3,WR9,LA23,0.042009999881348535,0.08094106190551985
2021Q4,WR9,LA23,0.025715119938447755,0.04954556345452085
2022Q1,WR9,LA23,0.005552736692431543,0.01069851001277188
2022Q2,WR9,LA23,0.02792219477053197,0.05379795529261644
2022Q3,WR9,LA23,0.015361111740657248,0.029596398472977906
2022Q4,WR9,LA23,0.02412419027023593,0.046480304298944584
2023Q2,WR9,LA23,0.010232460345559396,0.019714977591404687
2023Q3,WR9,LA23,0.008647947683439428,0.01666208214182214
2019Q1,WS1,LA23,0.00639030900660874,0.014211682376716937
2019Q2,WS1,LA23,0.009121776870243814,0.02028631095258793
2019Q3,WS1,LA23,0.014270104666780938,0.031735898028884435
2019Q4,WS1,LA23,0.004850007824189676,0.01078614049034137
2020Q1,WS1,LA23,0.008641981082111335,0.019219272513668374
2020Q4,WS1,LA23,0.0064085801295881714,0.014252316311035462
2021Q2,WS1,LA23,0.008367231508625256,0.01860824514903163
2021Q3,WS1,LA23,0.021387812437698932,0.04756527372667375
2021Q4,WS1,LA23,0.013692321041175131,0.030450940234028875
2022Q1,WS1,LA23,0.005733556417093617,0.012751102114851243
2022Q2,WS1,LA23,0.011279687524620642,0.02508538104225356
2022Q3,WS1,LA23,0.02022411746274204,0.04497728254340457
2022Q4,WS1,LA23,0.0045787694273615644,0.010182921782121705
2023Q1,WS1,LA23,0.006243489804873662,0.013885164854684093
2023Q2,WS1,LA23,0.008869622368769666,0.0197255337380426
2023Q3,WS1,LA23,0.01857454716229117,0.0413087323772344
2019Q1,WS10,LA23,0.0035072688608031827,0.009732261083532086
2019Q2,WS10,LA23,0.006741574989272693,0.01870708249460712
2019Q3,WS10,LA23,0.009359604433401229,0.025971808150340957
2019Q4,WS10,LA23,0.008419764250576141,0.02336386151178368
2020Q1,WS10,LA23,0.003520270808439161,0.00976833996827398
2020Q3,WS10,LA23,0.014434220300510966,0.040053273951065615
2020Q4,WS10,LA23,0.005841444161552275,0.016209324674379792
2021Q2,WS10,LA23,0.009253608595759627,0.02567768209196416
2021Q3,WS10,LA23,0.016597676641518722,0.046056612385943614
2021Q4,WS10,LA23,0.013457302419317148,0.03734244103397584
2022Q1,WS10,LA23,0.005716531662620657,0.015862707092310382
2022Q2,WS10,LA23,0.007173349086017758,0.019905205138009738
2022Q3,WS10,LA23,0.01866295394707084,0.05178751547471448
2022Q4,WS10,LA23,0.008970953028715367,0.024893345936292704
2023Q1,WS10,LA23,0.00655154852813204,0.01817978127933131
2023Q2,WS10,LA23,0.008785486368849856,0.024378697636507542
2023Q3,WS10,LA23,0.011177558117789615,0.031016417102899305
2019Q1,WS11,LA23,0.008969338910517547,0.03971200674468939
2019Q2,WS11,LA23,0.011660423095908886,0.05162685959917042
2019Q3,WS11,LA23,0.020800592093223,0.09209522148070337
2019Q4,WS11,LA23,0.014561595137780268,0.06447188249814936
2020Q1,WS11,LA23,0.006240678964709528,0.027630786127099943
2020Q3,WS11,LA23,0.017681754988077416,0.07828648023558278
2020Q4,WS11,LA23,0.01123902261891957,0.049761096832107186
2021Q2,WS11,LA23,0.013870534281929312,0.061412190625388975
2021Q3,WS11,LA23,0.023861587675814956,0.10564786771629336
2021Q4,WS11,LA23,0.01699987169735213,0.07526742229714092
2022Q1,WS11,LA23,0.006348882784144957,0.02810986165876284
2022Q2,WS11,LA23,0.014429222641501432,0.06388579945262274
2022Q3,WS11,LA23,0.013486578923860229,0.05971221720244031
2022Q4,WS11,LA23,0.009907312194660636,0.04386491051584139
2023Q1,WS11,LA23,0.008846829847220749,0.03916959433319904
2023Q2,WS11,LA23,0.014529489990027471,0.06432973603040876
2023Q3,WS11,LA23,0.018564107655106545,0.08219312212009973
2019Q1,WS12,LA23,0.008445109324196112,0.008938525619210439
2019Q2,WS12,LA23,0.02550364678138269,0.026993729907739586
2019Q3,WS12,LA23,0.012319584241890105,0.013039371680915226
2019Q4,WS12,LA23,0.013461679276075472,0.014248195075704226
2020Q1,WS12,LA23,0.003845237722010557,0.004069900645533384
2020Q3,WS12,LA23,0.030971070685389776,0.03278059503416622
2020Q4,WS12,LA23,0.004888827998776506,0.005174464016679476
2021Q2,WS12,LA23,0.013132487579817366,0.013899769934279008
2021Q3,WS12,LA23,0.033938919292077825,0.035921843985060584
2021Q4,WS12,LA23,0.020246348143549062,0.021429266884451348
2022Q1,WS12,LA23,0.010450043187067132,0.011060600302926993
2022Q2,WS12,LA23,0.019624647868046883,0.02077124297656364
2022Q3,WS12,LA23,0.04092066598559513,0.04331150814346775
2022Q4,WS12,LA23,0.03974263925764928,0.04206465369983259
2023Q1,WS12,LA23,0.010339993836025048,0.010944121178038838
2023Q2,WS12,LA23,0.03253054718131762,0.03443118593551426
2023Q3,WS12,LA23,0.027385893720311076,0.02898594952733502
2019Q1,WS13,LA23,0.015879498432234906,0.02947673804362353
2019Q2,WS13,LA23,0.030129124899219824,0.055927983237498535
2019Q3,WS13,LA23,0.02744401356767632,0.05094367446504988
2019Q4,WS13,LA23,0.019334110314512758,0.03588945252140453
2020Q1,WS13,LA23,0.009134878298343474,0.016956858921567026
2020Q3,WS13,LA23,0.033890586616417966,0.06291029581948121
2020Q4,WS13,LA23,0.01833589407062636,0.03403648727458042
2021Q2,WS13,LA23,0.029066796592845636,0.05395600828268814
2021Q3,WS13,LA23,0.05181064813593884,0.09617488294675812
2021Q4,WS13,LA23,0.02750337370329685,0.05105386328337983
2022Q1,WS13,LA23,0.010531905847097713,0.01955012817815516
2022Q2,WS13,LA23,0.020312033493662743,0.03770474823125365
2022Q3,WS13,LA23,0.02354088989952552,0.04369839814798452
2022Q4,WS13,LA23,0.013566790156247741,0.025183712271209423
2023Q1,WS13,LA23,0.01301182741850412,0.02415354804314832
2023Q2,WS13,LA23,0.022968126911139787,0.04263519173489928
2023Q3,WS13,LA23,0.021077522171714082,0.03912570679204007
2019Q1,WS14,LA23,0.008442612776521714,0.008424528040793371
2019Q2,WS14,LA23,0.05621766572477988,0.05609724309557624
2019Q3,WS14,LA23,0.01948123587382837,0.019439505545579813
2019Q4,WS14,LA23,0.04004469822279473,0.03995891935269252
2020Q1,WS14,LA23,0.017774642397065846,0.017736567725287616
2020Q3,WS14,LA23,0.044210574559269265,0.044115872056801536
2020Q4,WS14,LA23,0.006149764987336754,0.006136591710588034
2021Q2,WS14,LA23,0.026377603807055717,0.02632110092025696
2021Q3,WS14,LA23,0.06608798273711566,0.06594641711824188
2021Q4,WS14,LA23,0.04753029122938992,0.047428477634626334
2022Q1,WS14,LA23,0.016148621753749585,0.016114030145141678
2022Q2,WS14,LA23,0.0463654631084527,0.04626614466646867
2022Q3,WS14,LA23,0.041339152961569516,0.04125060126835168
2022Q4,WS14,LA23,0.02691081916796496,0.02685317409223209
2023Q1,WS14,LA23,0.012561029395453704,0.012534122689780259
2023Q2,WS14,LA23,0.057508642499521014,0.05738545449727225
2023Q3,WS14,LA23,0.05498581433861083,0.05486803043125375
2019Q1,WS15,LA23,0.014526622065930753,0.03474823184652269
2019Q2,WS15,LA23,0.01330656910446368,0.031829818813012126
2019Q3,WS15,LA23,0.016133933934897482,0.03859298289869685
2019Q4,WS15,LA23,0.012607496046966643,0.03015760950176864
2020Q1,WS15,LA23,0.009235242336928077,0.022091050515799137
2020Q3,WS15,LA23,0.017546921146018808,0.04197290198693186
2020Q4,WS15,LA23,0.004498726154988397,0.010761123868857013
2021Q2,WS15,LA23,0.009038741388000877,0.021621012780915282
2021Q3,WS15,LA23,0.02512597574343481,0.060102288511423275
2021Q4,WS15,LA23,0.025922044885396917,0.06200651614157807
2022Q1,WS15,LA23,0.013170581138116434,0.03150453043134123
2022Q2,WS15,LA23,0.012469694504717898,0.029827982977643806
2022Q3,WS15,LA23,0.014552677106382259,0.03481055649311088
2022Q4,WS15,LA23,0.012668492649786992,0.03030351569296932
2023Q1,WS15,LA23,0.010276083773062218,0.024580782772486685
2023Q2,WS15,LA23,0.018545808526298325,0.04436227854818504
2023Q3,WS15,LA23,0.024152871367221582,0.05777458587539022
2019Q1,WS2,LA23,0.0012021812724530726,0.0017309911414943105
2019Q2,WS2,LA23,0.007467121929749554,0.01075172456020682
2019Q3,WS2,LA23,0.02258630516631916,0.03252146332491783
2019Q4,WS2,LA23,0.00601381879340033,0.008659149245177024
2020Q1,WS2,LA23,0.00268008943045979,0.003858994619897909
2020Q3,WS2,LA23,0.009685591025316857,0.013946043453787648
2020Q4,WS2,LA23,0.009235218700324932,0.013297563459298594
2021Q2,WS2,LA23,0.010238099297352324,0.0147415864774651
2021Q3,WS2,LA23,0.019700939555174008,0.028366896599158486
2021Q4,WS2,LA23,0.014382840302721734,0.02070949674896929
2022Q1,WS2,LA23,0.010664670029965366,0.015355795146568069
2022Q2,WS2,LA23,0.01972674972074942,0.02840406001951386
2022Q3,WS2,LA23,0.01422983723947607,0.020489191414683628
2022Q4,WS2,LA23,0.01287209197295175,0.018534207517817803
2023Q1,WS2,LA23,0.007878979863698017,0.011344748633659738
2023Q2,WS2,LA23,0.021308752184666303,0.03068194631970092
2023Q3,WS2,LA23,0.011460818230739914,0.016502149290020404
2019Q1,WS3,LA23,0.003649416804495017,0.005958944777099393
2019Q2,WS3,LA23,0.0071759568768537795,0.011717250465704291
2019Q3,WS3,LA23,0.01543128068075381,0.025196943605693925
2019Q4,WS3,LA23,0.016045664341435083,0.0262001390481664
2020Q3,WS3,LA23,0.015485080763472926,0.025284790990386108
2020Q4,WS3,LA23,0.005626027415605021,0.009186450460452827
2021Q3,WS3,LA23,0.023017667982894414,0.03758436477815695
2021Q4,WS3,LA23,0.009571809614041641,0.015629315028288675
2022Q1,WS3,LA23,0.007452661993653584,0.012169068002281626
2022Q2,WS3,LA23,0.010245705464989985,0.016729684861729294
2022Q3,WS3,LA23,0.025425919093054583,0.04151667400552636
2022Q4,WS3,LA23,0.007525900953997138,0.012288656129261768
2023Q1,WS3,LA23,0.010328907403614859,0.016865541022911698
2023Q2,WS3,LA23,0.010991467599274236,0.01794740144854886
2023Q3,WS3,LA23,0.015244906567037954,0.024892622912550386
2019Q2,WS4,LA23,0.015717924515597663,0.007808294905211899
2019Q3,WS4,LA23,0.01049467459647392,0.00521350729876489
2019Q4,WS4,LA23,0.014519668369137963,0.00721302945815778
2020Q3,WS4,LA23,0.02797614456654167,0.01389789007254897
2021Q2,WS4,LA23,0.022431535535140136,0.011143458823797152
2021Q4,WS4,LA23,0.03591319068472865,0.017840827748930525
2022Q1,WS4,LA23,0.019162783586477626,0.009519619800915036
2022Q2,WS4,LA23,0.016486246414924854,0.00818997913878395
2022Q3,WS4,LA23,0.023152992563926816,0.01150186169286642
2022Q4,WS4,LA23,0.024704336213278687,0.012272532699807976
2023Q1,WS4,LA23,0.012008177046010472,0.005965379688406065
2023Q2,WS4,LA23,0.025514428975478943,0.012674967714784685
2023Q3,WS4,LA23,0.040683365007602064,0.02021053806439253
2019Q3,WS5,LA23,0.007874861144250208,0.002279332347671699
2020Q3,WS5,LA23,0.043997305093071454,0.012734761778274754
2021Q3,WS5,LA23,0.06353445465101269,0.01838967507172753
2021Q4,WS5,LA23,0.055297387363727975,0.016005504281419072
2022Q1,WS5,LA23,0.01741836851985938,0.005041644555214831
2022Q2,WS5,LA23,0.029496569504690026,0.008537608954092609
2022Q3,WS5,LA23,0.02395306693488192,0.006933074665130506
2022Q4,WS5,LA23,0.031038318687316907,0.008983859207854059
2023Q1,WS5,LA23,0.010027115025895246,0.0029022896040567696
2023Q2,WS5,LA23,0.04379147208489185,0.012675184621907379
2023Q3,WS5,LA23,0.0354365004531159,0.010256887110961295
2019Q1,WS6,LA23,0.02060842963706662,0.01846530335517447
2019Q2,WS6,LA23,0.01783594666799839,0.015981138381302808
2019Q3,WS6,LA23,0.016693481627074354,0.0149574813669226
2019Q4,WS6,LA23,0.02228395895686791,0.019966589853732918
2020Q1,WS6,LA23,0.03521637594964163,0.031554129860064555
2020Q3,WS6,LA23,0.04292030870300076,0.03845690983039175
2020Q4,WS6,LA23,0.011106393443468034,0.009951409579830038
2021Q2,WS6,LA23,0.01619874697769554,0.014514195510504676
2021Q3,WS6,LA23,0.028493681711442575,0.02553054676040153
2021Q4,WS6,LA23,0.04457372787862821,0.03993838547841056
2022Q1,WS6,LA23,0.013795035391380724,0.012360452386874395
2022Q2,WS6,LA23,0.02719305651511445,0.024365177092526117
2022Q3,WS6,LA23,0.015610972196081563,0.013987545016596959
2022Q4,WS6,LA23,0.011414886440462848,0.010227821556519929
2023Q1,WS6,LA23,0.008455516267355908,0.007576204283926373
2023Q2,WS6,LA23,0.0086959842587356,0.007791665359138482
2023Q3,WS6,LA23,0.014228119857734681,0.01274849922937888
2019Q1,WS7,LA23,0.009839991129478778,0.01917654181049712
2019Q2,WS7,LA23,0.01262514488109947,0.0246043533464864
2019Q3,WS7,LA23,0.017203242983462437,0.03352632172199765
2019Q4,WS7,LA23,0.025564083776281717,0.049820240174229175
2020Q1,WS7,LA23,0.007962495282154022,0.015517607860099846
2020Q3,WS7,LA23,0.02042150519103043,0.03979819117477423
2020Q4,WS7,LA23,0.014054766368290951,0.027390453035151942
2021Q2,WS7,LA23,0.016981828621196418,0.033094821152579584
2021Q3,WS7,LA23,0.0365708781385464,0.07127069165433057
2021Q4,WS7,LA23,0.01493834620269569,0.029112406379867218
2022Q1,WS7,LA23,0.011938270634619398,0.023265747189950517
2022Q2,WS7,LA23,0.029968552653543312,0.0584038334383335
2022Q3,WS7,LA23,0.0176321591098293,0.0343622094704967
2022Q4,WS7,LA23,0.011443130540986307,0.022300799703446898
2023Q1,WS7,LA23,0.0113832507184834,0.022184103671436046
2023Q2,WS7,LA23,0.02403180586476213,0.046834079816063
2023Q3,WS7,LA23,0.022261010370298817,0.04338308749395768
2019Q1,WS8,LA23,0.011808933039778048,0.011834958730954396
2019Q2,WS8,LA23,0.006117830558970585,0.00613131363726908
2019Q3,WS8,LA23,0.008964031089772197,0.00898378690547983
2019Q4,WS8,LA23,0.008470353957249753,0.008489021758608536
2020Q1,WS8,LA23,0.0031095238588312647,0.003116376934158464
2020Q3,WS8,LA23,0.01633383782261309,0.016369835945175385
2020Q4,WS8,LA23,0.0037505177682952296,0.003758783529212009
2021Q2,WS8,LA23,0.011052004722603492,0.011076362220509624
2021Q3,WS8,LA23,0.027898421242655118,0.027959906534605148
2021Q4,WS8,LA23,0.016421708456459697,0.01645790023699027
2022Q2,WS8,LA23,0.02420684461381201,0.024260194045140886
2022Q3,WS8,LA23,0.01002432230951242,0.010046414899571214
2022Q4,WS8,LA23,0.0046372320216685105,0.004647452010900602
2023Q1,WS8,LA23,0.012889135831719963,0.012917542180333884
2023Q2,WS8,LA23,0.01095237471821748,0.010976512641694884
2023Q3,WS8,LA23,0.019738933099235443,0.019782435706563375
2019Q1,WS9,LA23,0.009103416341145105,0.014909834102303546
2019Q2,WS9,LA23,0.0157045464835892,0.02572135272600044
2019Q3,WS9,LA23,0.02116531607551825,0.03466515641852983
2019Q4,WS9,LA23,0.017650425730498177,0.02890836907978381
2020Q1,WS9,LA23,0.010153897126994285,0.016630341399534183
2020Q3,WS9,LA23,0.02525656703324831,0.041365923555252114
2020Q4,WS9,LA23,0.005958242611585061,0.009758579147752626
2021Q2,WS9,LA23,0.022276187587331527,0.03648457336371018
2021Q3,WS9,LA23,0.024294332637166845,0.03978994870411176
2021Q4,WS9,LA23,0.030015471016914787,0.04916019179986296
2022Q1,WS9,LA23,0.014394712251074028,0.02357606898015533
2022Q2,WS9,LA23,0.0200683061777055,0.032868442418858404
2022Q3,WS9,LA23,0.013341185441766129,0.021850572819102677
2022Q4,WS9,LA23,0.01678133784887888,0.02748495223827349
2023Q1,WS9,LA23,0.014196809016792556,0.023251937436472157
2023Q2,WS9,LA23,0.017313597339338772,0.028356701964391738
2023Q3,WS9,LA23,0.00970926599255686,0.015902111886266956
2019Q1,WV1,LA23,0.006829993008132825,0.01659773302875544
2019Q2,WV1,LA23,0.013219112883339566,0.03212408947613739
2019Q3,WV1,LA23,0.0115305372465406,0.02802064052896024
2019Q4,WV1,LA23,0.0075714262968707155,0.018399508194623125
2020Q1,WV1,LA23,0.004571715741608614,0.011109838219779157
2020Q3,WV1,LA23,0.004833597595840996,0.011746243717771427
2020Q4,WV1,LA23,0.0036739328568708212,0.008928114077320996
2021Q2,WV1,LA23,0.0061970969841347355,0.015059716924087004
2021Q3,WV1,LA23,0.00983363089863222,0.02389694691699806
2021Q4,WV1,LA23,0.004745619336017642,0.011532445597166659
2022Q1,WV1,LA23,0.006889646850184168,0.0167426992890911
2022Q2,WV1,LA23,0.013754271814500415,0.03342459228145288
2022Q3,WV1,LA23,0.009531999651392065,0.023163945447031504
2022Q4,WV1,LA23,0.003923645922375521,0.009534947904252274
2023Q1,WV1,LA23,0.005118478163243294,0.012438538951045224
2023Q2,WV1,LA23,0.007707276393033523,0.018729640835367576
2023Q3,WV1,LA23,0.010498362140084145,0.025512326562095
2019Q1,WV10,LA23,0.007762317784386067,0.01846530335517447
2019Q2,WV10,LA23,0.010921528541050995,0.025980556737623055
2019Q3,WV10,LA23,0.01731243968951051,0.04118350466506415
2019Q4,WV10,LA23,0.010196419431915564,0.024255638995564256
2020Q1,WV10,LA23,0.004920116207763999,0.011704163735968257
2020Q3,WV10,LA23,0.016974337089434112,0.040379213054104586
2020Q4,WV10,LA23,0.005139560721657524,0.012226186877925104
2021Q2,WV10,LA23,0.011842618013840926,0.028171680188731413
2021Q3,WV10,LA23,0.02570278822051457,0.061142791978999626
2021Q4,WV10,LA23,0.019175894418985852,0.04561636322924343
2022Q1,WV10,LA23,0.011794170014513184,0.0280564302042052
2022Q2,WV10,LA23,0.02061061170899001,0.04902932450250259
2022Q3,WV10,LA23,0.02728689190744208,0.06491111942161028
2022Q4,WV10,LA23,0.007999026077211936,0.01902839424569524
2023Q1,WV10,LA23,0.004776200726699478,0.01136181199397855
2023Q2,WV10,LA23,0.01314609411118687,0.0312724398100557
2023Q3,WV10,LA23,0.016784313945270354,0.03992717861040456
2019Q1,WV11,LA23,0.00977683268629968,0.01190733340756088
2019Q2,WV11,LA23,0.015996526797048074,0.01948238085349954
2019Q3,WV11,LA23,0.015582094239830438,0.0189776379789842
2019Q4,WV11,LA23,0.010957321355583836,0.01334506611916918
2020Q3,WV11,LA23,0.012383584381963112,0.015082130660099002
2020Q4,WV11,LA23,0.005581749366462371,0.006798086132438894
2021Q2,WV11,LA23,0.014484064648325298,0.017640333265184494
2021Q3,WV11,LA23,0.03548132785703141,0.04321317691451189
2021Q4,WV11,LA23,0.021228908508557603,0.025854967513581642
2022Q1,WV11,LA23,0.008524273951915653,0.010381825613634623
2022Q2,WV11,LA23,0.018622631739188083,0.02268074868003737
2022Q3,WV11,LA23,0.020262255403103547,0.024677667953957903
2022Q4,WV11,LA23,0.005705408300237523,0.006948691977964672
2023Q1,WV11,LA23,0.0071219947033785095,0.008673971231894635
2023Q2,WV11,LA23,0.02221141227907069,0.027051571807125384
2023Q3,WV11,LA23,0.010057870320717142,0.012249612847176352
2019Q2,WV12,LA23,0.02297235247738646,0.007689863616219472
2020Q1,WV12,LA23,0.013240794226696363,0.004432280145185424
2020Q3,WV12,LA23,0.06555858447155613,0.021945361231721156
2021Q2,WV12,LA23,0.016797764624484946,0.005622955644042126
2021Q3,WV12,LA23,0.06389716740210083,0.021389211369126682
2022Q1,WV12,LA23,0.011609184171747677,0.003886108010235003
2022Q2,WV12,LA23,0.01390367631018028,0.004654176131704201
2022Q3,WV12,LA23,0.03481264900798973,0.011653335166882984
2022Q4,WV12,LA23,0.016863642446401726,0.005645007868182962
2023Q1,WV12,LA23,0.0171552328057055,0.0057426160733965005
2023Q2,WV12,LA23,0.019173038092087636,0.006418064853474185
2023Q3,WV12,LA23,0.01323345046949908,0.004429821864461525
2019Q1,WV13,LA23,0.009552186651989154,0.01866413488431316
2019Q2,WV13,LA23,0.010638658149196305,0.02078700489414627
2019Q3,WV13,LA23,0.009234693193113866,0.01804378051340045
2019Q4,WV13,LA23,0.0057530332802797155,0.011240922424262226
2020Q1,WV13,LA23,0.005686870307730879,0.011111645779134965
2020Q3,WV13,LA23,0.011613821916298922,0.022692389362288762
2020Q4,WV13,LA23,0.006339619097306647,0.01238705966059186
2021Q2,WV13,LA23,0.009071728019117738,0.017725360857281616
2021Q3,WV13,LA23,0.023708620520064158,0.046324564984848327
2021Q4,WV13,LA23,0.009702792523506918,0.01895840554743842
2022Q1,WV13,LA23,0.008721042062269124,0.017040151256682578
2022Q2,WV13,LA23,0.00645470122517403,0.01261192004445416
2022Q3,WV13,LA23,0.01681975254046312,0.03286432118352716
2022Q4,WV13,LA23,0.009156022902488124,0.017890065665782686
2023Q1,WV13,LA23,0.0037320653016697063,0.007292128255567862
2023Q2,WV13,LA23,0.015276356890552938,0.02984866145667424
2023Q3,WV13,LA23,0.011763835725422514,0.022985503187426308
2019Q1,WV14,LA23,0.006107925684121617,0.011692884565588023
2019Q2,WV14,LA23,0.01233905076957147,0.02362161947592165
2019Q3,WV14,LA23,0.008401655310567456,0.016083952357461066
2019Q4,WV14,LA23,0.0041576965344018,0.007959406867357301
2020Q1,WV14,LA23,0.004529976270420321,0.008672091370164597
2020Q3,WV14,LA23,0.01447279490735195,0.02770641441054688
2020Q4,WV14,LA23,0.0041410785894035115,0.007927593822695112
2021Q2,WV14,LA23,0.007604560471501734,0.014558010749289415
2021Q3,WV14,LA23,0.02388803155864468,0.04573074558527885
2021Q4,WV14,LA23,0.00982396256213704,0.01880678746867339
2022Q1,WV14,LA23,0.004920422441766515,0.009419553314977602
2022Q2,WV14,LA23,0.011318520106392373,0.02166793702179201
2022Q3,WV14,LA23,0.010898614850731023,0.020864079225077846
2022Q4,WV14,LA23,0.00892209913346846,0.017080279074381473
2023Q1,WV14,LA23,0.0055273551147722545,0.01058145246888987
2023Q2,WV14,LA23,0.011972511778188723,0.022919924933997655
2023Q3,WV14,LA23,0.011824423227419868,0.022636427324633
2019Q1,WV15,LA23,0.0187724528646006,0.006466435141835561
2019Q2,WV15,LA23,0.02491743173288683,0.008583159449858928
2019Q3,WV15,LA23,0.012968138728628507,0.004467057587191137
2020Q3,WV15,LA23,0.00962949841304712,0.003317016022652959
2021Q2,WV15,LA23,0.01750697678873991,0.006030524127589323
2021Q3,WV15,LA23,0.03386140271787606,0.011664035918269356
2021Q4,WV15,LA23,0.018414576482225,0.006343159593769574
2022Q2,WV15,LA23,0.020485221943887928,0.007056422515570726
2022Q3,WV15,LA23,0.012050044126569345,0.004150807002299272
2022Q4,WV15,LA23,0.018053131830934224,0.006218654905341638
2023Q1,WV15,LA23,0.024780158328738068,0.008535873697111037
2023Q2,WV15,LA23,0.01596863308995354,0.005500620026841158
2023Q3,WV15,LA23,0.013673606482977123,0.004710065866985731
2019Q1,WV16,LA23,0.011016365798176471,0.010491291408222251
2019Q2,WV16,LA23,0.011707702482863869,0.011149676827981124
2019Q3,WV16,LA23,0.011524505094312288,0.010975211198958706
2019Q4,WV16,LA23,0.008395724497710902,0.007995558054473427
2020Q1,WV16,LA23,0.006587817571238147,0.0062738216168808465
2020Q3,WV16,LA23,0.01748939080766991,0.016655791835263934
2020Q4,WV16,LA23,0.0203269384235486,0.0193580930721943
2021Q2,WV16,LA23,0.014570531793888716,0.01387605475553083
2021Q3,WV16,LA23,0.023184529185128748,0.022079482135921983
2021Q4,WV16,LA23,0.014295090382506563,0.013613741741816223
2022Q1,WV16,LA23,0.010197861427693845,0.00971179951162436
2022Q2,WV16,LA23,0.03732200755825566,0.03554312414883205
2022Q3,WV16,LA23,0.012718894367703688,0.012112672150380472
2022Q4,WV16,LA23,0.00826946786399301,0.007875319206125195
2023Q1,WV16,LA23,0.011587975055700236,0.011035655983816868
2023Q2,WV16,LA23,0.00659017112243794,0.006276062990482045
2023Q3,WV16,LA23,0.01836635435311512,0.01749095656002066
2019Q1,WV2,LA23,0.00324168627370683,0.00471483782368506
2019Q2,WV2,LA23,0.00832026182052731,0.012101320677626008
2019Q3,WV2,LA23,0.014623728485031216,0.02126933403264961
2019Q4,WV2,LA23,0.006399061860092593,0.00930705082067222
2020Q1,WV2,LA23,0.008394331940874238,0.012209051215232063
2020Q3,WV2,LA23,0.016643804599405558,0.024207413311951344
2020Q4,WV2,LA23,0.0064332136538364434,0.009356722551769777
2021Q2,WV2,LA23,0.006857302376440232,0.009973534106345106
2021Q3,WV2,LA23,0.027409573467145468,0.03986557698755869
2021Q4,WV2,LA23,0.010129163524677656,0.01473225947118914
2022Q1,WV2,LA23,0.004729501462876769,0.006878775582082086
2022Q2,WV2,LA23,0.026244932675542898,0.03817167696404552
2022Q3,WV2,LA23,0.025278789864172063,0.03676648032084173
2022Q4,WV2,LA23,0.004421041666398454,0.006430139349970971
2023Q2,WV2,LA23,0.01768446493453481,0.025720991214129282
2023Q3,WV2,LA23,0.02387652814957733,0.03472697494849841
2019Q1,WV3,LA23,0.017178372421584036,0.02761184290505109
2019Q2,WV3,LA23,0.02413543017540957,0.03879434501093367
2019Q3,WV3,LA23,0.02134393453594244,0.034307404270828665
2019Q4,WV3,LA23,0.023229761716789712,0.03733860900814152
2020Q1,WV3,LA23,0.007259786904839333,0.011669097084465615
2020Q3,WV3,LA23,0.018468007601311436,0.029684751974289717
2020Q4,WV3,LA23,0.01125342764992958,0.01808831877592752
2021Q2,WV3,LA23,0.016379536315662205,0.02632782504106056
2021Q3,WV3,LA23,0.02029409862873429,0.032619939158622165
2021Q4,WV3,LA23,0.01693537942399466,0.027221265479448475
2022Q1,WV3,LA23,0.015825852345405334,0.025437855116635783
2022Q2,WV3,LA23,0.021899102913626275,0.035199760173603094
2022Q3,WV3,LA23,0.011786554826425192,0.01894524651532815
2022Q4,WV3,LA23,0.02228981694122,0.035827778596184426
2023Q1,WV3,LA23,0.006313814535475288,0.010148578154361385
2023Q2,WV3,LA23,0.009808784349192749,0.015766255725084555
2023Q3,WV3,LA23,0.013150950162019587,0.02113832213054077
2019Q2,WV4,LA23,0.026518389348692963,0.0104102404467079
2019Q3,WV4,LA23,0.02231083142707157,0.008758492707372134
2019Q4,WV4,LA23,0.016190763920940817,0.0063559571140086825
2020Q3,WV4,LA23,0.02986693872811947,0.011724769912624448
2021Q2,WV4,LA23,0.014676816618873503,0.005761631597819583
2021Q4,WV4,LA23,0.03055816065326042,0.011996120723118084
2022Q2,WV4,LA23,0.030646197978125164,0.0120306812580011
2022Q3,WV4,LA23,0.02581574835631014,0.010134406889011864
2023Q1,WV4,LA23,0.030203985390258536,0.011857083257469463
2023Q2,WV4,LA23,0.03378773071916679,0.013263942855280595
2023Q3,WV4,LA23,0.026162740657659875,0.010270624562065423
2019Q1,WV5,LA23,0.011338082778672659,0.00483312450792902
2019Q2,WV5,LA23,0.0286744296177974,0.01222315017820735
2019Q4,WV5,LA23,0.017012891077240282,0.0072521450426174285
2020Q1,WV5,LA23,0.011760763302330805,0.0050133020245157894
2020Q3,WV5,LA23,0.032497551208188466,0.013852845693402277
2020Q4,WV5,LA23,0.022112195757520547,0.009425843621535809
2021Q2,WV5,LA23,0.021065162502086468,0.008979521065400125
2021Q3,WV5,LA23,0.07118062141186861,0.030342414370306273
2021Q4,WV5,LA23,0.04985136838998448,0.021250318508226528
2022Q1,WV5,LA23,0.017876061697182612,0.0076200918250853514
2022Q2,WV5,LA23,0.022066738943579783,0.009406466585241566
2022Q3,WV5,LA23,0.04175157475965905,0.017797590929139642
2022Q4,WV5,LA23,0.02200788254642514,0.009381377661382974
2019Q1,WV6,LA23,0.01694246400707667,0.029466326501734086
2019Q2,WV6,LA23,0.016356420534098946,0.02844707993218205
2019Q3,WV6,LA23,0.03480620980493572,0.060534945918829075
2019Q4,WV6,LA23,0.01790702247058161,0.03114388618867077
2020Q1,WV6,LA23,0.007904581967472303,0.013747645738894351
2020Q4,WV6,LA23,0.01140978459693883,0.01984389272466079
2021Q2,WV6,LA23,0.020053437349868884,0.0348769300726561
2021Q3,WV6,LA23,0.06298452027382043,0.10954265201143623
2021Q4,WV6,LA23,0.04279497550176745,0.07442900396554374
2022Q1,WV6,LA23,0.018822816729376118,0.032736635190633016
2022Q2,WV6,LA23,0.024755670252508463,0.043055051622065965
2022Q3,WV6,LA23,0.030301486481647582,0.05270033294939664
2022Q4,WV6,LA23,0.02840600147416945,0.04940370619627718
2023Q1,WV6,LA23,0.01781032550540134,0.03097571086620655
2023Q2,WV6,LA23,0.020857568647152568,0.036275474897430514
2023Q3,WV6,LA23,0.01804907471908589,0.031390943401422365
2020Q3,WV7,LA23,0.036127434251139116,0.005963138314804864
2020Q4,WV7,LA23,0.051150051500521564,0.008442748239099898
2022Q2,WV7,LA23,0.05404725489715125,0.008920956142272002
2023Q2,WV7,LA23,0.030789466214953837,0.005082061582410659
2023Q3,WV7,LA23,0.06433070620336212,0.01061832667974832
2019Q1,WV8,LA23,0.010975897623019551,0.005439741427737603
2019Q2,WV8,LA23,0.021249498856581714,0.010531419225921152
2019Q3,WV8,LA23,0.02492014269852965,0.012350619263978808
2019Q4,WV8,LA23,0.01973476196174664,0.009780703674267694
2020Q3,WV8,LA23,0.03134614007344014,0.01553539424416098
2020Q4,WV8,LA23,0.011201875418463984,0.005551737805423359
2021Q2,WV8,LA23,0.03121425890682828,0.015470032897855025
2021Q3,WV8,LA23,0.0629462681016051,0.031196666921860305
2021Q4,WV8,LA23,0.019156177109110988,0.009493952458062588
2022Q1,WV8,LA23,0.016634095683905475,0.00824398901233544
2022Q2,WV8,LA23,0.020979901073507917,0.010397804438339951
2022Q3,WV8,LA23,0.018359346432082268,0.009099036890006035
2022Q4,WV8,LA23,0.042663411512689486,0.021144323227602048
2023Q1,WV8,LA23,0.0104609191737498,0.00518451404669776
2023Q2,WV8,LA23,0.033641368385723715,0.016672927497956982
2020Q3,WV9,LA23,0.02402674423850017,0.003944962142860054
2021Q3,WV9,LA23,0.05211181615747425,0.008556262966644532
2021Q4,WV9,LA23,0.02126746892970573,0.003491915465920773
2022Q1,WV9,LA23,0.04079200589768015,0.006697658134630298
2022Q2,WV9,LA23,0.05328448614587507,0.008748804189225015
2023Q2,WV9,LA23,0.060251370068702514,0.00989270005195345
2019Q1,YO1,LA23,0.025015229105314143,0.014036927538197588
2019Q2,YO1,LA23,0.013579261390893506,0.0076198026155884216
2019Q3,YO1,LA23,0.03884098086551705,0.021795044595692304
2019Q4,YO1,LA23,0.040112989713307116,0.02250881363411308
2020Q1,YO1,LA23,0.03181503896394722,0.017852540733556146
2020Q2,YO1,LA23,0.0017149957216456575,0.0009623446010312547
2020Q3,YO1,LA23,0.05947878325021001,0.03337564357409764
2020Q4,YO1,LA23,0.0706189109813926,0.03962676224546957
2021Q2,YO1,LA23,0.05562500360793353,0.03121315186318526
2021Q3,YO1,LA23,0.03630611153178789,0.02037263998742124
2021Q4,YO1,LA23,0.015199938790356997,0.00852922187868167
2022Q1,YO1,LA23,0.03357680729618321,0.01884113109643371
2022Q2,YO1,LA23,0.023866529867262218,0.013392351871917074
2022Q3,YO1,LA23,0.012458780339396087,0.00699106116926477
2022Q4,YO1,LA23,0.008014866932646494,0.004497424584368682
2023Q2,YO1,LA23,0.05110545515320452,0.028677073784614843
2023Q3,YO1,LA23,0.02460690292635884,0.013807801314255585
2019Q1,YO10,LA23,0.02417161878531003,0.04845235155612922
2019Q2,YO10,LA23,0.04407571426062076,0.0883503923097182
2019Q3,YO10,LA23,0.031761240528258856,0.06366585563020823
2019Q4,YO10,LA23,0.01779466288366501,0.03566965330373849
2020Q1,YO10,LA23,0.02009306502744013,0.04027683289219173
2020Q3,YO10,LA23,0.06518767829713733,0.13066962266922252
2020Q4,YO10,LA23,0.03286576918359512,0.06587989893394819
2021Q2,YO10,LA23,0.039052276672328655,0.07828084065039266
2021Q3,YO10,LA23,0.04196043836539708,0.08411029187524209
2021Q4,YO10,LA23,0.02427200096961546,0.048653569063617584
2022Q1,YO10,LA23,0.02478310968381162,0.04967809370648857
2022Q2,YO10,LA23,0.03292178554443821,0.06599218452113087
2022Q3,YO10,LA23,0.023473668635719654,0.04705330061473518
2022Q4,YO10,LA23,0.022320157225698963,0.044741070686787815
2023Q1,YO10,LA23,0.019752999187112583,0.03959516610793007
2023Q2,YO10,LA23,0.01606280869852638,0.03219812710735121
2023Q3,YO10,LA23,0.011813031717912006,0.023679389072933217
2019Q1,YO11,LA23,0.013000042056210682,0.01957044514531442
2019Q2,YO11,LA23,0.027593276668396692,0.041539304648661055
2019Q3,YO11,LA23,0.05551727575149392,0.08357648344628539
2019Q4,YO11,LA23,0.039283252604103966,0.05913755793204236
2020Q1,YO11,LA23,0.013598665956417979,0.02047162193774519
2020Q3,YO11,LA23,0.03948031244545109,0.0594342145735173
2020Q4,YO11,LA23,0.025146910575572643,0.03785651091476713
2021Q2,YO11,LA23,0.028193485500303823,0.04244286741944149
2021Q3,YO11,LA23,0.08635015281436931,0.12999272784166022
2021Q4,YO11,LA23,0.047953453369277414,0.07218979943557094
2022Q1,YO11,LA23,0.0370753947179896,0.055813817788585816
2022Q2,YO11,LA23,0.04179777076002125,0.06292294873497185
2022Q3,YO11,LA23,0.04370574035723202,0.06579523285372224
2022Q4,YO11,LA23,0.024474563337206,0.036844349977889865
2023Q1,YO11,LA23,0.025056761581614927,0.0377207993583332
2023Q2,YO11,LA23,0.04169729569589788,0.06277169216807799
2023Q3,YO11,LA23,0.04845923869446058,0.07295121573861077
2019Q1,YO12,LA23,0.024581955931826827,0.05685085074219898
2019Q2,YO12,LA23,0.03755067099023389,0.08684368313309232
2019Q3,YO12,LA23,0.03957517549463277,0.09152576798125016
2019Q4,YO12,LA23,0.031097123245132238,0.07191852092745153
2020Q1,YO12,LA23,0.01441510233539664,0.033337901734748404
2020Q3,YO12,LA23,0.03847877861137276,0.08899012371692515
2020Q4,YO12,LA23,0.03401440806875713,0.07866534467655976
2021Q2,YO12,LA23,0.046023689880789316,0.10643928950463956
2021Q3,YO12,LA23,0.05940795405160847,0.13739316505382798
2021Q4,YO12,LA23,0.03818368621955378,0.08830766160654692
2022Q1,YO12,LA23,0.031657014085802425,0.07321338414757693
2022Q2,YO12,LA23,0.04697902766119022,0.10864870545642867
2022Q3,YO12,LA23,0.038685927905598036,0.08946919924858804
2022Q4,YO12,LA23,0.025568963231553145,0.05913350899908538
2023Q1,YO12,LA23,0.01234163981790437,0.02854259136854285
2023Q2,YO12,LA23,0.02604681970034782,0.06023865078922532
2023Q3,YO12,LA23,0.02481930537972275,0.057399770367370234
2021Q3,YO13,LA23,0.18595381358856655,0.007961792845706967
2019Q1,YO14,LA23,0.01216875793824191,0.004565894932766623
2019Q2,YO14,LA23,0.035025597076840526,0.013142113354699256
2019Q3,YO14,LA23,0.057342309081616624,0.021515668221658887
2019Q4,YO14,LA23,0.030951230998516106,0.011613351953932548
2020Q1,YO14,LA23,0.007973378716842023,0.002991727640982064
2020Q3,YO14,LA23,0.05170151650638058,0.019399160820758217
2020Q4,YO14,LA23,0.02073564060519929,0.007780313886384019
2021Q2,YO14,LA23,0.01407432954950516,0.005280893111549349
2021Q3,YO14,LA23,0.03201240835347886,0.012011521128829552
2021Q4,YO14,LA23,0.02839974210128315,0.01065599621672332
2022Q1,YO14,LA23,0.021810113990213337,0.008183471925103046
2022Q2,YO14,LA23,0.031211563412998525,0.01171103246152032
2022Q3,YO14,LA23,0.046085774422545515,0.01729205272850774
2022Q4,YO14,LA23,0.013799930320620657,0.005177934530642624
2023Q2,YO14,LA23,0.035870376725316414,0.013459086963333441
2023Q3,YO14,LA23,0.02496011693584185,0.009365398836677646
2019Q1,YO15,LA23,0.01392811190534458,0.014007717379007759
2019Q2,YO15,LA23,0.008827267487068304,0.008877719322481116
2019Q3,YO15,LA23,0.012652757017811864,0.012725073260127631
2019Q4,YO15,LA23,0.014475853105350878,0.014558589168283275
2020Q3,YO15,LA23,0.02504080959955296,0.025183929178332117
2020Q4,YO15,LA23,0.0031890342421681864,0.0032072610185684023
2021Q2,YO15,LA23,0.012580865535989277,0.012652770885895382
2021Q3,YO15,LA23,0.022494844662287825,0.0226234128972712
2021Q4,YO15,LA23,0.0170138380881337,0.017111079885804417
2022Q1,YO15,LA23,0.009565593005386286,0.00962026470584633
2022Q2,YO15,LA23,0.007678010258652413,0.007721893568004359
2022Q3,YO15,LA23,0.008979030405195789,0.009030349634485398
2022Q4,YO15,LA23,0.005792656147855038,0.005825763803763589
2023Q1,YO15,LA23,0.006702730416247181,0.006741039559169648
2023Q2,YO15,LA23,0.01643755596984384,0.016531504053958698
2023Q3,YO15,LA23,0.023171127831792912,0.02330356133167398
2019Q1,YO16,LA23,0.009700193365850054,0.008780978745758365
2019Q2,YO16,LA23,0.0260593257105576,0.02358987873363369
2019Q3,YO16,LA23,0.031402546972238626,0.02842676296502279
2019Q4,YO16,LA23,0.020457162128771796,0.01851859020498364
2020Q1,YO16,LA23,0.005858550024579256,0.005303379149935578
2020Q3,YO16,LA23,0.03269270591630173,0.029594663215996325
2020Q4,YO16,LA23,0.015658662219069374,0.014174808165858487
2021Q2,YO16,LA23,0.033962976940035985,0.03074456017578605
2021Q3,YO16,LA23,0.04589157583670761,0.0415427751626242
2021Q4,YO16,LA23,0.027096612543130345,0.02452886966778793
2022Q1,YO16,LA23,0.04052766794303795,0.03668716461630895
2022Q2,YO16,LA23,0.035344428626813404,0.03199510204050705
2022Q3,YO16,LA23,0.040426071819912326,0.03659519599628553
2022Q4,YO16,LA23,0.021091259315481198,0.019092598754013475
2023Q1,YO16,LA23,0.018039142449915457,0.016329708127476486
2023Q2,YO16,LA23,0.027876314865419957,0.02523468544504316
2023Q3,YO16,LA23,0.023636833246406426,0.02139694772316953
2019Q1,YO17,LA23,0.021389240908465515,0.02299070895837103
2019Q2,YO17,LA23,0.03487412207759876,0.03748523822308453
2019Q3,YO17,LA23,0.02784092423211371,0.02992544657810888
2019Q4,YO17,LA23,0.011707511798341423,0.012584083630374743
2020Q1,YO17,LA23,0.024807160617381013,0.026664537197860147
2020Q3,YO17,LA23,0.06062374654292151,0.06516280398631275
2020Q4,YO17,LA23,0.018249735150490762,0.0196161402458292
2021Q2,YO17,LA23,0.037287962287675766,0.04007980892240885
2021Q3,YO17,LA23,0.04950212155605481,0.0532084740355009
2021Q4,YO17,LA23,0.07118067350655853,0.07651015550544484
2022Q1,YO17,LA23,0.03250333210395619,0.03493694104326887
2022Q2,YO17,LA23,0.07873222310511181,0.08462710924625423
2022Q3,YO17,LA23,0.047961461219657886,0.051552460456085435
2022Q4,YO17,LA23,0.033852418888219916,0.03638703746087088
2023Q1,YO17,LA23,0.04325526318544227,0.046493897145300264
2023Q2,YO17,LA23,0.05627217483133445,0.060485418792480004
2023Q3,YO17,LA23,0.05438395110172398,0.05845581884540649
2019Q2,YO18,LA23,0.03657852935408372,0.011361305877358924
2019Q3,YO18,LA23,0.07557473897157947,0.023473544213494003
2019Q4,YO18,LA23,0.04133916666075034,0.01283996173278268
2020Q1,YO18,LA23,0.031931257182048485,0.009917861278186273
2020Q3,YO18,LA23,0.1376732266616791,0.04276135937793455
2020Q4,YO18,LA23,0.05581684876191037,0.017336735595783272
2021Q2,YO18,LA23,0.07304509026923993,0.02268783431271213
2021Q3,YO18,LA23,0.13552184971247308,0.042093140835280096
2021Q4,YO18,LA23,0.0974621245644272,0.03027177495068136
2022Q1,YO18,LA23,0.0539476043448876,0.0167561475306983
2022Q2,YO18,LA23,0.09629937539094917,0.02991062459139127
2022Q3,YO18,LA23,0.0594680441144636,0.01847079833561612
2022Q4,YO18,LA23,0.06802350364856552,0.021128127495774026
2023Q1,YO18,LA23,0.03455238945299202,0.010731986012041415
2023Q2,YO18,LA23,0.08777813490159224,0.027263923880245504
2023Q3,YO18,LA23,0.05738301021119172,0.017823185969617853
2019Q1,YO19,LA23,0.04088305110611335,0.00653223030238691
2019Q2,YO19,LA23,0.09433067393662338,0.015072008327706488
2019Q3,YO19,LA23,0.05868097556380428,0.009375954983315556
2019Q4,YO19,LA23,0.06926533530714643,0.011067107516607895
2020Q1,YO19,LA23,0.01730106139663108,0.0027643366740216354
2020Q3,YO19,LA23,0.2441099984414677,0.03900351577958757
2020Q4,YO19,LA23,0.06682038893291481,0.010676457788631044
2021Q2,YO19,LA23,0.07860934746363521,0.012560079242129638
2021Q3,YO19,LA23,0.2287334895026577,0.03654668110317569
2021Q4,YO19,LA23,0.10141708152878832,0.016204263508183527
2022Q1,YO19,LA23,0.04366693230068543,0.0069770345086637145
2022Q2,YO19,LA23,0.08117194811462053,0.012969527587406871
2022Q3,YO19,LA23,0.19738903262612575,0.03153851254723039
2023Q1,YO19,LA23,0.053209599178308316,0.008501746976473414
2023Q2,YO19,LA23,0.053023614917747666,0.00847203070066396
2023Q3,YO19,LA23,0.0995364231665254,0.015903774840874296
2019Q1,YO21,LA23,0.028165525636390788,0.009018347440362843
2019Q2,YO21,LA23,0.07920697417983921,0.025361359204698064
2019Q3,YO21,LA23,0.08371617703585005,0.026805165315741883
2019Q4,YO21,LA23,0.0629423208014653,0.020153563793497517
2020Q1,YO21,LA23,0.043903815558539484,0.014057606017228013
2020Q3,YO21,LA23,0.15543867384263707,0.049770062326512
2020Q4,YO21,LA23,0.07450357459609191,0.023855373051814517
2021Q2,YO21,LA23,0.2028761924155345,0.0649591281981005
2021Q3,YO21,LA23,0.2826133688241239,0.09049025337749587
2021Q4,YO21,LA23,0.18121354743653265,0.058022944530878
2022Q1,YO21,LA23,0.14413439199703845,0.0461505331700713
2022Q2,YO21,LA23,0.1647217290487368,0.05274241293119981
2022Q3,YO21,LA23,0.20109726006540912,0.06438953009389882
2022Q4,YO21,LA23,0.14189841990628682,0.04543459506042356
2023Q1,YO21,LA23,0.10595937990672448,0.033927238387115484
2023Q2,YO21,LA23,0.13532328000136806,0.04332929452752888
2023Q3,YO21,LA23,0.1451593442612196,0.04647871364671148
2019Q1,YO22,LA23,0.026473156929646816,0.013612151089583116
2019Q2,YO22,LA23,0.05012965556836768,0.02577601332092002
2019Q3,YO22,LA23,0.07098327618237553,0.03649867232668548
2019Q4,YO22,LA23,0.04818199773862302,0.024774553135429117
2020Q1,YO22,LA23,0.02519060786711696,0.012952681134210758
2020Q3,YO22,LA23,0.027816592270443904,0.014302927972998038
2020Q4,YO22,LA23,0.029845384932891086,0.015346106628420944
2021Q3,YO22,LA23,0.018818781508222325,0.009676371348250556
2021Q4,YO22,LA23,0.026099964822207482,0.013420260588370722
2022Q1,YO22,LA23,0.011635888052225159,0.0059830214677187325
2022Q2,YO22,LA23,0.03467072794679029,0.01782723490257486
2022Q3,YO22,LA23,0.04403540314319018,0.022642428421694283
2022Q4,YO22,LA23,0.04799497984001928,0.024678390977700224
2023Q1,YO22,LA23,0.02017641896011639,0.010374450771462936
2023Q2,YO22,LA23,0.031527702330556615,0.01621113223373559
2023Q3,YO22,LA23,0.02063890156801692,0.010612253280312808
2019Q1,YO23,LA23,0.033608543750924126,0.05911051684407952
2019Q2,YO23,LA23,0.048440033170031316,0.0851960566290878
2019Q3,YO23,LA23,0.059673411412099676,0.10495325880704412
2020Q1,YO23,LA23,0.0333898024674995,0.0587257959107897
2020Q3,YO23,LA23,0.06374382452585445,0.11211227839165043
2020Q4,YO23,LA23,0.023960248464369126,0.04214114961177031
2021Q2,YO23,LA23,0.04219100455987149,0.07420530041966916
2021Q3,YO23,LA23,0.07033936136341254,0.12371247131347267
2021Q4,YO23,LA23,0.038752889826187034,0.06815836365312912
2022Q1,YO23,LA23,0.027175552118151033,0.04779620750997155
2022Q2,YO23,LA23,0.039836483415698336,0.07006418193551701
2022Q3,YO23,LA23,0.03724130986160831,0.06549980535260927
2022Q4,YO23,LA23,0.02246354997782079,0.03950876477072253
2023Q1,YO23,LA23,0.02618243955942672,0.04604952675326884
2023Q2,YO23,LA23,0.04351130408998776,0.07652743577288634
2023Q3,YO23,LA23,0.036904338935047215,0.06490714279102751
2019Q1,YO24,LA23,0.03655938197022356,0.04765673623007754
2019Q2,YO24,LA23,0.046910619495736765,0.061150022216422836
2019Q3,YO24,LA23,0.056000171162632034,0.07299864609610712
2019Q4,YO24,LA23,0.04318895959590188,0.05629867751018729
2020Q1,YO24,LA23,0.022157404569530186,0.028883135551176758
2020Q3,YO24,LA23,0.04994217100972189,0.06510178078246072
2020Q4,YO24,LA23,0.011606156528073085,0.015129127203349963
2021Q2,YO24,LA23,0.02692254695312901,0.03509470482384363
2021Q3,YO24,LA23,0.07431638653064705,0.09687462532457784
2021Q4,YO24,LA23,0.035654120841349314,0.04647668918023298
2022Q1,YO24,LA23,0.021200892825921545,0.0276362811075416
2022Q2,YO24,LA23,0.03807776463077946,0.0496360137246854
2022Q3,YO24,LA23,0.07692800470680321,0.10027898261530337
2022Q4,YO24,LA23,0.02577157129690269,0.0335943582561502
2023Q1,YO24,LA23,0.042614165093204495,0.05554940800601848
2023Q2,YO24,LA23,0.0730384491242833,0.0952087786222668
2023Q3,YO24,LA23,0.08779552006992203,0.11444525910100245
2019Q1,YO25,LA23,0.018400524567381053,0.01834622134481395
2019Q2,YO25,LA23,0.030435053421790013,0.030345234162901327
2019Q3,YO25,LA23,0.03924586647066768,0.039130044934494
2019Q4,YO25,LA23,0.031174575495455693,0.03108257377532182
2020Q1,YO25,LA23,0.017096680001337808,0.01704622465611809
2020Q3,YO25,LA23,0.057689465769540926,0.05751921388960191
2020Q4,YO25,LA23,0.02615209081001881,0.026074911335996143
2021Q2,YO25,LA23,0.017037941731121182,0.016987659732989966
2021Q3,YO25,LA23,0.0815319097815354,0.08129129460630087
2021Q4,YO25,LA23,0.0364074302079277,0.03629998540229525
2022Q1,YO25,LA23,0.02397826719732257,0.023907503063635968
2022Q2,YO25,LA23,0.045591049981723517,0.04545650267981592
2022Q3,YO25,LA23,0.052344283179827485,0.05218980588494272
2022Q4,YO25,LA23,0.035029908996773225,0.034926529501379415
2023Q1,YO25,LA23,0.027581461235006485,0.027500063434488038
2023Q2,YO25,LA23,0.045735357583860665,0.045600384404538105
2023Q3,YO25,LA23,0.04177473029445111,0.04165144563109528
2019Q1,YO26,LA23,0.044450913804110856,0.04095437844112215
2019Q2,YO26,LA23,0.046932616282327484,0.043240868723842835
2019Q3,YO26,LA23,0.0631229312324714,0.058157643854072676
2019Q4,YO26,LA23,0.05473980869150595,0.05043394272671252
2020Q1,YO26,LA23,0.03729891156665738,0.03436495696071753
2020Q3,YO26,LA23,0.1427211211824281,0.1314945927592125
2020Q4,YO26,LA23,0.07997534217960221,0.07368443411570003
2021Q2,YO26,LA23,0.07858264126001865,0.07240128388020027
2021Q3,YO26,LA23,0.12953036712985802,0.119341431279262
2021Q4,YO26,LA23,0.09646472644875964,0.08887675359412897
2022Q1,YO26,LA23,0.07140121078991493,0.06578474900945856
2022Q2,YO26,LA23,0.09475372976483107,0.08730034492874322
2022Q3,YO26,LA23,0.09406267638691633,0.08666365022125402
2022Q4,YO26,LA23,0.055497173686992564,0.05113173294042797
2023Q1,YO26,LA23,0.05031466572906737,0.046356884146130144
2023Q2,YO26,LA23,0.14616014368757888,0.13466309970519244
2023Q3,YO26,LA23,0.07681820290559724,0.07077563729796235
2019Q1,YO30,LA23,0.048542717859231914,0.0924526121165334
2019Q2,YO30,LA23,0.04534792617008539,0.08636793351064412
2019Q3,YO30,LA23,0.03456032230627363,0.0658222739416851
2019Q4,YO30,LA23,0.02993327265752684,0.05700977136076148
2020Q1,YO30,LA23,0.009468930398887177,0.01803416429762756
2020Q3,YO30,LA23,0.0504951791378632,0.09617119552567227
2020Q4,YO30,LA23,0.027481715338955333,0.0523406286375912
2021Q2,YO30,LA23,0.0534637509059628,0.10182502428351156
2021Q3,YO30,LA23,0.08174253176972113,0.1556837135704831
2021Q4,YO30,LA23,0.03512501794741691,0.06689777175838983
2022Q1,YO30,LA23,0.02779118753166794,0.0529300375923325
2022Q2,YO30,LA23,0.044394416225978096,0.08455191477705268
2022Q3,YO30,LA23,0.04614992685007148,0.08789539346867464
2022Q4,YO30,LA23,0.051264683719105184,0.09763676465136001
2023Q1,YO30,LA23,0.02820331095218905,0.05371495216699782
2023Q2,YO30,LA23,0.04802194509921822,0.09146076814681538
2023Q3,YO30,LA23,0.026102757055332555,0.04971431719597893
2019Q1,YO31,LA23,0.0262035533387141,0.11492317779467763
2019Q2,YO31,LA23,0.035845296423605795,0.1572097997834032
2019Q3,YO31,LA23,0.052482693216458584,0.2301778619752101
2019Q4,YO31,LA23,0.036328143564644116,0.1593274640222916
2020Q1,YO31,LA23,0.02014380440878868,0.08834641567913543
2020Q3,YO31,LA23,0.04404421859335275,0.19316851797932225
2020Q4,YO31,LA23,0.022587219650312646,0.09906271207596844
2021Q2,YO31,LA23,0.029612761775997195,0.1298752364835328
2021Q3,YO31,LA23,0.039184325603167564,0.1718540672651517
2021Q4,YO31,LA23,0.04613832016518976,0.2023527993685481
2022Q1,YO31,LA23,0.01757133978285255,0.07706413629681234
2022Q2,YO31,LA23,0.03384343186068371,0.14843005017800678
2022Q3,YO31,LA23,0.033130330152439866,0.14530253867821655
2022Q4,YO31,LA23,0.02100257300010175,0.0921127909576418
2023Q1,YO31,LA23,0.017768161525378974,0.07792735434277119
2023Q2,YO31,LA23,0.02684209061597988,0.11772366565581538
2023Q3,YO31,LA23,0.028169726547873745,0.1235463927598612
2019Q1,YO32,LA23,0.029562997996716082,0.049348684089486436
2019Q2,YO32,LA23,0.03649964648525007,0.060927837020407126
2019Q3,YO32,LA23,0.061770601621718435,0.1031119342424714
2019Q4,YO32,LA23,0.036728992617581765,0.0613106780919669
2020Q1,YO32,LA23,0.033724623254612375,0.0562955685080953
2020Q3,YO32,LA23,0.05266683792280648,0.0879152766215885
2020Q4,YO32,LA23,0.020703220466533938,0.03455930574265382
2021Q2,YO32,LA23,0.029621861338328687,0.049446943016068064
2021Q3,YO32,LA23,0.06686568079800571,0.11161700712815947
2021Q4,YO32,LA23,0.03912060282397014,0.06530292598757484
2022Q1,YO32,LA23,0.02951665231936104,0.04927132054905793
2022Q2,YO32,LA23,0.047795517409338004,0.07978371780118422
2022Q3,YO32,LA23,0.05899977982164471,0.09848667906046008
2022Q4,YO32,LA23,0.026512282956391662,0.04425621096518633
2023Q1,YO32,LA23,0.011477008889226946,0.01915824930981636
2023Q2,YO32,LA23,0.02505425660954572,0.04182236844378032
2023Q3,YO32,LA23,0.030266672645603825,0.05052330846126358
2020Q3,YO41,LA23,0.15053587652615275,0.00625950574678286
2021Q2,YO41,LA23,0.2274661186906199,0.00945837968994032
2021Q3,YO41,LA23,1.0003887461121692,0.04159765266466648
2021Q4,YO41,LA23,0.17426717741127914,0.007246288550304615
2022Q2,YO41,LA23,0.3393882057416846,0.014112266612147591
2022Q3,YO41,LA23,0.12216890388254548,0.005079964813557924
2022Q4,YO41,LA23,0.18900882226064186,0.007859268079045634
2023Q2,YO41,LA23,0.12534571269827866,0.005212061251280246
2023Q3,YO41,LA23,0.3640341215348984,0.015137080464515512
2019Q1,YO42,LA23,0.026075133057208617,0.02937312874134872
2019Q2,YO42,LA23,0.03634821712925365,0.04094555755146581
2019Q3,YO42,LA23,0.054372326959210314,0.06124936567861796
2019Q4,YO42,LA23,0.02695587017194722,0.03036526192056366
2020Q1,YO42,LA23,0.015615144271702075,0.01759015541746731
2020Q3,YO42,LA23,0.04579518493517125,0.05158738250283961
2020Q4,YO42,LA23,0.02889276012322741,0.032547130667770284
2021Q2,YO42,LA23,0.047257881197215995,0.05323508130921837
2021Q3,YO42,LA23,0.04977628100562575,0.05607200956696919
2021Q4,YO42,LA23,0.038993316767461816,0.04392521069595109
2022Q1,YO42,LA23,0.025772439846808732,0.029032150744469427
2022Q2,YO42,LA23,0.04840318604165527,0.05452524487501865
2022Q3,YO42,LA23,0.05607802502247939,0.06317080127384002
2022Q4,YO42,LA23,0.025563134808828655,0.02879637270209805
2023Q1,YO42,LA23,0.03605174979701508,0.04061159288488705
2023Q2,YO42,LA23,0.03250755633113905,0.0366191280821564
2023Q3,YO42,LA23,0.0502083697868836,0.05655874915030069
2019Q1,YO43,LA23,0.00810215905522783,0.0030361212987606648
2019Q2,YO43,LA23,0.017618800107833142,0.006602291303017959
2019Q3,YO43,LA23,0.05028733364840992,0.018844167796151463
2019Q4,YO43,LA23,0.016011179864735447,0.005999867920914848
2020Q1,YO43,LA23,0.013372266990893977,0.005010988348540357
2023Q1,YO43,LA23,0.022888329207598028,0.008576941445674955
2019Q1,YO51,LA23,0.022399116670880403,0.01063322096884016
2019Q2,YO51,LA23,0.03314708605354321,0.015735454913661618
2019Q3,YO51,LA23,0.04067575166053795,0.019309433574336
2019Q4,YO51,LA23,0.055391154645527366,0.026295072065533345
2020Q1,YO51,LA23,0.04219561883077931,0.020030938966799625
2020Q3,YO51,LA23,0.07085027056691205,0.033633763050106784
2020Q4,YO51,LA23,0.04903997106009148,0.023280063060048498
2021Q2,YO51,LA23,0.04295349627732917,0.020390715580979303
2021Q3,YO51,LA23,0.08352354718467066,0.03964997130759811
2021Q4,YO51,LA23,0.08271784547802903,0.039267491747909514
2022Q1,YO51,LA23,0.039910106579387206,0.018945969539070472
2022Q2,YO51,LA23,0.06703103124824562,0.03182070871385887
2022Q3,YO51,LA23,0.07773102406425585,0.03690016741079717
2022Q4,YO51,LA23,0.02936074495200997,0.013938017890247869
2023Q1,YO51,LA23,0.01044183319545115,0.004956906172614634
2023Q2,YO51,LA23,0.044104476957308514,0.02093710462305242
2023Q3,YO51,LA23,0.027360198275878076,0.012988326204707258
2019Q2,YO60,LA23,0.09031417844692533,0.020479575198910742
2019Q3,YO60,LA23,0.10103553757009208,0.022910742532470163
2019Q4,YO60,LA23,0.09978787427644296,0.022627823342099368
2020Q3,YO60,LA23,0.028318098670804762,0.006421390762688869
2021Q3,YO60,LA23,0.025735088105547543,0.005835669229033407
2021Q4,YO60,LA23,0.08903590547369779,0.020189714980613647
2022Q1,YO60,LA23,0.05474286111935334,0.012413450027186634
2022Q2,YO60,LA23,0.05566274576085032,0.012622042376846677
2022Q3,YO60,LA23,0.09302281623878557,0.02109378386801371
2022Q4,YO60,LA23,0.03577283105146317,0.008111820272238886
2023Q1,YO60,LA23,0.014101815611607334,0.003197717105169745
2023Q2,YO60,LA23,0.04630511163306748,0.010500112297878587
2023Q3,YO60,LA23,0.07885595505807412,0.017881317078500582
2019Q1,YO61,LA23,0.048449032275315995,0.01631148792916996
2019Q2,YO61,LA23,0.041884818816478014,0.014101493558386987
2019Q3,YO61,LA23,0.0900782921695923,0.03032694166222057
2019Q4,YO61,LA23,0.04787413207806057,0.016117934473350217
2020Q1,YO61,LA23,0.040782908875455375,0.013730510076201309
2020Q3,YO61,LA23,0.1074275216561357,0.036167961266947164
2020Q4,YO61,LA23,0.05283476698893208,0.017788047015740983
2021Q2,YO61,LA23,0.06471374700797823,0.02178738054402369
2021Q3,YO61,LA23,0.17693375009928464,0.05956884159433775
2021Q4,YO61,LA23,0.12095711165504933,0.04072301084357895
2022Q1,YO61,LA23,0.0954102391615451,0.03212206500965888
2022Q2,YO61,LA23,0.15032899252110352,0.050611734264949616
2022Q3,YO61,LA23,0.1464249541625281,0.04929734940378154
2022Q4,YO61,LA23,0.08689411390111783,0.029254914359478988
2023Q1,YO61,LA23,0.02954819504683369,0.009948083670615357
2023Q2,YO61,LA23,0.048010072244240136,0.01616370187623924
2023Q3,YO61,LA23,0.05843580249308551,0.019673765238092302
2019Q2,YO62,LA23,0.0660663694257863,0.021290446325925427
2019Q4,YO62,LA23,0.035413659676242125,0.011412351353566892
2020Q1,YO62,LA23,0.016141460015379704,0.005201722011765034
2020Q3,YO62,LA23,0.15838706677439732,0.05104157187976035
2021Q2,YO62,LA23,0.09809531229740234,0.03161204406182458
2021Q3,YO62,LA23,0.11860643587415665,0.03822192711413693
2021Q4,YO62,LA23,0.05779326539199457,0.018624368578485418
2022Q1,YO62,LA23,0.04188110277647752,0.013496539593185749
2022Q2,YO62,LA23,0.05823682797470344,0.018767310372342583
2022Q3,YO62,LA23,0.08584046564583926,0.027662816078884832
2022Q4,YO62,LA23,0.026434714527021955,0.008518810336792224
2023Q1,YO62,LA23,0.01254202930501141,0.004041775021957039
2023Q2,YO62,LA23,0.0915331886661082,0.029497344220279723
2023Q3,YO62,LA23,0.04168321597933578,0.013432768899112902
2019Q1,YO7,LA23,0.02919073827298143,0.031714713433234384
2019Q2,YO7,LA23,0.030007485333952387,0.032602080472186795
2019Q3,YO7,LA23,0.04497698891000791,0.0488659211367377
2019Q4,YO7,LA23,0.046318535720251,0.050323464698885635
2020Q1,YO7,LA23,0.035197585821618416,0.03824094263856002
2020Q3,YO7,LA23,0.041450528915881614,0.045034546023796515
2020Q4,YO7,LA23,0.031964071363416016,0.0347278425769892
2021Q2,YO7,LA23,0.038781610079391717,0.0421348593052121
2021Q3,YO7,LA23,0.05911430622374436,0.06422562061151431
2021Q4,YO7,LA23,0.029120063997844864,0.031637928311799735
2022Q1,YO7,LA23,0.03923214194631696,0.04262434637876444
2022Q2,YO7,LA23,0.04313539831127496,0.04686509753460863
2022Q3,YO7,LA23,0.04535065751160098,0.04927189896805178
2022Q4,YO7,LA23,0.036083543095529136,0.03920350414671397
2023Q1,YO7,LA23,0.011773389252153271,0.012791374537298608
2023Q2,YO7,LA23,0.0416192288099223,0.04521783254247527
2023Q3,YO7,LA23,0.04821203397868876,0.05238068415291586
2019Q1,YO8,LA23,0.022859573927468447,0.06480114751040303
2019Q2,YO8,LA23,0.03615821775379653,0.10249946083035001
2019Q3,YO8,LA23,0.0392453054593873,0.11125057869555044
2019Q4,YO8,LA23,0.037855165902913435,0.10730988239277008
2020Q1,YO8,LA23,0.031312611033460745,0.08876338347133281
2020Q2,YO8,LA23,0.0010509641748987306,0.002979219330239884
2020Q3,YO8,LA23,0.04951891705488565,0.14037368582680407
2020Q4,YO8,LA23,0.025662476635201645,0.07274667232190775
2021Q2,YO8,LA23,0.02290461707108867,0.06492883350329719
2021Q3,YO8,LA23,0.07198006575784023,0.20404539794932508
2021Q4,YO8,LA23,0.05016857385621669,0.1422152996008737
2022Q1,YO8,LA23,0.02372870765453675,0.0672649232147412
2022Q2,YO8,LA23,0.05406847860647857,0.1532705495281075
2022Q3,YO8,LA23,0.046517528648594965,0.13186550393902394
2022Q4,YO8,LA23,0.030016613177497774,0.0850895552318437
2023Q1,YO8,LA23,0.0181737351865421,0.05151797222357665
2023Q2,YO8,LA23,0.0385175500704203,0.10918757505158164
2023Q3,YO8,LA23,0.05637781966517729,0.15981695109584393
2019Q2,ZE1,LA23,0.004749004081881944,0.004675143820231553
2019Q3,ZE1,LA23,0.0162230403742401,0.01597072683941336
2021Q4,ZE1,LA23,0.007215568983227782,0.007103346756447456
2022Q2,ZE1,LA23,0.009841655649870284,0.009688590449495807
2022Q3,ZE1,LA23,0.008124666778274791,0.007998305544694254
2023Q3,ZE1,LA23,0.007703094525603129,0.007583289916601134
2020Q2,LA16,LA23,N/A,0.013869113727604536
2020Q3,LA16,LA23,N/A,0.060942297495253574
2020Q3,LL74,LA23,N/A,0.0060150514195036215
2020Q4,LA16,LA23,N/A,0.055932032170455545
2020Q4,LA17,LA23,N/A,0.009928634331946878
2021Q1,LA16,LA23,N/A,0.003701881560691229
2021Q2,LA16,LA23,N/A,0.06022122591703535
2021Q2,LA17,LA23,N/A,0.006825777941769846
2021Q2,LA20,LA23,N/A,0.005696559461010557
2021Q3,LA16,LA23,N/A,0.0312013665761854
2021Q3,LA17,LA23,N/A,0.009624385941177569
2021Q4,LA16,LA23,N/A,0.06588062195769052
2022Q1,LA16,LA23,N/A,0.05117005319877106
2022Q1,LA17,LA23,N/A,0.007666582251716686
2022Q2,CA99,LA23,N/A,0.004762557390678344
2022Q2,LA16,LA23,N/A,0.028536084154861956
2022Q2,LA17,LA23,N/A,0.003514690713803932
2022Q3,LA16,LA23,N/A,0.01774090586774155
2022Q3,LA17,LA23,N/A,0.003049931052239025
2022Q3,LL74,LA23,N/A,0.002839820352720105
2022Q4,LA16,LA23,N/A,0.02811492282495909
2023Q1,LA16,LA23,N/A,0.0053069219662729575
2023Q2,LA16,LA23,N/A,0.015315956538366104
2023Q3,LA16,LA23,N/A,0.008084128462907934
