time_period_value,cardholder_location,merchant_location,cardholder_index_spend,merchant_index_spend
2022Q3,B11,GY8,0.0048369840991899895,N/A
2019Q4,BA2,GY8,0.001120386871538176,N/A
2021Q3,BA2,GY8,0.0011788489833547727,N/A
2021Q4,BA2,GY8,0.000449842249572571,N/A
2022Q3,BA2,GY8,0.0013450393866215205,N/A
2023Q2,BA2,GY8,0.00048092197225993476,N/A
2023Q3,BA2,GY8,0.0005395262892133829,N/A
2021Q3,BH12,GY8,0.0036752853358328844,N/A
2023Q3,BH15,GY8,0.001960323403189052,N/A
2019Q3,BH17,GY8,0.0036157862315637436,N/A
2022Q3,BH24,GY8,0.004297722101193373,N/A
2019Q3,BH8,GY8,0.0006741377923804968,N/A
2019Q4,BH8,GY8,0.0017295828126572532,N/A
2019Q1,BN1,GY8,0.0009918385863936273,N/A
2019Q4,BN1,GY8,0.0017763109531674511,N/A
2020Q3,BN1,GY8,0.0011783389650027972,N/A
2020Q4,BN1,GY8,0.0004049759674453576,N/A
2021Q3,BN1,GY8,0.0016119599336360687,N/A
2021Q4,BN1,GY8,0.0014077418022485429,N/A
2022Q1,BN1,GY8,0.0008252674275028422,N/A
2022Q3,BN1,GY8,0.0022847835734061983,N/A
2023Q2,BN1,GY8,0.0015405945946184046,N/A
2021Q3,BN11,GY8,0.0017035266276505222,N/A
2019Q4,BN2,GY8,0.0007960083197947638,N/A
2021Q3,BN2,GY8,0.0018918717491813934,N/A
2021Q4,BN2,GY8,0.0005122690931984712,N/A
2022Q1,BN2,GY8,0.0005193301759542637,N/A
2022Q2,BN2,GY8,0.0009757585652886908,N/A
2022Q4,BN2,GY8,0.0005047428096964146,N/A
2019Q3,BN3,GY8,0.0005615351955103021,N/A
2021Q3,BN3,GY8,0.0008697024354468308,N/A
2021Q4,BN3,GY8,0.0008359477859450598,N/A
2022Q2,BN3,GY8,0.0008793418005328081,N/A
2022Q3,BN3,GY8,0.0023226145780967035,N/A
2022Q4,BN3,GY8,0.002507202233202857,N/A
2022Q3,BN5,GY8,0.01358887227420255,N/A
2020Q3,BR1,GY8,0.003393274979873945,N/A
2021Q3,BR1,GY8,0.002824013822363213,N/A
2022Q1,BR1,GY8,0.0014600640093533367,N/A
2020Q3,BR2,GY8,0.0015910261536909345,N/A
2020Q4,BR2,GY8,0.0014827870606999199,N/A
2021Q1,BR2,GY8,0.0011505040040041786,N/A
2021Q2,BR2,GY8,0.0029473867504397067,N/A
2021Q4,BR2,GY8,0.0011164896161366756,N/A
2022Q1,BR2,GY8,0.0018861336340556493,N/A
2022Q2,BR2,GY8,0.002419320754903131,N/A
2020Q4,BR3,GY8,0.011067409966912849,N/A
2021Q3,BR3,GY8,0.007662111911072866,N/A
2020Q4,BR4,GY8,0.001977753499496913,N/A
2021Q1,BR4,GY8,0.0012993023706410847,N/A
2021Q2,BR4,GY8,0.002108404808172634,N/A
2021Q4,BR4,GY8,0.001613183126339362,N/A
2022Q1,BR4,GY8,0.0016668772088470256,N/A
2022Q2,BR4,GY8,0.002310004412919635,N/A
2020Q3,BR6,GY8,0.000412912259495258,N/A
2022Q2,BS1,GY8,0.0013970043530370274,N/A
2022Q2,BS16,GY8,0.0006676510609066157,N/A
2022Q4,BS16,GY8,0.0004785285333490624,N/A
2023Q3,BS2,GY8,0.002005192247908124,N/A
2019Q4,BS5,GY8,0.0015175892784802195,N/A
2021Q3,BS5,GY8,0.0007057705944835202,N/A
2022Q3,BS5,GY8,0.0011765555093843445,N/A
2023Q1,BS5,GY8,0.0014825624058709527,N/A
2019Q3,BS6,GY8,0.0006290134346242709,N/A
2021Q3,BS6,GY8,0.0011308018558275714,N/A
2022Q2,BS6,GY8,0.0003695434319136855,N/A
2022Q3,BS6,GY8,0.005461080102394468,N/A
2023Q3,BS6,GY8,0.0003811782718175761,N/A
2020Q1,CB1,GY8,0.0007222025154260501,N/A
2023Q1,CB1,GY8,0.0007130602384427492,N/A
2022Q3,CB4,GY8,0.0018674435979888933,N/A
2023Q1,CB8,GY8,0.0015061064270980196,N/A
2023Q3,CF24,GY8,0.00017244278809470413,N/A
2020Q1,CM1,GY8,0.000348879314410358,N/A
2019Q3,CM14,GY8,0.0004486274193590122,N/A
2020Q1,CM16,GY8,0.0019045296508326274,N/A
2019Q3,CM2,GY8,0.0010810896142070374,N/A
2019Q4,CM2,GY8,0.0004300160651264313,N/A
2019Q2,CM20,GY8,0.0015344251788484528,N/A
2019Q4,CM20,GY8,0.0009423953910296732,N/A
2020Q1,CM20,GY8,0.0006829281394379869,N/A
2019Q3,CM9,GY8,0.0013629193650780275,N/A
2021Q3,CO1,GY8,0.0003310251077086539,N/A
2019Q2,CR0,GY8,0.0006892115505371131,N/A
2020Q1,CR0,GY8,0.0023261884662368892,N/A
2020Q3,CR0,GY8,0.0015751121711360435,N/A
2020Q4,CR0,GY8,0.001292280522094386,N/A
2021Q3,CR0,GY8,0.002548660423091795,N/A
2021Q4,CR0,GY8,0.0019869212929861557,N/A
2022Q2,CR0,GY8,0.0033689376081122305,N/A
2019Q3,CR3,GY8,0.0008704181305893547,N/A
2020Q3,CR4,GY8,0.001382161194687191,N/A
2021Q3,CR4,GY8,0.0014327648615872774,N/A
2021Q4,CR4,GY8,0.0030809089665922787,N/A
2022Q2,CR4,GY8,0.008996220725479603,N/A
2020Q3,CR7,GY8,0.0010977709270211734,N/A
2021Q2,CR7,GY8,0.001885489158254241,N/A
2021Q4,CR7,GY8,0.0019795445785180943,N/A
2022Q1,CR7,GY8,0.0014215216489095765,N/A
2020Q3,CR8,GY8,0.0007088900587473631,N/A
2020Q4,CR8,GY8,0.0007856386459258687,N/A
2021Q3,CR8,GY8,0.001186900686225341,N/A
2021Q4,CR8,GY8,0.0009001464943048729,N/A
2022Q1,CR8,GY8,0.0007229426169631457,N/A
2022Q3,CR8,GY8,0.006001001478492637,N/A
2020Q1,CT1,GY8,0.00037207119896544673,N/A
2021Q3,CV1,GY8,0.0016818969777129026,N/A
2022Q3,CV1,GY8,0.0012420769345280161,N/A
2022Q2,DA1,GY8,0.004664143278921925,N/A
2021Q4,DA14,GY8,0.0015925173472708873,N/A
2022Q2,DA14,GY8,0.0028848095796364073,N/A
2021Q3,DA15,GY8,0.004278229214350059,N/A
2021Q4,DA16,GY8,0.0016324393724926425,N/A
2022Q2,DA5,GY8,0.004028867861774564,N/A
2020Q4,DH1,GY8,0.00036672350560349836,N/A
2021Q3,DH1,GY8,0.00048093728308945793,N/A
2022Q2,DH1,GY8,0.00030071730990814265,N/A
2022Q3,DH6,GY8,0.003440013119105345,N/A
2021Q3,DT4,GY8,0.003960382283216957,N/A
2021Q3,DT9,GY8,0.004322953319432952,N/A
2022Q3,DY10,GY8,0.0003111987028175437,N/A
2019Q2,E1,GY8,0.00185210410227948,N/A
2019Q3,E1,GY8,0.0034711311055467416,N/A
2019Q4,E1,GY8,0.004503910853338365,N/A
2019Q4,E10,GY8,0.010275123319921569,N/A
2020Q1,E10,GY8,0.013283963581427322,N/A
2020Q2,E10,GY8,0.014320468586939103,N/A
2020Q1,E11,GY8,0.05513595913924932,N/A
2020Q2,E11,GY8,0.06031265103943796,N/A
2019Q3,E12,GY8,0.02165056835196269,N/A
2019Q4,E12,GY8,0.03727755722518358,N/A
2019Q3,E13,GY8,0.01381067588974295,N/A
2019Q4,E13,GY8,0.017008878270748203,N/A
2019Q2,E14,GY8,0.0010131621454617377,N/A
2019Q3,E14,GY8,0.001171053552792586,N/A
2019Q4,E14,GY8,0.004571132132504448,N/A
2020Q1,E14,GY8,0.004020706566119896,N/A
2023Q2,E14,GY8,0.002364170235400385,N/A
2019Q2,E15,GY8,0.04952951696393069,N/A
2020Q1,E15,GY8,0.08585070773664855,N/A
2019Q1,E16,GY8,0.0021549603797967366,N/A
2019Q4,E16,GY8,0.0023111104892800925,N/A
2019Q3,E17,GY8,0.0009476797169572297,N/A
2019Q4,E17,GY8,0.0032027096006716532,N/A
2020Q2,E17,GY8,0.010898139029673305,N/A
2023Q2,E17,GY8,0.004301853558717793,N/A
2019Q3,E18,GY8,0.0009747335342006943,N/A
2019Q4,E18,GY8,0.0009799005887974773,N/A
2020Q1,E18,GY8,0.00635191501791946,N/A
2019Q3,E1W,GY8,0.0006970999640737673,N/A
2019Q4,E1W,GY8,0.0008849916736394939,N/A
2020Q1,E1W,GY8,0.003675183560690536,N/A
2023Q1,E1W,GY8,0.007693459555206581,N/A
2019Q1,E2,GY8,0.0030266140830467604,N/A
2019Q2,E2,GY8,0.0022800614054277434,N/A
2019Q3,E2,GY8,0.002307007011548577,N/A
2019Q4,E2,GY8,0.003921878839089352,N/A
2023Q3,E2,GY8,0.004106408123863277,N/A
2019Q2,E20,GY8,0.014803839236442571,N/A
2020Q2,E20,GY8,0.02151032627932358,N/A
2019Q2,E3,GY8,0.005740701445048038,N/A
2019Q3,E3,GY8,0.004461661291504576,N/A
2019Q4,E3,GY8,0.009291193788789322,N/A
2023Q3,E3,GY8,0.004402007390169464,N/A
2019Q3,E4,GY8,0.0008706591382789903,N/A
2019Q2,E5,GY8,0.00649069661042731,N/A
2019Q4,E5,GY8,0.006533422939366107,N/A
2023Q2,E5,GY8,0.002253882469822842,N/A
2023Q3,E5,GY8,0.0044124769919160105,N/A
2019Q3,E6,GY8,0.0026894593713211816,N/A
2019Q4,E6,GY8,0.005985806085783395,N/A
2020Q1,E7,GY8,0.3506928579577211,N/A
2019Q2,E8,GY8,0.005086540684623748,N/A
2020Q1,E8,GY8,0.005213005703090831,N/A
2019Q1,E9,GY8,0.007494903071616065,N/A
2019Q4,EC1R,GY8,0.0010800889521528133,N/A
2020Q1,EC1R,GY8,0.0022355435537696837,N/A
2019Q1,EC1V,GY8,0.0011436212180669849,N/A
2019Q3,EC1V,GY8,0.0014533031848390481,N/A
2020Q1,EC1V,GY8,0.001237250536373678,N/A
2019Q1,EC2A,GY8,0.0020014029275898294,N/A
2019Q4,EN1,GY8,0.0005309060276779269,N/A
2019Q4,EN3,GY8,0.0009098273868122672,N/A
2020Q1,EN3,GY8,0.004404045144238474,N/A
2023Q3,EN3,GY8,0.0018367628064479328,N/A
2022Q3,EN6,GY8,0.0015470645236666904,N/A
2023Q3,EN8,GY8,0.0006783272051660161,N/A
2019Q2,EN9,GY8,0.0005390409945251366,N/A
2023Q3,EN9,GY8,0.004302294272586364,N/A
2022Q3,EX1,GY8,0.0008388972014109344,N/A
2023Q3,EX1,GY8,0.00036928263362335183,N/A
2023Q2,EX2,GY8,0.0006554195428207001,N/A
2022Q3,GL5,GY8,0.002056207065296704,N/A
2023Q3,GL7,GY8,0.001254999326710753,N/A
2019Q3,GU1,GY8,0.002025626622451259,N/A
2021Q2,GU1,GY8,0.0007125221333363673,N/A
2022Q3,GU1,GY8,0.0005700433389374258,N/A
2021Q3,GU14,GY8,0.0011139222839553712,N/A
2022Q3,GU21,GY8,0.000761685547301441,N/A
2023Q3,GU21,GY8,0.0006349658601820848,N/A
2022Q3,GU22,GY8,0.002287696773252403,N/A
2021Q3,GU24,GY8,0.007701353295340978,N/A
2020Q4,GU28,GY8,0.0329860966327293,N/A
2019Q3,GU34,GY8,0.0027175617764577825,N/A
2020Q3,GU6,GY8,0.0571380572403792,N/A
2021Q3,GU6,GY8,0.12759932328544712,N/A
2021Q4,GU6,GY8,0.3097035789822993,N/A
2022Q1,GU6,GY8,0.13176512577488947,N/A
2022Q3,GU6,GY8,0.2709224812043597,N/A
2022Q4,GU6,GY8,0.07149221002137614,N/A
2023Q1,GU6,GY8,0.1994044780433185,N/A
2021Q4,GU7,GY8,0.0014947481394146026,N/A
2021Q4,GU8,GY8,0.017072632721085147,N/A
2021Q3,GU9,GY8,0.0011921055105513028,N/A
2021Q4,HA0,GY8,0.005596366560756888,N/A
2020Q1,HA1,GY8,0.0004243667107178078,N/A
2022Q3,HA1,GY8,0.00216666740437195,N/A
2022Q4,HA3,GY8,0.002999996908748265,N/A
2023Q1,HA3,GY8,0.0008080328079524639,N/A
2021Q4,HA5,GY8,0.001537888716215573,N/A
2022Q3,HA5,GY8,0.0007954282900260408,N/A
2023Q1,HA8,GY8,0.001381677140063276,N/A
2019Q4,HA9,GY8,0.00042565411645401817,N/A
2019Q4,IG1,GY8,0.006843217160443085,N/A
2023Q2,IG10,GY8,0.000705695834677325,N/A
2019Q3,IG11,GY8,0.0023735177580021948,N/A
2019Q4,IG11,GY8,0.0028623678124453764,N/A
2020Q1,IG11,GY8,0.015619605882049034,N/A
2019Q3,IG2,GY8,0.0018222470471261,N/A
2019Q4,IG2,GY8,0.008983858851334544,N/A
2019Q4,IG3,GY8,0.0096487037554842,N/A
2019Q3,IG6,GY8,0.0003332737716361088,N/A
2019Q4,IG6,GY8,0.0018548578806238285,N/A
2020Q1,IG8,GY8,0.010711581175459171,N/A
2019Q4,KT1,GY8,0.0015244061919698886,N/A
2021Q3,KT11,GY8,0.008067044180087279,N/A
2020Q3,KT17,GY8,0.0007700630447601454,N/A
2021Q3,KT17,GY8,0.002738593772817948,N/A
2022Q2,KT17,GY8,0.002979917877754075,N/A
2022Q3,KT17,GY8,0.003918545447463599,N/A
2022Q4,KT17,GY8,0.002669638852143256,N/A
2020Q1,KT19,GY8,0.0005304619753106988,N/A
2019Q3,KT2,GY8,0.0012554738702121994,N/A
2019Q4,KT2,GY8,0.0007814708596478763,N/A
2021Q3,KT2,GY8,0.0009820334951315998,N/A
2021Q4,KT2,GY8,0.0021179199960788273,N/A
2022Q3,KT2,GY8,0.0016725262615572315,N/A
2022Q4,KT2,GY8,0.0019353684032650832,N/A
2021Q3,KT22,GY8,0.0014309911410008234,N/A
2019Q3,KT3,GY8,0.0012830837516262027,N/A
2021Q4,KT3,GY8,0.0013846703630052608,N/A
2022Q3,KT3,GY8,0.0038037740747305275,N/A
2022Q2,KT4,GY8,0.003675333052956539,N/A
2019Q2,KT5,GY8,0.00083833466843068,N/A
2021Q4,KT6,GY8,0.0008331389861731488,N/A
2022Q2,KT6,GY8,0.0006824282372746988,N/A
2023Q1,KT6,GY8,0.0003875543421788855,N/A
2021Q3,L15,GY8,0.0020960709290283037,N/A
2022Q2,LE11,GY8,0.0003470806801498533,N/A
2022Q2,LE4,GY8,0.0004194252471017621,N/A
2021Q3,LS29,GY8,0.0016722145552457944,N/A
2022Q3,LS9,GY8,0.0006713264036641294,N/A
2023Q1,LU2,GY8,0.0009406515281177504,N/A
2023Q3,LU2,GY8,0.0009422052877416844,N/A
2022Q3,LU3,GY8,0.004569788360703642,N/A
2023Q1,LU3,GY8,0.004814110807308278,N/A
2023Q3,LU3,GY8,0.0016339125065992562,N/A
2021Q3,LU7,GY8,0.001051446476118965,N/A
2021Q4,M14,GY8,0.0029978862822906253,N/A
2022Q3,M14,GY8,0.0017894943673134594,N/A
2022Q4,M14,GY8,0.00242221759587252,N/A
2021Q4,M21,GY8,0.000930650257353126,N/A
2019Q3,ME19,GY8,0.0003992679646409748,N/A
2021Q4,MK17,GY8,0.0073606463230926405,N/A
2022Q2,MK43,GY8,0.009905015841842302,N/A
2021Q3,MK45,GY8,0.001957810190850581,N/A
2021Q4,MK45,GY8,0.003657746708437572,N/A
2022Q1,MK45,GY8,0.0011978665696629493,N/A
2019Q2,N1,GY8,0.0013105796009229948,N/A
2019Q3,N1,GY8,0.0016002925079026053,N/A
2019Q4,N1,GY8,0.001612528634757811,N/A
2020Q1,N1,GY8,0.0014886845646262556,N/A
2023Q2,N1,GY8,0.0009209403338421024,N/A
2023Q3,N1,GY8,0.0012535821548427847,N/A
2022Q3,N12,GY8,0.0020546551484416187,N/A
2019Q3,N15,GY8,0.0010492262932934784,N/A
2019Q4,N15,GY8,0.0015758848675485012,N/A
2023Q3,N15,GY8,0.0011578057099958035,N/A
2019Q2,N16,GY8,0.004634574858686076,N/A
2019Q3,N16,GY8,0.0007580605340285321,N/A
2023Q3,N16,GY8,0.0020353780734453236,N/A
2019Q2,N17,GY8,0.0009010262577351313,N/A
2019Q4,N17,GY8,0.0007395880818390218,N/A
2020Q1,N18,GY8,0.0011045069654172476,N/A
2019Q2,N19,GY8,0.0015990524616185517,N/A
2023Q1,N19,GY8,0.0015049949397367994,N/A
2022Q1,N2,GY8,0.008266009490685395,N/A
2020Q1,N22,GY8,0.0010763728656990774,N/A
2019Q2,N4,GY8,0.0005031265113584106,N/A
2019Q3,N4,GY8,0.00047702016964825734,N/A
2019Q4,N4,GY8,0.0007848203058113834,N/A
2020Q1,N4,GY8,0.0017227638568534426,N/A
2019Q1,N5,GY8,0.0016225501851129293,N/A
2019Q2,N5,GY8,0.002094591712323241,N/A
2019Q3,N5,GY8,0.0007336229079710184,N/A
2020Q1,N5,GY8,0.0016869496621022405,N/A
2023Q2,N5,GY8,0.0018116630029491067,N/A
2023Q3,N5,GY8,0.0011511725700365286,N/A
2019Q1,N7,GY8,0.0006361266952241461,N/A
2019Q2,N7,GY8,0.0019052629929329308,N/A
2019Q3,N7,GY8,0.0009181236813310179,N/A
2019Q4,N7,GY8,0.000477434704601261,N/A
2020Q1,N7,GY8,0.0007497007665790287,N/A
2019Q3,N8,GY8,0.0004313266599620917,N/A
2020Q1,N8,GY8,0.0006183719087653008,N/A
2023Q3,N8,GY8,0.0009109166861094577,N/A
2022Q1,NE11,GY8,0.0007317640330554312,N/A
2021Q3,NG2,GY8,0.0011350348987605153,N/A
2022Q2,NG2,GY8,0.0008631553402480902,N/A
2022Q3,NG2,GY8,0.001194100636744342,N/A
2022Q3,NG5,GY8,0.000918427941426956,N/A
2021Q4,NG7,GY8,0.00110047262162803,N/A
2022Q2,NG7,GY8,0.0005945628318606872,N/A
2022Q2,NN1,GY8,0.0008812181860367808,N/A
2021Q4,NN12,GY8,0.005795993727051184,N/A
2021Q4,NN8,GY8,0.00023745718066171733,N/A
2019Q1,NW1,GY8,0.0003956910829705838,N/A
2019Q2,NW1,GY8,0.0009886361221504514,N/A
2019Q3,NW1,GY8,0.0013420156134399748,N/A
2019Q4,NW1,GY8,0.0013360556125249672,N/A
2020Q1,NW1,GY8,0.0018262855544540469,N/A
2023Q3,NW1,GY8,0.0011545713772552438,N/A
2019Q2,NW10,GY8,0.0010312349814370543,N/A
2019Q3,NW10,GY8,0.0005291400905975102,N/A
2019Q4,NW10,GY8,0.000817263189450262,N/A
2023Q1,NW10,GY8,0.003402915557349809,N/A
2023Q1,NW11,GY8,0.003168829808452822,N/A
2019Q3,NW2,GY8,0.00020362361527700426,N/A
2020Q1,NW2,GY8,0.0004954664456354579,N/A
2022Q3,NW2,GY8,0.005580984806294154,N/A
2019Q2,NW3,GY8,0.0007674682782503222,N/A
2019Q3,NW3,GY8,0.00036728788154298016,N/A
2019Q4,NW3,GY8,0.0005083453458814432,N/A
2020Q1,NW3,GY8,0.0008029819379752048,N/A
2023Q1,NW3,GY8,0.001425603488555007,N/A
2023Q2,NW3,GY8,0.0008709322616365326,N/A
2019Q2,NW5,GY8,0.00036981633485124734,N/A
2019Q4,NW5,GY8,0.002890616102740262,N/A
2020Q1,NW5,GY8,0.0008905992192769402,N/A
2019Q1,NW6,GY8,0.0002613828273460919,N/A
2019Q2,NW6,GY8,0.0020184859631266422,N/A
2019Q3,NW6,GY8,0.000833632565430612,N/A
2022Q4,NW6,GY8,0.004390608882778234,N/A
2023Q1,NW6,GY8,0.0025846489266342643,N/A
2023Q3,NW6,GY8,0.0017887915347228726,N/A
2020Q1,NW8,GY8,0.00034868396516745585,N/A
2023Q3,NW8,GY8,0.0004000443531748381,N/A
2019Q3,NW9,GY8,0.00031315334889486915,N/A
2020Q1,NW9,GY8,0.0004306021188695665,N/A
2022Q4,OX1,GY8,0.0005828200149947727,N/A
2022Q3,OX17,GY8,0.01908361081889187,N/A
2022Q2,OX2,GY8,0.001137614697912076,N/A
2022Q3,OX2,GY8,0.003938630769197338,N/A
2019Q4,OX4,GY8,0.0002519362626666957,N/A
2020Q3,OX4,GY8,0.0005652879404645159,N/A
2021Q2,OX4,GY8,0.0005784230998127746,N/A
2021Q4,OX4,GY8,0.0007135834012104707,N/A
2022Q3,OX4,GY8,0.0015349581193773775,N/A
2023Q1,OX4,GY8,0.0005340980407109832,N/A
2023Q3,OX4,GY8,0.000267598353227863,N/A
2021Q3,PE3,GY8,0.0007051202035317466,N/A
2022Q3,PL4,GY8,0.0007626884820068466,N/A
2019Q3,PO1,GY8,0.0007185446824117954,N/A
2021Q3,PO1,GY8,0.0006427267621196812,N/A
2022Q4,PO1,GY8,0.00031618669996997547,N/A
2023Q1,PO1,GY8,0.0002264753503610756,N/A
2021Q2,PO19,GY8,0.003033736902625205,N/A
2021Q4,PO19,GY8,0.001983612948174878,N/A
2023Q3,PO19,GY8,0.0004913296659563644,N/A
2021Q3,PO2,GY8,0.0005748763045590827,N/A
2022Q4,PO2,GY8,0.0010586254573037956,N/A
2021Q3,PO6,GY8,0.000451448868967083,N/A
2020Q1,RG1,GY8,0.00017225144725181648,N/A
2021Q3,RG1,GY8,0.001173957379958022,N/A
2021Q4,RG1,GY8,0.0005463085296859893,N/A
2022Q2,RG1,GY8,0.0005047735375182934,N/A
2022Q4,RG1,GY8,0.0011351667876059596,N/A
2023Q3,RG1,GY8,0.0010970334674786494,N/A
2022Q4,RG21,GY8,0.0011212853456094812,N/A
2023Q2,RG21,GY8,0.0007252832473879223,N/A
2021Q3,RG27,GY8,0.001454495988987854,N/A
2022Q3,RG30,GY8,0.0009468357771913723,N/A
2022Q3,RG4,GY8,0.0012923333419064512,N/A
2019Q2,RH1,GY8,0.001655884349496717,N/A
2019Q3,RH1,GY8,0.0012218392075621707,N/A
2020Q1,RH1,GY8,0.0014343350436758075,N/A
2022Q2,RH1,GY8,0.0016829973582535762,N/A
2022Q3,RH1,GY8,0.0022482941107611005,N/A
2022Q4,RH1,GY8,0.0024534902906709678,N/A
2020Q3,RH10,GY8,0.0007034728451860848,N/A
2021Q3,RH10,GY8,0.0017805326067875337,N/A
2021Q4,RH10,GY8,0.004240447383362029,N/A
2022Q2,RH10,GY8,0.0009742068143151594,N/A
2022Q3,RH10,GY8,0.002242987037841492,N/A
2023Q1,RH10,GY8,0.004609204998683478,N/A
2023Q3,RH10,GY8,0.0016660949198828946,N/A
2019Q2,RH11,GY8,0.00175652794392221,N/A
2019Q3,RH11,GY8,0.002996051619076871,N/A
2019Q4,RH11,GY8,0.002658471042636609,N/A
2021Q2,RH11,GY8,0.002110742716855156,N/A
2021Q3,RH11,GY8,0.00729638746473302,N/A
2022Q2,RH11,GY8,0.01672766483488056,N/A
2022Q4,RH11,GY8,0.010468622348248994,N/A
2023Q1,RH11,GY8,0.006258586426410268,N/A
2023Q3,RH11,GY8,0.0036203980620367455,N/A
2019Q3,RH12,GY8,0.2921686523646182,N/A
2019Q4,RH12,GY8,0.2074350504187168,N/A
2020Q1,RH12,GY8,0.09253668021375763,N/A
2021Q3,RH12,GY8,0.038800246163557935,N/A
2022Q1,RH12,GY8,0.0026970839825880737,N/A
2022Q2,RH12,GY8,0.05527015794915073,N/A
2022Q4,RH12,GY8,0.046240910907022856,N/A
2019Q4,RH13,GY8,0.4212483595589457,N/A
2020Q1,RH13,GY8,0.159462951100051,N/A
2021Q4,RH13,GY8,0.03616409689744765,N/A
2022Q3,RH13,GY8,0.02048411434331153,N/A
2023Q1,RH13,GY8,0.016696145409721905,N/A
2019Q4,RH14,GY8,0.0703511627147318,N/A
2020Q3,RH14,GY8,0.15035110266568852,N/A
2021Q3,RH14,GY8,0.3335830537220937,N/A
2021Q4,RH14,GY8,0.4389695454450488,N/A
2022Q1,RH14,GY8,0.2475025900510158,N/A
2022Q4,RH14,GY8,0.6243301180920874,N/A
2023Q3,RH15,GY8,0.002156176640489493,N/A
2019Q4,RH16,GY8,0.0021436408223122023,N/A
2021Q3,RH16,GY8,0.0015969067654554132,N/A
2022Q3,RH17,GY8,0.039295504565903215,N/A
2022Q4,RH17,GY8,0.036575844346636514,N/A
2023Q2,RH17,GY8,0.024438965430786486,N/A
2019Q2,RH19,GY8,0.001814179096527843,N/A
2019Q3,RH19,GY8,0.0014801244733411902,N/A
2019Q4,RH19,GY8,0.0025931396967296947,N/A
2021Q3,RH19,GY8,0.0013089970354098776,N/A
2022Q2,RH19,GY8,0.0006490035030251634,N/A
2019Q4,RH2,GY8,0.009149377592876866,N/A
2020Q3,RH2,GY8,0.005158330373344287,N/A
2020Q4,RH2,GY8,0.0038699327492704174,N/A
2021Q3,RH2,GY8,0.0014667797133063676,N/A
2021Q4,RH2,GY8,0.008948640262638034,N/A
2022Q3,RH2,GY8,0.007496964485897655,N/A
2022Q4,RH2,GY8,0.001808581444072505,N/A
2023Q2,RH2,GY8,0.002292720975170107,N/A
2023Q1,RH3,GY8,0.570561560281739,N/A
2023Q2,RH3,GY8,0.16756727504118074,N/A
2021Q3,RH4,GY8,0.002207361277555528,N/A
2021Q4,RH4,GY8,0.014162184085266882,N/A
2022Q3,RH4,GY8,0.011925529520030821,N/A
2023Q1,RH4,GY8,0.01155728248009054,N/A
2023Q2,RH4,GY8,0.0029389331246700984,N/A
2023Q3,RH4,GY8,0.00351251330544211,N/A
2019Q4,RH5,GY8,1.4732059274499,N/A
2020Q1,RH5,GY8,0.9035421028804226,N/A
2021Q2,RH5,GY8,0.2931844235565004,N/A
2021Q4,RH5,GY8,1.627154582232316,N/A
2022Q1,RH5,GY8,1.0081894091236498,N/A
2022Q2,RH5,GY8,2.123670751844586,N/A
2022Q3,RH5,GY8,1.5959332109446562,N/A
2022Q4,RH5,GY8,2.766452565369128,N/A
2023Q1,RH5,GY8,1.1693059504455257,N/A
2020Q3,RH6,GY8,0.001166164211620675,N/A
2021Q3,RH6,GY8,0.0033876659330730322,N/A
2021Q4,RH6,GY8,0.008728933395974015,N/A
2022Q1,RH6,GY8,0.007760116411605137,N/A
2022Q4,RH6,GY8,0.0017645633482545706,N/A
2023Q1,RH6,GY8,0.007418499312947658,N/A
2019Q3,RH8,GY8,0.0006560781678695786,N/A
2019Q4,RM10,GY8,0.0005889989120594644,N/A
2019Q2,RM12,GY8,0.002116852851859908,N/A
2019Q3,RM13,GY8,0.00048457210927851984,N/A
2019Q4,RM13,GY8,0.001410525200840763,N/A
2019Q4,RM15,GY8,0.0006599707417935916,N/A
2020Q1,RM15,GY8,0.0005723595310031644,N/A
2019Q3,RM16,GY8,0.0017435124405600956,N/A
2019Q4,RM16,GY8,0.002051156170846276,N/A
2023Q1,RM16,GY8,0.0027808300840308337,N/A
2020Q1,RM17,GY8,0.0009546792147957523,N/A
2019Q3,RM7,GY8,0.0009492104836754909,N/A
2019Q4,RM7,GY8,0.002090956289017844,N/A
2020Q2,RM7,GY8,0.004674485261482817,N/A
2023Q3,RM7,GY8,0.001332654600716156,N/A
2019Q3,RM8,GY8,0.0015677378046621015,N/A
2019Q4,RM8,GY8,0.0014015978760569849,N/A
2019Q1,RM9,GY8,0.00028984234294934097,N/A
2019Q3,RM9,GY8,0.0011451354977925555,N/A
2019Q4,RM9,GY8,0.0017177845831117175,N/A
2021Q3,S6,GY8,0.0006566163402323724,N/A
2022Q3,SA1,GY8,0.0007033816706097986,N/A
2023Q1,SA1,GY8,0.00038208947647428484,N/A
2019Q1,SE1,GY8,0.0017511241480470511,N/A
2019Q2,SE1,GY8,0.0018241227970276273,N/A
2019Q3,SE1,GY8,0.0019440687284909453,N/A
2019Q4,SE1,GY8,0.004711638969384087,N/A
2020Q1,SE1,GY8,0.00212827329160311,N/A
2019Q2,SE10,GY8,0.003953057738839854,N/A
2019Q4,SE10,GY8,0.003801691045255779,N/A
2019Q2,SE11,GY8,0.00215802771544698,N/A
2019Q3,SE11,GY8,0.0019445146835285587,N/A
2019Q4,SE11,GY8,0.002450851517199996,N/A
2020Q1,SE11,GY8,0.0028369943145979013,N/A
2022Q4,SE11,GY8,0.005367640836598772,N/A
2020Q4,SE12,GY8,0.00681141791932575,N/A
2021Q3,SE12,GY8,0.003500211871793816,N/A
2021Q4,SE12,GY8,0.00494129936990545,N/A
2020Q3,SE13,GY8,0.005970006909041155,N/A
2021Q2,SE13,GY8,0.003379235099978559,N/A
2021Q3,SE13,GY8,0.0044179794062436965,N/A
2021Q4,SE13,GY8,0.004172044411962356,N/A
2022Q1,SE13,GY8,0.0042113849568368115,N/A
2019Q3,SE14,GY8,0.003975370687257225,N/A
2020Q1,SE14,GY8,0.0043220342885967634,N/A
2020Q3,SE14,GY8,0.003000692106493871,N/A
2020Q4,SE14,GY8,0.0024875782605746784,N/A
2021Q2,SE14,GY8,0.0032034269195486704,N/A
2021Q3,SE14,GY8,0.002065968257453722,N/A
2022Q2,SE14,GY8,0.004316195392520303,N/A
2020Q1,SE15,GY8,0.007008956394427372,N/A
2020Q3,SE15,GY8,0.0056855122746458184,N/A
2020Q4,SE15,GY8,0.003981001875902286,N/A
2021Q2,SE15,GY8,0.004633335100475661,N/A
2021Q3,SE15,GY8,0.010022560497995776,N/A
2021Q4,SE15,GY8,0.010156667330912464,N/A
2022Q1,SE15,GY8,0.0057171306830137315,N/A
2022Q2,SE15,GY8,0.013853748112790021,N/A
2019Q3,SE16,GY8,0.0018296891094692984,N/A
2019Q4,SE16,GY8,0.003306169265653459,N/A
2020Q1,SE16,GY8,0.0016747203832832493,N/A
2019Q3,SE17,GY8,0.0018539778715277921,N/A
2019Q4,SE17,GY8,0.002881632573361193,N/A
2020Q2,SE18,GY8,0.0007618788748069048,N/A
2019Q3,SE19,GY8,0.0047825941150003454,N/A
2020Q3,SE19,GY8,0.012331878713403868,N/A
2021Q3,SE19,GY8,0.010414859986812585,N/A
2022Q1,SE19,GY8,0.009294378433336857,N/A
2020Q3,SE20,GY8,0.005900214073263646,N/A
2021Q3,SE20,GY8,0.007492051009063864,N/A
2020Q3,SE21,GY8,0.015458333967992875,N/A
2021Q2,SE21,GY8,0.011802484415945428,N/A
2021Q3,SE21,GY8,0.03714690274742605,N/A
2022Q1,SE21,GY8,0.010948133152293886,N/A
2020Q4,SE24,GY8,0.005456110499261107,N/A
2021Q1,SE24,GY8,0.005817712600099288,N/A
2021Q2,SE24,GY8,0.0029334007204695994,N/A
2021Q3,SE24,GY8,0.01122587585947025,N/A
2021Q4,SE24,GY8,0.010760673472440864,N/A
2022Q1,SE24,GY8,0.004448248100760753,N/A
2022Q2,SE24,GY8,0.0079283044360255,N/A
2020Q3,SE25,GY8,0.00553672669991215,N/A
2020Q4,SE25,GY8,0.004100117815175075,N/A
2021Q3,SE25,GY8,0.00534720162206652,N/A
2020Q3,SE26,GY8,0.045041865314712826,N/A
2019Q3,SE27,GY8,0.011195553302051058,N/A
2020Q3,SE4,GY8,0.027498503409025363,N/A
2020Q4,SE4,GY8,0.021177769142891014,N/A
2021Q1,SE4,GY8,0.013700156653201805,N/A
2021Q2,SE4,GY8,0.0332648896267838,N/A
2021Q3,SE4,GY8,0.029324707450916636,N/A
2022Q1,SE4,GY8,0.022900001226944168,N/A
2020Q3,SE5,GY8,0.004094444472257699,N/A
2021Q1,SE5,GY8,0.001992717431709014,N/A
2021Q2,SE5,GY8,0.004041573326825925,N/A
2021Q3,SE5,GY8,0.003723801901239257,N/A
2022Q1,SE5,GY8,0.002468095695628667,N/A
2022Q2,SE5,GY8,0.005260513954402185,N/A
2019Q2,SE6,GY8,0.027939875316448433,N/A
2020Q3,SE6,GY8,0.025630819978424216,N/A
2020Q4,SE6,GY8,0.01864524654122111,N/A
2021Q2,SE6,GY8,0.02067736855816813,N/A
2021Q3,SE6,GY8,0.023645811761775788,N/A
2019Q3,SE8,GY8,0.0023423379917781703,N/A
2021Q4,SE9,GY8,0.0009420760858990894,N/A
2020Q1,SG1,GY8,0.00031342425237040704,N/A
2022Q2,SG1,GY8,0.0005291396317087632,N/A
2022Q3,SG5,GY8,0.0020014484990848323,N/A
2022Q4,SG5,GY8,0.0017352111375312596,N/A
2019Q3,SK7,GY8,0.005961513232796877,N/A
2021Q3,SK7,GY8,0.0032109603015341693,N/A
2022Q1,SK7,GY8,0.0018165213138866898,N/A
2023Q1,SK7,GY8,0.006507148015331308,N/A
2020Q1,SK8,GY8,0.00027453694382633596,N/A
2021Q4,SK8,GY8,0.02067828848671857,N/A
2022Q2,SK8,GY8,0.004620502116932377,N/A
2022Q4,SK8,GY8,0.010600533669480884,N/A
2023Q2,SK8,GY8,0.002737494906099977,N/A
2021Q4,SK9,GY8,0.011135734138601748,N/A
2022Q4,SK9,GY8,0.013612623296962459,N/A
2023Q1,SK9,GY8,0.012097850664929204,N/A
2023Q2,SK9,GY8,0.008038202053617022,N/A
2023Q3,SL1,GY8,0.0004226039551186844,N/A
2022Q3,SL2,GY8,0.0030579577121165142,N/A
2019Q4,SL4,GY8,0.0007675776309598168,N/A
2021Q3,SL4,GY8,0.0015209452309745154,N/A
2019Q3,SL6,GY8,0.001475828118566783,N/A
2019Q4,SL6,GY8,0.0006504644056697772,N/A
2022Q2,SL6,GY8,0.0011644153060355017,N/A
2022Q3,SL6,GY8,0.003655266356148794,N/A
2022Q4,SL6,GY8,0.0019939925535441337,N/A
2023Q2,SL6,GY8,0.0004814715710677736,N/A
2023Q3,SL6,GY8,0.0010505119284241928,N/A
2020Q3,SM1,GY8,0.0006466027361818541,N/A
2022Q1,SM1,GY8,0.0004808641670352085,N/A
2022Q2,SM1,GY8,0.0009461178486988092,N/A
2022Q4,SM1,GY8,0.002899474476436861,N/A
2022Q3,SM3,GY8,0.0016886848332843564,N/A
2021Q4,SM4,GY8,0.0019968125366271426,N/A
2022Q2,SM4,GY8,0.00274116770158439,N/A
2020Q3,SM5,GY8,0.0014881286162931467,N/A
2022Q2,SM5,GY8,0.002332105645656409,N/A
2021Q3,SM6,GY8,0.0027507357934081107,N/A
2022Q3,SM7,GY8,0.008286776094193652,N/A
2022Q3,SN8,GY8,0.004495869341846127,N/A
2022Q3,SO14,GY8,0.008253484912280694,N/A
2022Q4,SO14,GY8,0.0030217744828756467,N/A
2023Q1,SO14,GY8,0.014708016112855696,N/A
2020Q1,SO15,GY8,0.008192315037713041,N/A
2022Q3,SO15,GY8,0.010865539711129857,N/A
2022Q4,SO15,GY8,0.014445760935891144,N/A
2023Q1,SO15,GY8,0.03401967615122256,N/A
2021Q4,SO16,GY8,0.001233894664438243,N/A
2022Q2,SO16,GY8,0.0013193591636008165,N/A
2023Q1,SO16,GY8,0.0016474098240944882,N/A
2019Q3,SO17,GY8,0.003458222255057833,N/A
2021Q4,SO17,GY8,0.0008666887371827361,N/A
2019Q3,SO18,GY8,0.00263868013483306,N/A
2019Q4,SO18,GY8,0.003343701970793191,N/A
2021Q3,SO18,GY8,0.005023694361427175,N/A
2022Q4,SO18,GY8,0.0021070732126290373,N/A
2023Q1,SO18,GY8,0.005786183186004336,N/A
2023Q3,SO18,GY8,0.0034346888842703856,N/A
2019Q3,SO19,GY8,0.0016052629242049607,N/A
2022Q4,SO19,GY8,0.006086848238606854,N/A
2023Q3,SO19,GY8,0.0021643633652417447,N/A
2021Q3,SO21,GY8,0.016569278873535362,N/A
2019Q3,SO22,GY8,0.0008197063096234814,N/A
2019Q4,SO22,GY8,0.0008503043840495053,N/A
2020Q4,SO22,GY8,0.0017045006284426715,N/A
2021Q3,SO22,GY8,0.0025355134633748924,N/A
2022Q3,SO22,GY8,0.0010847889697550763,N/A
2023Q1,SO22,GY8,0.001190540209438001,N/A
2023Q1,SO23,GY8,0.0008239540464683227,N/A
2023Q2,SO23,GY8,0.003157675565737632,N/A
2022Q2,SO30,GY8,0.0009373597923928732,N/A
2023Q3,SO30,GY8,0.001803532876823186,N/A
2021Q4,SO31,GY8,0.0022701171032157358,N/A
2022Q2,SO31,GY8,0.003771763203417368,N/A
2022Q3,SO31,GY8,0.013085517456481021,N/A
2022Q4,SO31,GY8,0.005097306599103511,N/A
2022Q2,SO32,GY8,0.01696171518140477,N/A
2019Q2,SO40,GY8,0.0016570286649371991,N/A
2019Q3,SO40,GY8,0.0019189272852502602,N/A
2019Q4,SO40,GY8,0.004066052612605219,N/A
2021Q4,SO40,GY8,0.00364214314685666,N/A
2022Q3,SO40,GY8,0.002560293888380884,N/A
2023Q2,SO40,GY8,0.002025254324875544,N/A
2019Q2,SO50,GY8,0.0025430792000498037,N/A
2022Q3,SO50,GY8,0.0006436182214634881,N/A
2023Q1,SO50,GY8,0.003126086636420769,N/A
2023Q1,SO51,GY8,0.011317629387281114,N/A
2023Q2,SO51,GY8,0.010634868034383745,N/A
2022Q3,SO53,GY8,0.002600505074366342,N/A
2023Q1,SP1,GY8,0.0012335639160397113,N/A
2019Q4,SS14,GY8,0.00041134856944600486,N/A
2019Q3,SS9,GY8,0.0005929135769694516,N/A
2022Q3,SS9,GY8,0.0007255929345878614,N/A
2019Q2,SW10,GY8,0.0011637124463891473,N/A
2021Q3,SW10,GY8,0.009649954274918895,N/A
2021Q4,SW10,GY8,0.006766799727531067,N/A
2022Q3,SW10,GY8,0.01201157450693358,N/A
2023Q1,SW10,GY8,0.005126678996596927,N/A
2019Q1,SW11,GY8,0.0008716287582332562,N/A
2019Q2,SW11,GY8,0.0015780573167492127,N/A
2019Q3,SW11,GY8,0.002241675797125085,N/A
2019Q4,SW11,GY8,0.003497303172624326,N/A
2020Q1,SW11,GY8,0.003818285354868106,N/A
2020Q3,SW11,GY8,0.001868216242732132,N/A
2021Q4,SW11,GY8,0.0034550690846264893,N/A
2022Q1,SW11,GY8,0.001326847778223199,N/A
2022Q2,SW11,GY8,0.005687591308680168,N/A
2022Q3,SW11,GY8,0.007964091158459568,N/A
2023Q1,SW11,GY8,0.007908811672104863,N/A
2021Q4,SW12,GY8,0.0022275314944726183,N/A
2022Q1,SW12,GY8,0.0014399367157578056,N/A
2022Q2,SW12,GY8,0.0039048507486748414,N/A
2021Q3,SW13,GY8,0.002159047186566155,N/A
2022Q4,SW13,GY8,0.007939783346775333,N/A
2021Q4,SW14,GY8,0.004308082564506091,N/A
2022Q2,SW14,GY8,0.0009821642149365141,N/A
2019Q3,SW15,GY8,0.010983299536666912,N/A
2021Q4,SW15,GY8,0.009811824347176135,N/A
2022Q2,SW15,GY8,0.013096390860569131,N/A
2022Q3,SW15,GY8,0.0106307237437717,N/A
2020Q3,SW16,GY8,0.003482564432687179,N/A
2021Q2,SW16,GY8,0.0031112282089037,N/A
2021Q3,SW16,GY8,0.0012577230994470045,N/A
2021Q4,SW16,GY8,0.003963589747918428,N/A
2022Q2,SW16,GY8,0.005064567439275707,N/A
2019Q2,SW17,GY8,0.000723609480480566,N/A
2020Q3,SW17,GY8,0.0015838028935975892,N/A
2021Q4,SW17,GY8,0.002927305932767141,N/A
2022Q2,SW17,GY8,0.004992858197061725,N/A
2019Q2,SW18,GY8,0.0006435157966479262,N/A
2019Q3,SW18,GY8,0.0019842644445991053,N/A
2020Q1,SW18,GY8,0.0016456162658176395,N/A
2020Q4,SW18,GY8,0.000763108833870426,N/A
2021Q4,SW18,GY8,0.001622270605722504,N/A
2022Q2,SW18,GY8,0.0009504444694589328,N/A
2022Q4,SW18,GY8,0.0037861190453010703,N/A
2020Q2,SW19,GY8,0.00016454584897729468,N/A
2020Q3,SW19,GY8,0.002388248144884479,N/A
2021Q2,SW19,GY8,0.0008601083519668152,N/A
2021Q3,SW19,GY8,0.0026164688681323558,N/A
2021Q4,SW19,GY8,0.0017803687003031285,N/A
2022Q2,SW19,GY8,0.0011549320557926704,N/A
2020Q1,SW1P,GY8,0.0010054808361618082,N/A
2020Q4,SW1P,GY8,0.011709819235619388,N/A
2022Q3,SW1P,GY8,0.014639679117485873,N/A
2019Q1,SW1V,GY8,0.002967978763212376,N/A
2019Q2,SW1V,GY8,0.008283508690919617,N/A
2019Q3,SW1V,GY8,0.008549426407547479,N/A
2019Q4,SW1V,GY8,0.006543863596973914,N/A
2020Q1,SW1V,GY8,0.00593699314153642,N/A
2020Q3,SW1V,GY8,0.004646240125084663,N/A
2021Q3,SW1V,GY8,0.005658695116982707,N/A
2021Q4,SW1V,GY8,0.005001526718508062,N/A
2022Q3,SW1V,GY8,0.008030583236601772,N/A
2023Q1,SW1V,GY8,0.004750342980514389,N/A
2023Q2,SW1V,GY8,0.007812868696080643,N/A
2019Q2,SW2,GY8,0.0014109323440434582,N/A
2020Q3,SW2,GY8,0.001840173023218021,N/A
2021Q1,SW2,GY8,0.0005517158406673642,N/A
2021Q2,SW2,GY8,0.0011404619865502672,N/A
2021Q3,SW2,GY8,0.0019651056695152566,N/A
2021Q4,SW2,GY8,0.0014144190318856474,N/A
2022Q2,SW2,GY8,0.0034495525162554744,N/A
2022Q4,SW20,GY8,0.00671043919490931,N/A
2019Q2,SW3,GY8,0.0037493908642397353,N/A
2019Q3,SW3,GY8,0.006316724001824044,N/A
2019Q4,SW3,GY8,0.005604979426161264,N/A
2020Q4,SW3,GY8,0.00028913484988409667,N/A
2021Q3,SW3,GY8,0.002688895817950093,N/A
2023Q1,SW3,GY8,0.004063424752790303,N/A
2019Q2,SW4,GY8,0.0006855185730444718,N/A
2020Q3,SW4,GY8,0.00048723621465916837,N/A
2021Q3,SW4,GY8,0.001467350662630976,N/A
2021Q4,SW4,GY8,0.0004839627793083339,N/A
2022Q2,SW4,GY8,0.005170497589825207,N/A
2019Q3,SW5,GY8,0.0030224759185913577,N/A
2020Q3,SW5,GY8,0.0022251489642932387,N/A
2021Q3,SW5,GY8,0.002864180632358006,N/A
2022Q1,SW5,GY8,0.0022169067178691867,N/A
2022Q2,SW5,GY8,0.004577059263099238,N/A
2022Q3,SW5,GY8,0.006492719233317924,N/A
2022Q4,SW5,GY8,0.007341964980938976,N/A
2023Q2,SW5,GY8,0.00313164888796708,N/A
2019Q1,SW6,GY8,0.0014536398800199144,N/A
2019Q3,SW6,GY8,0.0019706350111007216,N/A
2020Q4,SW6,GY8,0.001913643126614169,N/A
2021Q3,SW6,GY8,0.0015059824265615108,N/A
2021Q4,SW6,GY8,0.005459916270463832,N/A
2022Q4,SW6,GY8,0.0041927092178375095,N/A
2023Q1,SW6,GY8,0.007546091078962785,N/A
2020Q1,SW7,GY8,0.0014969956595869448,N/A
2020Q3,SW7,GY8,0.0020892767644748113,N/A
2022Q4,SW7,GY8,0.00488547404803406,N/A
2023Q1,SW7,GY8,0.003332250025392992,N/A
2019Q2,SW8,GY8,0.002257104415551393,N/A
2019Q3,SW8,GY8,0.0011064761521263186,N/A
2019Q4,SW8,GY8,0.0028812449042680635,N/A
2021Q4,SW8,GY8,0.0038917122156537256,N/A
2022Q2,SW8,GY8,0.0014152586499494323,N/A
2022Q3,SW8,GY8,0.004957141350431221,N/A
2022Q4,SW8,GY8,0.003700840264025597,N/A
2023Q1,SW8,GY8,0.004518476259686381,N/A
2023Q2,SW8,GY8,0.00366827828950252,N/A
2019Q3,SW9,GY8,0.0018438756757145648,N/A
2019Q4,SW9,GY8,0.002375196194359441,N/A
2021Q4,SW9,GY8,0.0010579363424409213,N/A
2022Q2,SW9,GY8,0.0038462156856785023,N/A
2023Q1,SW9,GY8,0.00485668566885002,N/A
2019Q3,TA1,GY8,0.0013827531693097062,N/A
2021Q3,TA6,GY8,0.0008496342468903357,N/A
2022Q2,TN13,GY8,0.0010518011046273383,N/A
2019Q4,TN34,GY8,0.0004845373313150245,N/A
2022Q3,TN34,GY8,0.0009530232052878684,N/A
2019Q4,TN4,GY8,0.0015559012227936762,N/A
2022Q2,TN4,GY8,0.0005747733970014601,N/A
2022Q3,TN4,GY8,0.0009090573068873394,N/A
2019Q3,TQ2,GY8,0.0008856311354168705,N/A
2021Q3,TR1,GY8,0.0009860709781850609,N/A
2019Q3,TW1,GY8,0.0022699484015859,N/A
2019Q4,TW1,GY8,0.0006778078052767643,N/A
2021Q3,TW1,GY8,0.0015689666092501442,N/A
2022Q3,TW1,GY8,0.0022440686949567776,N/A
2022Q4,TW1,GY8,0.0026769587732187326,N/A
2019Q3,TW10,GY8,0.002603748890577773,N/A
2020Q1,TW10,GY8,0.0019050848277817087,N/A
2021Q3,TW10,GY8,0.002737151364269129,N/A
2022Q1,TW10,GY8,0.0015166221427635235,N/A
2022Q3,TW10,GY8,0.006353311276116961,N/A
2022Q4,TW10,GY8,0.007532955520220481,N/A
2023Q1,TW10,GY8,0.0023305175781833513,N/A
2019Q4,TW11,GY8,0.0007330933218809782,N/A
2022Q3,TW11,GY8,0.002432800019868295,N/A
2022Q4,TW11,GY8,0.0029615872964220704,N/A
2021Q4,TW12,GY8,0.004544817054808675,N/A
2022Q2,TW14,GY8,0.0006760336494558804,N/A
2021Q3,TW17,GY8,0.01646042542543006,N/A
2020Q1,TW3,GY8,0.000643843626765756,N/A
2019Q3,TW7,GY8,0.0005263675752004651,N/A
2022Q2,TW7,GY8,0.0014810750527475814,N/A
2022Q3,TW7,GY8,0.0049578338085605215,N/A
2019Q4,TW9,GY8,0.0026941252954110874,N/A
2023Q2,TW9,GY8,0.00105985727483102,N/A
2021Q2,UB1,GY8,0.004948738535819349,N/A
2022Q3,UB3,GY8,0.0011494651678318464,N/A
2019Q4,UB4,GY8,0.0004103178493801047,N/A
2023Q1,UB4,GY8,0.0037254451876362923,N/A
2020Q1,UB6,GY8,0.001141333248886618,N/A
2023Q1,UB7,GY8,0.0017953943149605727,N/A
2019Q3,UNKNOWN,GY8,0.0210580892095603,N/A
2019Q4,UNKNOWN,GY8,0.019933273449899758,N/A
2020Q1,UNKNOWN,GY8,0.018665847136669564,N/A
2020Q2,UNKNOWN,GY8,0.01989865926964176,N/A
2020Q3,UNKNOWN,GY8,0.03235137172278558,N/A
2020Q4,UNKNOWN,GY8,0.03169673152876947,N/A
2021Q1,UNKNOWN,GY8,0.02020792705249272,N/A
2021Q2,UNKNOWN,GY8,0.0298457285300364,N/A
2021Q3,UNKNOWN,GY8,0.02906751954340765,N/A
2021Q4,UNKNOWN,GY8,0.02545644453445984,N/A
2022Q1,UNKNOWN,GY8,0.024069531954776468,N/A
2022Q2,UNKNOWN,GY8,0.0251201177118333,N/A
2022Q3,UNKNOWN,GY8,0.025759833348734475,N/A
2022Q4,UNKNOWN,GY8,0.023596471596143625,N/A
2023Q1,UNKNOWN,GY8,0.023034765703376044,N/A
2023Q2,UNKNOWN,GY8,0.012853679608953537,N/A
2023Q3,UNKNOWN,GY8,0.007253840636648938,N/A
2023Q3,W10,GY8,0.0016892612633436855,N/A
2019Q4,W11,GY8,0.0010872679525449954,N/A
2023Q1,W11,GY8,0.003582746260942402,N/A
2023Q1,W12,GY8,0.0019318328735010906,N/A
2019Q4,W13,GY8,0.00029364381431495667,N/A
2019Q3,W14,GY8,0.0008625379254056237,N/A
2019Q4,W14,GY8,0.0011540601069875824,N/A
2022Q2,W14,GY8,0.004493720348098908,N/A
2022Q3,W14,GY8,0.009513091361366816,N/A
2022Q4,W14,GY8,0.00553170427845306,N/A
2019Q2,W2,GY8,0.0005778638220982225,N/A
2019Q3,W2,GY8,0.005296343561370465,N/A
2019Q4,W2,GY8,0.0067725683177576575,N/A
2020Q1,W2,GY8,0.002575035975129959,N/A
2023Q1,W2,GY8,0.0039604826352239424,N/A
2023Q2,W2,GY8,0.003337770110790385,N/A
2023Q3,W2,GY8,0.0048911742605538475,N/A
2019Q3,W3,GY8,0.0004324938249544872,N/A
2020Q1,W3,GY8,0.00038643727185357367,N/A
2021Q3,W3,GY8,0.0008537499412150719,N/A
2022Q3,W4,GY8,0.0049589555047845684,N/A
2023Q1,W4,GY8,0.001650359156686779,N/A
2023Q2,W4,GY8,0.0017262164322214676,N/A
2019Q4,W5,GY8,0.0003805467535816293,N/A
2020Q1,W5,GY8,0.00027509875177002854,N/A
2022Q4,W5,GY8,0.003380154890438457,N/A
2019Q2,W6,GY8,0.0005239383153256581,N/A
2019Q4,W6,GY8,0.00046383616584527444,N/A
2020Q1,W6,GY8,0.001034773158684514,N/A
2020Q3,W6,GY8,0.0009910837763870382,N/A
2021Q3,W6,GY8,0.0010867023517978488,N/A
2023Q1,W7,GY8,0.001641136533395461,N/A
2019Q1,W8,GY8,0.0010822535883400722,N/A
2020Q1,W8,GY8,0.0007849580429732447,N/A
2022Q4,W8,GY8,0.004063082782158317,N/A
2023Q1,W8,GY8,0.0016224270923440767,N/A
2023Q1,W9,GY8,0.001954595828115017,N/A
2022Q4,WD3,GY8,0.002096498627004794,N/A
2020Q1,WD6,GY8,0.00067758037986176,N/A
2022Q4,WD6,GY8,0.0015027158492788375,N/A
